,hour,SegmentOffer,SegmentDispatch,SegmentEmissions,Commitment,Startup,Shutdown,MaxDual,MinDual,DMaxDual,DMinDual,RampMaxDual,RampMinDual,StartShutDual,Zone,LMP,MarginalCost,Profit,PreviousOffer,AvailableSegmentCapacity
301_CT_1-0,1,87.255791,0.000000,0.000000,1.000000,0.000000,0.000000,0.000000,0.000000,0.000000,87.255791,0.000000,0.000000,0.000000,301,0.000000,87.255791,-0.0,87.255791,8.000000
301_CT_1-1,1,87.255791,0.000000,0.000000,1.000000,0.000000,0.000000,0.000000,0.000000,0.000000,87.255791,0.000000,0.000000,0.000000,301,0.000000,87.255791,-0.0,87.255791,4.000000
301_CT_1-2,1,99.695770,0.000000,0.000000,1.000000,0.000000,0.000000,0.000000,12.439979,0.000000,87.255791,0.000000,0.000000,0.000000,301,0.000000,99.695770,-0.0,99.695770,4.000000
301_CT_1-3,1,105.367241,0.000000,0.000000,1.000000,0.000000,0.000000,0.000000,18.111450,0.000000,87.255791,0.000000,0.000000,0.000000,301,0.000000,105.367241,-0.0,105.367241,4.000000
301_CT_2-0,1,87.255791,0.000000,0.000000,1.000000,0.000000,0.000000,0.000000,0.000000,0.000000,87.255791,0.000000,0.000000,0.000000,301,0.000000,87.255791,-0.0,87.255791,8.000000
301_CT_2-1,1,87.255791,0.000000,0.000000,1.000000,0.000000,0.000000,0.000000,0.000000,0.000000,87.255791,0.000000,0.000000,0.000000,301,0.000000,87.255791,-0.0,87.255791,4.000000
301_CT_2-2,1,99.695770,0.000000,0.000000,1.000000,0.000000,0.000000,0.000000,12.439979,0.000000,87.255791,0.000000,0.000000,0.000000,301,0.000000,99.695770,-0.0,99.695770,4.000000
301_CT_2-3,1,105.367241,0.000000,0.000000,1.000000,0.000000,0.000000,0.000000,18.111450,0.000000,87.255791,0.000000,0.000000,0.000000,301,0.000000,105.367241,-0.0,105.367241,4.000000
301_CT_3-0,1,28.469999,0.000000,0.000000,1.000000,0.000000,0.000000,0.000000,0.000000,0.000000,28.469999,0.000000,0.000000,0.000000,301,0.000000,28.469999,-0.0,28.469999,22.000000
301_CT_3-1,1,28.469999,0.000000,0.000000,1.000000,0.000000,0.000000,0.000000,0.000000,0.000000,28.469999,0.000000,0.000000,0.000000,301,0.000000,28.469999,-0.0,28.469999,11.000000
301_CT_3-2,1,29.286315,0.000000,0.000000,1.000000,0.000000,0.000000,0.000000,0.816316,0.000000,28.469999,0.000000,0.000000,0.000000,301,0.000000,29.286315,-0.0,29.286315,11.000000
301_CT_3-3,1,43.742887,0.000000,0.000000,1.000000,0.000000,0.000000,0.000000,15.272887,0.000000,28.469999,0.000000,0.000000,0.000000,301,0.000000,43.742887,-0.0,43.742887,11.000000
301_CT_4-0,1,28.469999,0.000000,0.000000,1.000000,0.000000,0.000000,0.000000,0.000000,0.000000,28.469999,0.000000,0.000000,0.000000,301,0.000000,28.469999,-0.0,28.469999,22.000000
301_CT_4-1,1,28.469999,0.000000,0.000000,1.000000,0.000000,0.000000,0.000000,0.000000,0.000000,28.469999,0.000000,0.000000,0.000000,301,0.000000,28.469999,-0.0,28.469999,11.000000
301_CT_4-2,1,29.286315,0.000000,0.000000,1.000000,0.000000,0.000000,0.000000,0.816316,0.000000,28.469999,0.000000,0.000000,0.000000,301,0.000000,29.286315,-0.0,29.286315,11.000000
301_CT_4-3,1,43.742887,0.000000,0.000000,1.000000,0.000000,0.000000,0.000000,15.272887,0.000000,28.469999,0.000000,0.000000,0.000000,301,0.000000,43.742887,-0.0,43.742887,11.000000
302_CT_1-0,1,87.255791,0.000000,0.000000,1.000000,0.000000,0.000000,0.000000,0.000000,0.000000,87.255791,0.000000,0.000000,0.000000,302,0.000000,87.255791,-0.0,87.255791,8.000000
302_CT_1-1,1,87.255791,0.000000,0.000000,1.000000,0.000000,0.000000,0.000000,0.000000,0.000000,87.255791,0.000000,0.000000,0.000000,302,0.000000,87.255791,-0.0,87.255791,4.000000
302_CT_1-2,1,99.695770,0.000000,0.000000,1.000000,0.000000,0.000000,0.000000,12.439979,0.000000,87.255791,0.000000,0.000000,0.000000,302,0.000000,99.695770,-0.0,99.695770,4.000000
302_CT_1-3,1,105.367241,0.000000,0.000000,1.000000,0.000000,0.000000,0.000000,18.111450,0.000000,87.255791,0.000000,0.000000,0.000000,302,0.000000,105.367241,-0.0,105.367241,4.000000
302_CT_2-0,1,87.255791,0.000000,0.000000,1.000000,0.000000,0.000000,0.000000,0.000000,0.000000,87.255791,0.000000,0.000000,0.000000,302,0.000000,87.255791,-0.0,87.255791,8.000000
302_CT_2-1,1,87.255791,0.000000,0.000000,1.000000,0.000000,0.000000,0.000000,0.000000,0.000000,87.255791,0.000000,0.000000,0.000000,302,0.000000,87.255791,-0.0,87.255791,4.000000
302_CT_2-2,1,99.695770,0.000000,0.000000,1.000000,0.000000,0.000000,0.000000,12.439979,0.000000,87.255791,0.000000,0.000000,0.000000,302,0.000000,99.695770,-0.0,99.695770,4.000000
302_CT_2-3,1,105.367241,0.000000,0.000000,1.000000,0.000000,0.000000,0.000000,18.111450,0.000000,87.255791,0.000000,0.000000,0.000000,302,0.000000,105.367241,-0.0,105.367241,4.000000
302_CT_3-0,1,33.791603,0.000000,0.000000,1.000000,0.000000,0.000000,0.000000,0.000000,0.000000,33.791603,0.000000,0.000000,0.000000,302,0.000000,33.791603,-0.0,33.791603,22.000000
302_CT_3-1,1,33.791603,0.000000,0.000000,1.000000,0.000000,0.000000,0.000000,0.000000,0.000000,33.791603,0.000000,0.000000,0.000000,302,0.000000,33.791603,-0.0,33.791603,11.000000
302_CT_3-2,1,38.382410,0.000000,0.000000,1.000000,0.000000,0.000000,0.000000,4.590807,0.000000,33.791603,0.000000,0.000000,0.000000,302,0.000000,38.382410,-0.0,38.382410,11.000000
302_CT_3-3,1,38.635080,0.000000,0.000000,1.000000,0.000000,0.000000,0.000000,4.843476,0.000000,33.791603,0.000000,0.000000,0.000000,302,0.000000,38.635080,-0.0,38.635080,11.000000
302_CT_4-0,1,33.791603,0.000000,0.000000,1.000000,0.000000,0.000000,0.000000,0.000000,0.000000,33.791603,0.000000,0.000000,0.000000,302,0.000000,33.791603,-0.0,33.791603,22.000000
302_CT_4-1,1,33.791603,0.000000,0.000000,1.000000,0.000000,0.000000,0.000000,0.000000,0.000000,33.791603,0.000000,0.000000,0.000000,302,0.000000,33.791603,-0.0,33.791603,11.000000
302_CT_4-2,1,38.382410,0.000000,0.000000,1.000000,0.000000,0.000000,0.000000,4.590807,0.000000,33.791603,0.000000,0.000000,0.000000,302,0.000000,38.382410,-0.0,38.382410,11.000000
302_CT_4-3,1,38.635080,0.000000,0.000000,1.000000,0.000000,0.000000,0.000000,4.843476,0.000000,33.791603,0.000000,0.000000,0.000000,302,0.000000,38.635080,-0.0,38.635080,11.000000
307_CT_1-0,1,27.894691,0.000000,0.000000,1.000000,0.000000,0.000000,0.000000,0.000000,0.000000,27.894691,0.000000,0.000000,0.000000,307,0.000000,27.894691,-0.0,27.894691,22.000000
307_CT_1-1,1,27.894691,0.000000,0.000000,1.000000,0.000000,0.000000,0.000000,0.000000,0.000000,27.894691,0.000000,0.000000,0.000000,307,0.000000,27.894691,-0.0,27.894691,11.000000
307_CT_1-2,1,29.220233,0.000000,0.000000,1.000000,0.000000,0.000000,0.000000,1.325542,0.000000,27.894691,0.000000,0.000000,0.000000,307,0.000000,29.220233,-0.0,29.220233,11.000000
307_CT_1-3,1,35.474770,0.000000,0.000000,1.000000,0.000000,0.000000,0.000000,7.580079,0.000000,27.894691,0.000000,0.000000,0.000000,307,0.000000,35.474770,-0.0,35.474770,11.000000
307_CT_2-0,1,27.894691,0.000000,0.000000,1.000000,0.000000,0.000000,0.000000,0.000000,0.000000,27.894691,0.000000,0.000000,0.000000,307,0.000000,27.894691,-0.0,27.894691,22.000000
307_CT_2-1,1,27.894691,0.000000,0.000000,1.000000,0.000000,0.000000,0.000000,0.000000,0.000000,27.894691,0.000000,0.000000,0.000000,307,0.000000,27.894691,-0.0,27.894691,11.000000
307_CT_2-2,1,29.220233,0.000000,0.000000,1.000000,0.000000,0.000000,0.000000,1.325542,0.000000,27.894691,0.000000,0.000000,0.000000,307,0.000000,29.220233,-0.0,29.220233,11.000000
307_CT_2-3,1,35.474770,0.000000,0.000000,1.000000,0.000000,0.000000,0.000000,7.580079,0.000000,27.894691,0.000000,0.000000,0.000000,307,0.000000,35.474770,-0.0,35.474770,11.000000
313_CC_1-0,1,15.731579,0.000000,0.000000,1.000000,0.000000,0.000000,0.000000,0.000000,0.000000,15.731579,0.000000,0.000000,0.000000,313,0.000000,15.731579,-0.0,15.731579,170.000000
313_CC_1-1,1,15.731579,0.000000,0.000000,1.000000,0.000000,0.000000,0.000000,0.000000,0.000000,15.731579,0.000000,0.000000,0.000000,313,0.000000,15.731579,-0.0,15.731579,61.666667
313_CC_1-2,1,26.755735,0.000000,0.000000,1.000000,0.000000,0.000000,0.000000,11.024156,0.000000,15.731579,0.000000,0.000000,0.000000,313,0.000000,26.755735,-0.0,26.755735,61.666667
313_CC_1-3,1,33.752731,0.000000,0.000000,1.000000,0.000000,0.000000,0.000000,18.021152,0.000000,15.731579,0.000000,0.000000,0.000000,313,0.000000,33.752731,-0.0,33.752731,61.666667
315_STEAM_1-0,1,75.436777,0.000000,0.000000,1.000000,0.000000,0.000000,0.000000,75.436777,0.000000,0.000000,0.000000,0.000000,0.000000,315,0.000000,75.436777,-0.0,75.436777,5.000000
315_STEAM_1-1,1,75.436777,0.000000,0.000000,1.000000,0.000000,0.000000,0.000000,75.436777,0.000000,0.000000,0.000000,0.000000,0.000000,315,0.000000,75.436777,-0.0,75.436777,2.333333
315_STEAM_1-2,1,100.399529,0.000000,0.000000,1.000000,0.000000,0.000000,0.000000,100.399529,0.000000,0.000000,0.000000,0.000000,0.000000,315,0.000000,100.399529,-0.0,100.399529,2.333333
315_STEAM_1-3,1,124.099655,0.000000,0.000000,1.000000,0.000000,0.000000,0.000000,124.099655,0.000000,0.000000,0.000000,0.000000,0.000000,315,0.000000,124.099655,-0.0,124.099655,2.333333
315_STEAM_2-0,1,75.436777,0.000000,0.000000,1.000000,0.000000,0.000000,0.000000,75.436777,0.000000,0.000000,0.000000,0.000000,0.000000,315,0.000000,75.436777,-0.0,75.436777,5.000000
315_STEAM_2-1,1,75.436777,0.000000,0.000000,1.000000,0.000000,0.000000,0.000000,75.436777,0.000000,0.000000,0.000000,0.000000,0.000000,315,0.000000,75.436777,-0.0,75.436777,2.333333
315_STEAM_2-2,1,100.399529,0.000000,0.000000,1.000000,0.000000,0.000000,0.000000,100.399529,0.000000,0.000000,0.000000,0.000000,0.000000,315,0.000000,100.399529,-0.0,100.399529,2.333333
315_STEAM_2-3,1,124.099655,0.000000,0.000000,1.000000,0.000000,0.000000,0.000000,124.099655,0.000000,0.000000,0.000000,0.000000,0.000000,315,0.000000,124.099655,-0.0,124.099655,2.333333
315_STEAM_3-0,1,75.436777,0.000000,0.000000,1.000000,0.000000,0.000000,0.000000,75.436777,0.000000,0.000000,0.000000,0.000000,0.000000,315,0.000000,75.436777,-0.0,75.436777,5.000000
315_STEAM_3-1,1,75.436777,0.000000,0.000000,1.000000,0.000000,0.000000,0.000000,75.436777,0.000000,0.000000,0.000000,0.000000,0.000000,315,0.000000,75.436777,-0.0,75.436777,2.333333
315_STEAM_3-2,1,100.399529,0.000000,0.000000,1.000000,0.000000,0.000000,0.000000,100.399529,0.000000,0.000000,0.000000,0.000000,0.000000,315,0.000000,100.399529,-0.0,100.399529,2.333333
315_STEAM_3-3,1,124.099655,0.000000,0.000000,1.000000,0.000000,0.000000,0.000000,124.099655,0.000000,0.000000,0.000000,0.000000,0.000000,315,0.000000,124.099655,-0.0,124.099655,2.333333
315_STEAM_4-0,1,75.436777,0.000000,0.000000,1.000000,0.000000,0.000000,0.000000,75.436777,0.000000,0.000000,0.000000,0.000000,0.000000,315,0.000000,75.436777,-0.0,75.436777,5.000000
315_STEAM_4-1,1,75.436777,0.000000,0.000000,1.000000,0.000000,0.000000,0.000000,75.436777,0.000000,0.000000,0.000000,0.000000,0.000000,315,0.000000,75.436777,-0.0,75.436777,2.333333
315_STEAM_4-2,1,100.399529,0.000000,0.000000,1.000000,0.000000,0.000000,0.000000,100.399529,0.000000,0.000000,0.000000,0.000000,0.000000,315,0.000000,100.399529,-0.0,100.399529,2.333333
315_STEAM_4-3,1,124.099655,0.000000,0.000000,1.000000,0.000000,0.000000,0.000000,124.099655,0.000000,0.000000,0.000000,0.000000,0.000000,315,0.000000,124.099655,-0.0,124.099655,2.333333
315_STEAM_5-0,1,75.436777,0.000000,0.000000,1.000000,0.000000,0.000000,0.000000,75.436777,0.000000,0.000000,0.000000,0.000000,0.000000,315,0.000000,75.436777,-0.0,75.436777,5.000000
315_STEAM_5-1,1,75.436777,0.000000,0.000000,1.000000,0.000000,0.000000,0.000000,75.436777,0.000000,0.000000,0.000000,0.000000,0.000000,315,0.000000,75.436777,-0.0,75.436777,2.333333
315_STEAM_5-2,1,100.399529,0.000000,0.000000,1.000000,0.000000,0.000000,0.000000,100.399529,0.000000,0.000000,0.000000,0.000000,0.000000,315,0.000000,100.399529,-0.0,100.399529,2.333333
315_STEAM_5-3,1,124.099655,0.000000,0.000000,1.000000,0.000000,0.000000,0.000000,124.099655,0.000000,0.000000,0.000000,0.000000,0.000000,315,0.000000,124.099655,-0.0,124.099655,2.333333
315_CT_6-0,1,26.401998,0.000000,0.000000,1.000000,0.000000,0.000000,0.000000,26.401998,0.000000,0.000000,0.000000,0.000000,0.000000,315,0.000000,26.401998,-0.0,26.401998,22.000000
315_CT_6-1,1,26.401998,0.000000,0.000000,1.000000,0.000000,0.000000,0.000000,26.401998,0.000000,0.000000,0.000000,0.000000,0.000000,315,0.000000,26.401998,-0.0,26.401998,11.000000
315_CT_6-2,1,26.895675,0.000000,0.000000,1.000000,0.000000,0.000000,0.000000,26.895675,0.000000,0.000000,0.000000,0.000000,0.000000,315,0.000000,26.895675,-0.0,26.895675,11.000000
315_CT_6-3,1,31.855768,0.000000,0.000000,1.000000,0.000000,0.000000,0.000000,31.855768,0.000000,0.000000,0.000000,0.000000,0.000000,315,0.000000,31.855768,-0.0,31.855768,11.000000
315_CT_7-0,1,26.401998,0.000000,0.000000,1.000000,0.000000,0.000000,0.000000,26.401998,0.000000,0.000000,0.000000,0.000000,0.000000,315,0.000000,26.401998,-0.0,26.401998,22.000000
315_CT_7-1,1,26.401998,0.000000,0.000000,1.000000,0.000000,0.000000,0.000000,26.401998,0.000000,0.000000,0.000000,0.000000,0.000000,315,0.000000,26.401998,-0.0,26.401998,11.000000
315_CT_7-2,1,26.895675,0.000000,0.000000,1.000000,0.000000,0.000000,0.000000,26.895675,0.000000,0.000000,0.000000,0.000000,0.000000,315,0.000000,26.895675,-0.0,26.895675,11.000000
315_CT_7-3,1,31.855768,0.000000,0.000000,1.000000,0.000000,0.000000,0.000000,31.855768,0.000000,0.000000,0.000000,0.000000,0.000000,315,0.000000,31.855768,-0.0,31.855768,11.000000
315_CT_8-0,1,26.401998,0.000000,0.000000,1.000000,0.000000,0.000000,0.000000,26.401998,0.000000,0.000000,0.000000,0.000000,0.000000,315,0.000000,26.401998,-0.0,26.401998,22.000000
315_CT_8-1,1,26.401998,0.000000,0.000000,1.000000,0.000000,0.000000,0.000000,26.401998,0.000000,0.000000,0.000000,0.000000,0.000000,315,0.000000,26.401998,-0.0,26.401998,11.000000
315_CT_8-2,1,26.895675,0.000000,0.000000,1.000000,0.000000,0.000000,0.000000,26.895675,0.000000,0.000000,0.000000,0.000000,0.000000,315,0.000000,26.895675,-0.0,26.895675,11.000000
315_CT_8-3,1,31.855768,0.000000,0.000000,1.000000,0.000000,0.000000,0.000000,31.855768,0.000000,0.000000,0.000000,0.000000,0.000000,315,0.000000,31.855768,-0.0,31.855768,11.000000
316_STEAM_1-0,1,21.116646,0.000000,0.000000,1.000000,0.000000,0.000000,0.000000,21.116646,0.000000,0.000000,0.000000,0.000000,0.000000,316,0.000000,21.116646,-0.0,21.116646,62.000000
316_STEAM_1-1,1,21.116646,0.000000,0.000000,1.000000,0.000000,0.000000,0.000000,21.116646,0.000000,0.000000,0.000000,0.000000,0.000000,316,0.000000,21.116646,-0.0,21.116646,31.000000
316_STEAM_1-2,1,21.287879,0.000000,0.000000,1.000000,0.000000,0.000000,0.000000,21.287879,0.000000,0.000000,0.000000,0.000000,0.000000,316,0.000000,21.287879,-0.0,21.287879,31.000000
316_STEAM_1-3,1,27.274699,0.000000,0.000000,1.000000,0.000000,0.000000,0.000000,27.274699,0.000000,0.000000,0.000000,0.000000,0.000000,316,0.000000,27.274699,-0.0,27.274699,31.000000
318_CC_1-0,1,26.845141,0.000000,0.000000,1.000000,0.000000,0.000000,0.000000,26.845141,0.000000,0.000000,0.000000,0.000000,0.000000,318,0.000000,26.845141,-0.0,26.845141,170.000000
318_CC_1-1,1,26.845141,0.000000,0.000000,1.000000,0.000000,0.000000,0.000000,26.845141,0.000000,0.000000,0.000000,0.000000,0.000000,318,0.000000,26.845141,-0.0,26.845141,61.666667
318_CC_1-2,1,27.276623,0.000000,0.000000,1.000000,0.000000,0.000000,0.000000,27.276623,0.000000,0.000000,0.000000,0.000000,0.000000,318,0.000000,27.276623,-0.0,27.276623,61.666667
318_CC_1-3,1,31.529241,0.000000,0.000000,1.000000,0.000000,0.000000,0.000000,31.529241,0.000000,0.000000,0.000000,0.000000,0.000000,318,0.000000,31.529241,-0.0,31.529241,61.666667
321_CC_1-0,1,22.732463,0.000000,0.000000,1.000000,0.000000,0.000000,0.000000,22.732463,0.000000,0.000000,0.000000,0.000000,0.000000,321,0.000000,22.732463,-0.0,22.732463,170.000000
321_CC_1-1,1,22.732463,0.000000,0.000000,1.000000,0.000000,0.000000,0.000000,22.732463,0.000000,0.000000,0.000000,0.000000,0.000000,321,0.000000,22.732463,-0.0,22.732463,61.666667
321_CC_1-2,1,25.908321,0.000000,0.000000,1.000000,0.000000,0.000000,0.000000,25.908321,0.000000,0.000000,0.000000,0.000000,0.000000,321,0.000000,25.908321,-0.0,25.908321,61.666667
321_CC_1-3,1,33.947092,0.000000,0.000000,1.000000,0.000000,0.000000,0.000000,33.947092,0.000000,0.000000,0.000000,0.000000,0.000000,321,0.000000,33.947092,-0.0,33.947092,61.666667
322_CT_5-0,1,23.334982,0.000000,0.000000,1.000000,0.000000,0.000000,0.000000,23.334982,0.000000,0.000000,0.000000,0.000000,0.000000,322,0.000000,23.334982,-0.0,23.334982,22.000000
322_CT_5-1,1,23.334982,0.000000,0.000000,1.000000,0.000000,0.000000,0.000000,23.334982,0.000000,0.000000,0.000000,0.000000,0.000000,322,0.000000,23.334982,-0.0,23.334982,11.000000
322_CT_5-2,1,26.499179,0.000000,0.000000,1.000000,0.000000,0.000000,0.000000,26.499179,0.000000,0.000000,0.000000,0.000000,0.000000,322,0.000000,26.499179,-0.0,26.499179,11.000000
322_CT_5-3,1,27.894691,0.000000,0.000000,1.000000,0.000000,0.000000,0.000000,27.894691,0.000000,0.000000,0.000000,0.000000,0.000000,322,0.000000,27.894691,-0.0,27.894691,11.000000
322_CT_6-0,1,23.334982,0.000000,0.000000,1.000000,0.000000,0.000000,0.000000,23.334982,0.000000,0.000000,0.000000,0.000000,0.000000,322,0.000000,23.334982,-0.0,23.334982,22.000000
322_CT_6-1,1,23.334982,0.000000,0.000000,1.000000,0.000000,0.000000,0.000000,23.334982,0.000000,0.000000,0.000000,0.000000,0.000000,322,0.000000,23.334982,-0.0,23.334982,11.000000
322_CT_6-2,1,26.499179,0.000000,0.000000,1.000000,0.000000,0.000000,0.000000,26.499179,0.000000,0.000000,0.000000,0.000000,0.000000,322,0.000000,26.499179,-0.0,26.499179,11.000000
322_CT_6-3,1,27.894691,0.000000,0.000000,1.000000,0.000000,0.000000,0.000000,27.894691,0.000000,0.000000,0.000000,0.000000,0.000000,322,0.000000,27.894691,-0.0,27.894691,11.000000
323_CC_1-0,1,26.429209,0.000000,0.000000,1.000000,0.000000,0.000000,0.000000,0.000000,0.000000,26.429209,0.000000,0.000000,0.000000,323,0.000000,26.429209,-0.0,26.429209,170.000000
323_CC_1-1,1,26.429209,0.000000,0.000000,1.000000,0.000000,0.000000,0.000000,0.000000,0.000000,26.429209,0.000000,0.000000,0.000000,323,0.000000,26.429209,-0.0,26.429209,61.666667
323_CC_1-2,1,30.277557,0.000000,0.000000,1.000000,0.000000,0.000000,0.000000,3.848348,0.000000,26.429209,0.000000,0.000000,0.000000,323,0.000000,30.277557,-0.0,30.277557,61.666667
323_CC_1-3,1,31.727490,0.000000,0.000000,1.000000,0.000000,0.000000,0.000000,5.298281,0.000000,26.429209,0.000000,0.000000,0.000000,323,0.000000,31.727490,-0.0,31.727490,61.666667
323_CC_2-0,1,26.429209,0.000000,0.000000,1.000000,0.000000,0.000000,0.000000,0.000000,0.000000,26.429209,0.000000,0.000000,0.000000,323,0.000000,26.429209,-0.0,26.429209,170.000000
323_CC_2-1,1,26.429209,0.000000,0.000000,1.000000,0.000000,0.000000,0.000000,0.000000,0.000000,26.429209,0.000000,0.000000,0.000000,323,0.000000,26.429209,-0.0,26.429209,61.666667
323_CC_2-2,1,30.277557,0.000000,0.000000,1.000000,0.000000,0.000000,0.000000,3.848348,0.000000,26.429209,0.000000,0.000000,0.000000,323,0.000000,30.277557,-0.0,30.277557,61.666667
323_CC_2-3,1,31.727490,0.000000,0.000000,1.000000,0.000000,0.000000,0.000000,5.298281,0.000000,26.429209,0.000000,0.000000,0.000000,323,0.000000,31.727490,-0.0,31.727490,61.666667
322_HYDRO_1-0,1,0.000000,0.000000,0.000000,1.000000,0.000000,0.000000,0.000000,0.000000,0.000000,0.000000,0.000000,0.000000,0.000000,322,0.000000,0.000000,0.0,0.000000,24.541667
322_HYDRO_1-1,1,0.000000,0.000000,0.000000,1.000000,0.000000,0.000000,0.000000,0.000000,0.000000,0.000000,0.000000,0.000000,0.000000,322,0.000000,0.000000,0.0,0.000000,0.000000
322_HYDRO_1-2,1,0.000000,0.000000,0.000000,1.000000,0.000000,0.000000,0.000000,0.000000,0.000000,0.000000,0.000000,0.000000,0.000000,322,0.000000,0.000000,0.0,0.000000,0.000000
322_HYDRO_1-3,1,0.000000,0.000000,0.000000,1.000000,0.000000,0.000000,0.000000,0.000000,0.000000,0.000000,0.000000,0.000000,0.000000,322,0.000000,0.000000,0.0,0.000000,0.000000
322_HYDRO_2-0,1,0.000000,0.000000,0.000000,1.000000,0.000000,0.000000,0.000000,0.000000,0.000000,0.000000,0.000000,0.000000,0.000000,322,0.000000,0.000000,0.0,0.000000,24.541667
322_HYDRO_2-1,1,0.000000,0.000000,0.000000,1.000000,0.000000,0.000000,0.000000,0.000000,0.000000,0.000000,0.000000,0.000000,0.000000,322,0.000000,0.000000,0.0,0.000000,0.000000
322_HYDRO_2-2,1,0.000000,0.000000,0.000000,1.000000,0.000000,0.000000,0.000000,0.000000,0.000000,0.000000,0.000000,0.000000,0.000000,322,0.000000,0.000000,0.0,0.000000,0.000000
322_HYDRO_2-3,1,0.000000,0.000000,0.000000,1.000000,0.000000,0.000000,0.000000,0.000000,0.000000,0.000000,0.000000,0.000000,0.000000,322,0.000000,0.000000,0.0,0.000000,0.000000
322_HYDRO_3-0,1,0.000000,0.000000,0.000000,1.000000,0.000000,0.000000,0.000000,0.000000,0.000000,0.000000,0.000000,0.000000,0.000000,322,0.000000,0.000000,0.0,0.000000,24.541667
322_HYDRO_3-1,1,0.000000,0.000000,0.000000,1.000000,0.000000,0.000000,0.000000,0.000000,0.000000,0.000000,0.000000,0.000000,0.000000,322,0.000000,0.000000,0.0,0.000000,0.000000
322_HYDRO_3-2,1,0.000000,0.000000,0.000000,1.000000,0.000000,0.000000,0.000000,0.000000,0.000000,0.000000,0.000000,0.000000,0.000000,322,0.000000,0.000000,0.0,0.000000,0.000000
322_HYDRO_3-3,1,0.000000,0.000000,0.000000,1.000000,0.000000,0.000000,0.000000,0.000000,0.000000,0.000000,0.000000,0.000000,0.000000,322,0.000000,0.000000,0.0,0.000000,0.000000
322_HYDRO_4-0,1,0.000000,0.000000,0.000000,1.000000,0.000000,0.000000,0.000000,0.000000,0.000000,0.000000,0.000000,0.000000,0.000000,322,0.000000,0.000000,0.0,0.000000,24.541667
322_HYDRO_4-1,1,0.000000,0.000000,0.000000,1.000000,0.000000,0.000000,0.000000,0.000000,0.000000,0.000000,0.000000,0.000000,0.000000,322,0.000000,0.000000,0.0,0.000000,0.000000
322_HYDRO_4-2,1,0.000000,0.000000,0.000000,1.000000,0.000000,0.000000,0.000000,0.000000,0.000000,0.000000,0.000000,0.000000,0.000000,322,0.000000,0.000000,0.0,0.000000,0.000000
322_HYDRO_4-3,1,0.000000,0.000000,0.000000,1.000000,0.000000,0.000000,0.000000,0.000000,0.000000,0.000000,0.000000,0.000000,0.000000,322,0.000000,0.000000,0.0,0.000000,0.000000
301_CT_1-0,2,87.255791,0.000000,0.000000,1.000000,0.000000,0.000000,0.000000,0.000000,0.000000,87.255791,0.000000,0.000000,0.000000,301,0.000000,87.255791,-0.0,87.255791,8.000000
301_CT_1-1,2,87.255791,0.000000,0.000000,1.000000,0.000000,0.000000,0.000000,0.000000,0.000000,87.255791,0.000000,0.000000,0.000000,301,0.000000,87.255791,-0.0,87.255791,4.000000
301_CT_1-2,2,99.695770,0.000000,0.000000,1.000000,0.000000,0.000000,0.000000,12.439979,0.000000,87.255791,0.000000,0.000000,0.000000,301,0.000000,99.695770,-0.0,99.695770,4.000000
301_CT_1-3,2,105.367241,0.000000,0.000000,1.000000,0.000000,0.000000,0.000000,18.111450,0.000000,87.255791,0.000000,0.000000,0.000000,301,0.000000,105.367241,-0.0,105.367241,4.000000
301_CT_2-0,2,87.255791,0.000000,0.000000,1.000000,0.000000,0.000000,0.000000,0.000000,0.000000,87.255791,0.000000,0.000000,0.000000,301,0.000000,87.255791,-0.0,87.255791,8.000000
301_CT_2-1,2,87.255791,0.000000,0.000000,1.000000,0.000000,0.000000,0.000000,0.000000,0.000000,87.255791,0.000000,0.000000,0.000000,301,0.000000,87.255791,-0.0,87.255791,4.000000
301_CT_2-2,2,99.695770,0.000000,0.000000,1.000000,0.000000,0.000000,0.000000,12.439979,0.000000,87.255791,0.000000,0.000000,0.000000,301,0.000000,99.695770,-0.0,99.695770,4.000000
301_CT_2-3,2,105.367241,0.000000,0.000000,1.000000,0.000000,0.000000,0.000000,18.111450,0.000000,87.255791,0.000000,0.000000,0.000000,301,0.000000,105.367241,-0.0,105.367241,4.000000
301_CT_3-0,2,28.469999,0.000000,0.000000,1.000000,0.000000,0.000000,0.000000,0.000000,0.000000,28.469999,0.000000,0.000000,0.000000,301,0.000000,28.469999,-0.0,28.469999,22.000000
301_CT_3-1,2,28.469999,0.000000,0.000000,1.000000,0.000000,0.000000,0.000000,0.000000,0.000000,28.469999,0.000000,0.000000,0.000000,301,0.000000,28.469999,-0.0,28.469999,11.000000
301_CT_3-2,2,29.286315,0.000000,0.000000,1.000000,0.000000,0.000000,0.000000,0.816316,0.000000,28.469999,0.000000,0.000000,0.000000,301,0.000000,29.286315,-0.0,29.286315,11.000000
301_CT_3-3,2,43.742887,0.000000,0.000000,1.000000,0.000000,0.000000,0.000000,15.272887,0.000000,28.469999,0.000000,0.000000,0.000000,301,0.000000,43.742887,-0.0,43.742887,11.000000
301_CT_4-0,2,28.469999,0.000000,0.000000,1.000000,0.000000,0.000000,0.000000,0.000000,0.000000,28.469999,0.000000,0.000000,0.000000,301,0.000000,28.469999,-0.0,28.469999,22.000000
301_CT_4-1,2,28.469999,0.000000,0.000000,1.000000,0.000000,0.000000,0.000000,0.000000,0.000000,28.469999,0.000000,0.000000,0.000000,301,0.000000,28.469999,-0.0,28.469999,11.000000
301_CT_4-2,2,29.286315,0.000000,0.000000,1.000000,0.000000,0.000000,0.000000,0.816316,0.000000,28.469999,0.000000,0.000000,0.000000,301,0.000000,29.286315,-0.0,29.286315,11.000000
301_CT_4-3,2,43.742887,0.000000,0.000000,1.000000,0.000000,0.000000,0.000000,15.272887,0.000000,28.469999,0.000000,0.000000,0.000000,301,0.000000,43.742887,-0.0,43.742887,11.000000
302_CT_1-0,2,87.255791,0.000000,0.000000,1.000000,0.000000,0.000000,0.000000,0.000000,0.000000,87.255791,0.000000,0.000000,0.000000,302,0.000000,87.255791,-0.0,87.255791,8.000000
302_CT_1-1,2,87.255791,0.000000,0.000000,1.000000,0.000000,0.000000,0.000000,0.000000,0.000000,87.255791,0.000000,0.000000,0.000000,302,0.000000,87.255791,-0.0,87.255791,4.000000
302_CT_1-2,2,99.695770,0.000000,0.000000,1.000000,0.000000,0.000000,0.000000,12.439979,0.000000,87.255791,0.000000,0.000000,0.000000,302,0.000000,99.695770,-0.0,99.695770,4.000000
302_CT_1-3,2,105.367241,0.000000,0.000000,1.000000,0.000000,0.000000,0.000000,18.111450,0.000000,87.255791,0.000000,0.000000,0.000000,302,0.000000,105.367241,-0.0,105.367241,4.000000
302_CT_2-0,2,87.255791,0.000000,0.000000,1.000000,0.000000,0.000000,0.000000,0.000000,0.000000,87.255791,0.000000,0.000000,0.000000,302,0.000000,87.255791,-0.0,87.255791,8.000000
302_CT_2-1,2,87.255791,0.000000,0.000000,1.000000,0.000000,0.000000,0.000000,0.000000,0.000000,87.255791,0.000000,0.000000,0.000000,302,0.000000,87.255791,-0.0,87.255791,4.000000
302_CT_2-2,2,99.695770,0.000000,0.000000,1.000000,0.000000,0.000000,0.000000,12.439979,0.000000,87.255791,0.000000,0.000000,0.000000,302,0.000000,99.695770,-0.0,99.695770,4.000000
302_CT_2-3,2,105.367241,0.000000,0.000000,1.000000,0.000000,0.000000,0.000000,18.111450,0.000000,87.255791,0.000000,0.000000,0.000000,302,0.000000,105.367241,-0.0,105.367241,4.000000
302_CT_3-0,2,33.791603,0.000000,0.000000,1.000000,0.000000,0.000000,0.000000,0.000000,0.000000,33.791603,0.000000,0.000000,0.000000,302,0.000000,33.791603,-0.0,33.791603,22.000000
302_CT_3-1,2,33.791603,0.000000,0.000000,1.000000,0.000000,0.000000,0.000000,0.000000,0.000000,33.791603,0.000000,0.000000,0.000000,302,0.000000,33.791603,-0.0,33.791603,11.000000
302_CT_3-2,2,38.382410,0.000000,0.000000,1.000000,0.000000,0.000000,0.000000,4.590807,0.000000,33.791603,0.000000,0.000000,0.000000,302,0.000000,38.382410,-0.0,38.382410,11.000000
302_CT_3-3,2,38.635080,0.000000,0.000000,1.000000,0.000000,0.000000,0.000000,4.843476,0.000000,33.791603,0.000000,0.000000,0.000000,302,0.000000,38.635080,-0.0,38.635080,11.000000
302_CT_4-0,2,33.791603,0.000000,0.000000,1.000000,0.000000,0.000000,0.000000,0.000000,0.000000,33.791603,0.000000,0.000000,0.000000,302,0.000000,33.791603,-0.0,33.791603,22.000000
302_CT_4-1,2,33.791603,0.000000,0.000000,1.000000,0.000000,0.000000,0.000000,0.000000,0.000000,33.791603,0.000000,0.000000,0.000000,302,0.000000,33.791603,-0.0,33.791603,11.000000
302_CT_4-2,2,38.382410,0.000000,0.000000,1.000000,0.000000,0.000000,0.000000,4.590807,0.000000,33.791603,0.000000,0.000000,0.000000,302,0.000000,38.382410,-0.0,38.382410,11.000000
302_CT_4-3,2,38.635080,0.000000,0.000000,1.000000,0.000000,0.000000,0.000000,4.843476,0.000000,33.791603,0.000000,0.000000,0.000000,302,0.000000,38.635080,-0.0,38.635080,11.000000
307_CT_1-0,2,27.894691,0.000000,0.000000,1.000000,0.000000,0.000000,0.000000,0.000000,0.000000,27.894691,0.000000,0.000000,0.000000,307,0.000000,27.894691,-0.0,27.894691,22.000000
307_CT_1-1,2,27.894691,0.000000,0.000000,1.000000,0.000000,0.000000,0.000000,0.000000,0.000000,27.894691,0.000000,0.000000,0.000000,307,0.000000,27.894691,-0.0,27.894691,11.000000
307_CT_1-2,2,29.220233,0.000000,0.000000,1.000000,0.000000,0.000000,0.000000,1.325542,0.000000,27.894691,0.000000,0.000000,0.000000,307,0.000000,29.220233,-0.0,29.220233,11.000000
307_CT_1-3,2,35.474770,0.000000,0.000000,1.000000,0.000000,0.000000,0.000000,7.580079,0.000000,27.894691,0.000000,0.000000,0.000000,307,0.000000,35.474770,-0.0,35.474770,11.000000
307_CT_2-0,2,27.894691,0.000000,0.000000,1.000000,0.000000,0.000000,0.000000,0.000000,0.000000,27.894691,0.000000,0.000000,0.000000,307,0.000000,27.894691,-0.0,27.894691,22.000000
307_CT_2-1,2,27.894691,0.000000,0.000000,1.000000,0.000000,0.000000,0.000000,0.000000,0.000000,27.894691,0.000000,0.000000,0.000000,307,0.000000,27.894691,-0.0,27.894691,11.000000
307_CT_2-2,2,29.220233,0.000000,0.000000,1.000000,0.000000,0.000000,0.000000,1.325542,0.000000,27.894691,0.000000,0.000000,0.000000,307,0.000000,29.220233,-0.0,29.220233,11.000000
307_CT_2-3,2,35.474770,0.000000,0.000000,1.000000,0.000000,0.000000,0.000000,7.580079,0.000000,27.894691,0.000000,0.000000,0.000000,307,0.000000,35.474770,-0.0,35.474770,11.000000
313_CC_1-0,2,15.731579,0.000000,0.000000,1.000000,0.000000,0.000000,0.000000,0.000000,0.000000,15.731579,0.000000,0.000000,0.000000,313,0.000000,15.731579,-0.0,15.731579,170.000000
313_CC_1-1,2,15.731579,0.000000,0.000000,1.000000,0.000000,0.000000,0.000000,0.000000,0.000000,15.731579,0.000000,0.000000,0.000000,313,0.000000,15.731579,-0.0,15.731579,61.666667
313_CC_1-2,2,26.755735,0.000000,0.000000,1.000000,0.000000,0.000000,0.000000,11.024156,0.000000,15.731579,0.000000,0.000000,0.000000,313,0.000000,26.755735,-0.0,26.755735,61.666667
313_CC_1-3,2,33.752731,0.000000,0.000000,1.000000,0.000000,0.000000,0.000000,18.021152,0.000000,15.731579,0.000000,0.000000,0.000000,313,0.000000,33.752731,-0.0,33.752731,61.666667
315_STEAM_1-0,2,75.436777,0.000000,0.000000,1.000000,0.000000,0.000000,0.000000,0.000000,0.000000,75.436777,0.000000,0.000000,0.000000,315,0.000000,75.436777,-0.0,75.436777,5.000000
315_STEAM_1-1,2,75.436777,0.000000,0.000000,1.000000,0.000000,0.000000,0.000000,0.000000,0.000000,75.436777,0.000000,0.000000,0.000000,315,0.000000,75.436777,-0.0,75.436777,2.333333
315_STEAM_1-2,2,100.399529,0.000000,0.000000,1.000000,0.000000,0.000000,0.000000,24.962753,0.000000,75.436777,0.000000,0.000000,0.000000,315,0.000000,100.399529,-0.0,100.399529,2.333333
315_STEAM_1-3,2,124.099655,0.000000,0.000000,1.000000,0.000000,0.000000,0.000000,48.662879,0.000000,75.436777,0.000000,0.000000,0.000000,315,0.000000,124.099655,-0.0,124.099655,2.333333
315_STEAM_2-0,2,75.436777,0.000000,0.000000,1.000000,0.000000,0.000000,0.000000,0.000000,0.000000,75.436777,0.000000,0.000000,0.000000,315,0.000000,75.436777,-0.0,75.436777,5.000000
315_STEAM_2-1,2,75.436777,0.000000,0.000000,1.000000,0.000000,0.000000,0.000000,0.000000,0.000000,75.436777,0.000000,0.000000,0.000000,315,0.000000,75.436777,-0.0,75.436777,2.333333
315_STEAM_2-2,2,100.399529,0.000000,0.000000,1.000000,0.000000,0.000000,0.000000,24.962753,0.000000,75.436777,0.000000,0.000000,0.000000,315,0.000000,100.399529,-0.0,100.399529,2.333333
315_STEAM_2-3,2,124.099655,0.000000,0.000000,1.000000,0.000000,0.000000,0.000000,48.662879,0.000000,75.436777,0.000000,0.000000,0.000000,315,0.000000,124.099655,-0.0,124.099655,2.333333
315_STEAM_3-0,2,75.436777,0.000000,0.000000,1.000000,0.000000,0.000000,0.000000,0.000000,0.000000,75.436777,0.000000,0.000000,0.000000,315,0.000000,75.436777,-0.0,75.436777,5.000000
315_STEAM_3-1,2,75.436777,0.000000,0.000000,1.000000,0.000000,0.000000,0.000000,0.000000,0.000000,75.436777,0.000000,0.000000,0.000000,315,0.000000,75.436777,-0.0,75.436777,2.333333
315_STEAM_3-2,2,100.399529,0.000000,0.000000,1.000000,0.000000,0.000000,0.000000,24.962753,0.000000,75.436777,0.000000,0.000000,0.000000,315,0.000000,100.399529,-0.0,100.399529,2.333333
315_STEAM_3-3,2,124.099655,0.000000,0.000000,1.000000,0.000000,0.000000,0.000000,48.662879,0.000000,75.436777,0.000000,0.000000,0.000000,315,0.000000,124.099655,-0.0,124.099655,2.333333
315_STEAM_4-0,2,75.436777,0.000000,0.000000,1.000000,0.000000,0.000000,0.000000,0.000000,0.000000,75.436777,0.000000,0.000000,0.000000,315,0.000000,75.436777,-0.0,75.436777,5.000000
315_STEAM_4-1,2,75.436777,0.000000,0.000000,1.000000,0.000000,0.000000,0.000000,0.000000,0.000000,75.436777,0.000000,0.000000,0.000000,315,0.000000,75.436777,-0.0,75.436777,2.333333
315_STEAM_4-2,2,100.399529,0.000000,0.000000,1.000000,0.000000,0.000000,0.000000,24.962753,0.000000,75.436777,0.000000,0.000000,0.000000,315,0.000000,100.399529,-0.0,100.399529,2.333333
315_STEAM_4-3,2,124.099655,0.000000,0.000000,1.000000,0.000000,0.000000,0.000000,48.662879,0.000000,75.436777,0.000000,0.000000,0.000000,315,0.000000,124.099655,-0.0,124.099655,2.333333
315_STEAM_5-0,2,75.436777,0.000000,0.000000,1.000000,0.000000,0.000000,0.000000,0.000000,0.000000,75.436777,0.000000,0.000000,0.000000,315,0.000000,75.436777,-0.0,75.436777,5.000000
315_STEAM_5-1,2,75.436777,0.000000,0.000000,1.000000,0.000000,0.000000,0.000000,0.000000,0.000000,75.436777,0.000000,0.000000,0.000000,315,0.000000,75.436777,-0.0,75.436777,2.333333
315_STEAM_5-2,2,100.399529,0.000000,0.000000,1.000000,0.000000,0.000000,0.000000,24.962753,0.000000,75.436777,0.000000,0.000000,0.000000,315,0.000000,100.399529,-0.0,100.399529,2.333333
315_STEAM_5-3,2,124.099655,0.000000,0.000000,1.000000,0.000000,0.000000,0.000000,48.662879,0.000000,75.436777,0.000000,0.000000,0.000000,315,0.000000,124.099655,-0.0,124.099655,2.333333
315_CT_6-0,2,26.401998,0.000000,0.000000,1.000000,0.000000,0.000000,0.000000,0.000000,0.000000,26.401998,0.000000,0.000000,0.000000,315,0.000000,26.401998,-0.0,26.401998,22.000000
315_CT_6-1,2,26.401998,0.000000,0.000000,1.000000,0.000000,0.000000,0.000000,0.000000,0.000000,26.401998,0.000000,0.000000,0.000000,315,0.000000,26.401998,-0.0,26.401998,11.000000
315_CT_6-2,2,26.895675,0.000000,0.000000,1.000000,0.000000,0.000000,0.000000,0.493677,0.000000,26.401998,0.000000,0.000000,0.000000,315,0.000000,26.895675,-0.0,26.895675,11.000000
315_CT_6-3,2,31.855768,0.000000,0.000000,1.000000,0.000000,0.000000,0.000000,5.453770,0.000000,26.401998,0.000000,0.000000,0.000000,315,0.000000,31.855768,-0.0,31.855768,11.000000
315_CT_7-0,2,26.401998,0.000000,0.000000,1.000000,0.000000,0.000000,0.000000,0.000000,0.000000,26.401998,0.000000,0.000000,0.000000,315,0.000000,26.401998,-0.0,26.401998,22.000000
315_CT_7-1,2,26.401998,0.000000,0.000000,1.000000,0.000000,0.000000,0.000000,0.000000,0.000000,26.401998,0.000000,0.000000,0.000000,315,0.000000,26.401998,-0.0,26.401998,11.000000
315_CT_7-2,2,26.895675,0.000000,0.000000,1.000000,0.000000,0.000000,0.000000,0.493677,0.000000,26.401998,0.000000,0.000000,0.000000,315,0.000000,26.895675,-0.0,26.895675,11.000000
315_CT_7-3,2,31.855768,0.000000,0.000000,1.000000,0.000000,0.000000,0.000000,5.453770,0.000000,26.401998,0.000000,0.000000,0.000000,315,0.000000,31.855768,-0.0,31.855768,11.000000
315_CT_8-0,2,26.401998,0.000000,0.000000,1.000000,0.000000,0.000000,0.000000,0.000000,0.000000,26.401998,0.000000,0.000000,0.000000,315,0.000000,26.401998,-0.0,26.401998,22.000000
315_CT_8-1,2,26.401998,0.000000,0.000000,1.000000,0.000000,0.000000,0.000000,0.000000,0.000000,26.401998,0.000000,0.000000,0.000000,315,0.000000,26.401998,-0.0,26.401998,11.000000
315_CT_8-2,2,26.895675,0.000000,0.000000,1.000000,0.000000,0.000000,0.000000,0.493677,0.000000,26.401998,0.000000,0.000000,0.000000,315,0.000000,26.895675,-0.0,26.895675,11.000000
315_CT_8-3,2,31.855768,0.000000,0.000000,1.000000,0.000000,0.000000,0.000000,5.453770,0.000000,26.401998,0.000000,0.000000,0.000000,315,0.000000,31.855768,-0.0,31.855768,11.000000
316_STEAM_1-0,2,21.116646,0.000000,0.000000,1.000000,0.000000,0.000000,0.000000,0.000000,0.000000,21.116646,0.000000,0.000000,0.000000,316,0.000000,21.116646,-0.0,21.116646,62.000000
316_STEAM_1-1,2,21.116646,0.000000,0.000000,1.000000,0.000000,0.000000,0.000000,0.000000,0.000000,21.116646,0.000000,0.000000,0.000000,316,0.000000,21.116646,-0.0,21.116646,31.000000
316_STEAM_1-2,2,21.287879,0.000000,0.000000,1.000000,0.000000,0.000000,0.000000,0.171233,0.000000,21.116646,0.000000,0.000000,0.000000,316,0.000000,21.287879,-0.0,21.287879,31.000000
316_STEAM_1-3,2,27.274699,0.000000,0.000000,1.000000,0.000000,0.000000,0.000000,6.158053,0.000000,21.116646,0.000000,0.000000,0.000000,316,0.000000,27.274699,-0.0,27.274699,31.000000
318_CC_1-0,2,26.845141,0.000000,0.000000,1.000000,0.000000,0.000000,0.000000,0.000000,0.000000,26.845141,0.000000,0.000000,0.000000,318,0.000000,26.845141,-0.0,26.845141,170.000000
318_CC_1-1,2,26.845141,0.000000,0.000000,1.000000,0.000000,0.000000,0.000000,0.000000,0.000000,26.845141,0.000000,0.000000,0.000000,318,0.000000,26.845141,-0.0,26.845141,61.666667
318_CC_1-2,2,27.276623,0.000000,0.000000,1.000000,0.000000,0.000000,0.000000,0.431481,0.000000,26.845141,0.000000,0.000000,0.000000,318,0.000000,27.276623,-0.0,27.276623,61.666667
318_CC_1-3,2,31.529241,0.000000,0.000000,1.000000,0.000000,0.000000,0.000000,4.684100,0.000000,26.845141,0.000000,0.000000,0.000000,318,0.000000,31.529241,-0.0,31.529241,61.666667
321_CC_1-0,2,22.732463,0.000000,0.000000,1.000000,0.000000,0.000000,0.000000,0.000000,0.000000,22.732463,0.000000,0.000000,0.000000,321,0.000000,22.732463,-0.0,22.732463,170.000000
321_CC_1-1,2,22.732463,0.000000,0.000000,1.000000,0.000000,0.000000,0.000000,0.000000,0.000000,22.732463,0.000000,0.000000,0.000000,321,0.000000,22.732463,-0.0,22.732463,61.666667
321_CC_1-2,2,25.908321,0.000000,0.000000,1.000000,0.000000,0.000000,0.000000,3.175859,0.000000,22.732463,0.000000,0.000000,0.000000,321,0.000000,25.908321,-0.0,25.908321,61.666667
321_CC_1-3,2,33.947092,0.000000,0.000000,1.000000,0.000000,0.000000,0.000000,11.214630,0.000000,22.732463,0.000000,0.000000,0.000000,321,0.000000,33.947092,-0.0,33.947092,61.666667
322_CT_5-0,2,23.334982,0.000000,0.000000,1.000000,0.000000,0.000000,0.000000,0.000000,0.000000,23.334982,0.000000,0.000000,0.000000,322,0.000000,23.334982,-0.0,23.334982,22.000000
322_CT_5-1,2,23.334982,0.000000,0.000000,1.000000,0.000000,0.000000,0.000000,0.000000,0.000000,23.334982,0.000000,0.000000,0.000000,322,0.000000,23.334982,-0.0,23.334982,11.000000
322_CT_5-2,2,26.499179,0.000000,0.000000,1.000000,0.000000,0.000000,0.000000,3.164197,0.000000,23.334982,0.000000,0.000000,0.000000,322,0.000000,26.499179,-0.0,26.499179,11.000000
322_CT_5-3,2,27.894691,0.000000,0.000000,1.000000,0.000000,0.000000,0.000000,4.559709,0.000000,23.334982,0.000000,0.000000,0.000000,322,0.000000,27.894691,-0.0,27.894691,11.000000
322_CT_6-0,2,23.334982,0.000000,0.000000,1.000000,0.000000,0.000000,0.000000,0.000000,0.000000,23.334982,0.000000,0.000000,0.000000,322,0.000000,23.334982,-0.0,23.334982,22.000000
322_CT_6-1,2,23.334982,0.000000,0.000000,1.000000,0.000000,0.000000,0.000000,0.000000,0.000000,23.334982,0.000000,0.000000,0.000000,322,0.000000,23.334982,-0.0,23.334982,11.000000
322_CT_6-2,2,26.499179,0.000000,0.000000,1.000000,0.000000,0.000000,0.000000,3.164197,0.000000,23.334982,0.000000,0.000000,0.000000,322,0.000000,26.499179,-0.0,26.499179,11.000000
322_CT_6-3,2,27.894691,0.000000,0.000000,1.000000,0.000000,0.000000,0.000000,4.559709,0.000000,23.334982,0.000000,0.000000,0.000000,322,0.000000,27.894691,-0.0,27.894691,11.000000
323_CC_1-0,2,26.429209,0.000000,0.000000,1.000000,0.000000,0.000000,0.000000,0.000000,0.000000,26.429209,0.000000,0.000000,0.000000,323,0.000000,26.429209,-0.0,26.429209,170.000000
323_CC_1-1,2,26.429209,0.000000,0.000000,1.000000,0.000000,0.000000,0.000000,0.000000,0.000000,26.429209,0.000000,0.000000,0.000000,323,0.000000,26.429209,-0.0,26.429209,61.666667
323_CC_1-2,2,30.277557,0.000000,0.000000,1.000000,0.000000,0.000000,0.000000,3.848348,0.000000,26.429209,0.000000,0.000000,0.000000,323,0.000000,30.277557,-0.0,30.277557,61.666667
323_CC_1-3,2,31.727490,0.000000,0.000000,1.000000,0.000000,0.000000,0.000000,5.298281,0.000000,26.429209,0.000000,0.000000,0.000000,323,0.000000,31.727490,-0.0,31.727490,61.666667
323_CC_2-0,2,26.429209,0.000000,0.000000,1.000000,0.000000,0.000000,0.000000,0.000000,0.000000,26.429209,0.000000,0.000000,0.000000,323,0.000000,26.429209,-0.0,26.429209,170.000000
323_CC_2-1,2,26.429209,0.000000,0.000000,1.000000,0.000000,0.000000,0.000000,0.000000,0.000000,26.429209,0.000000,0.000000,0.000000,323,0.000000,26.429209,-0.0,26.429209,61.666667
323_CC_2-2,2,30.277557,0.000000,0.000000,1.000000,0.000000,0.000000,0.000000,3.848348,0.000000,26.429209,0.000000,0.000000,0.000000,323,0.000000,30.277557,-0.0,30.277557,61.666667
323_CC_2-3,2,31.727490,0.000000,0.000000,1.000000,0.000000,0.000000,0.000000,5.298281,0.000000,26.429209,0.000000,0.000000,0.000000,323,0.000000,31.727490,-0.0,31.727490,61.666667
322_HYDRO_1-0,2,0.000000,0.000000,0.000000,1.000000,0.000000,0.000000,0.000000,0.000000,0.000000,0.000000,0.000000,0.000000,0.000000,322,0.000000,0.000000,0.0,0.000000,26.262500
322_HYDRO_1-1,2,0.000000,0.000000,0.000000,1.000000,0.000000,0.000000,0.000000,0.000000,0.000000,0.000000,0.000000,0.000000,0.000000,322,0.000000,0.000000,0.0,0.000000,0.000000
322_HYDRO_1-2,2,0.000000,0.000000,0.000000,1.000000,0.000000,0.000000,0.000000,0.000000,0.000000,0.000000,0.000000,0.000000,0.000000,322,0.000000,0.000000,0.0,0.000000,0.000000
322_HYDRO_1-3,2,0.000000,0.000000,0.000000,1.000000,0.000000,0.000000,0.000000,0.000000,0.000000,0.000000,0.000000,0.000000,0.000000,322,0.000000,0.000000,0.0,0.000000,0.000000
322_HYDRO_2-0,2,0.000000,0.000000,0.000000,1.000000,0.000000,0.000000,0.000000,0.000000,0.000000,0.000000,0.000000,0.000000,0.000000,322,0.000000,0.000000,0.0,0.000000,26.262500
322_HYDRO_2-1,2,0.000000,0.000000,0.000000,1.000000,0.000000,0.000000,0.000000,0.000000,0.000000,0.000000,0.000000,0.000000,0.000000,322,0.000000,0.000000,0.0,0.000000,0.000000
322_HYDRO_2-2,2,0.000000,0.000000,0.000000,1.000000,0.000000,0.000000,0.000000,0.000000,0.000000,0.000000,0.000000,0.000000,0.000000,322,0.000000,0.000000,0.0,0.000000,0.000000
322_HYDRO_2-3,2,0.000000,0.000000,0.000000,1.000000,0.000000,0.000000,0.000000,0.000000,0.000000,0.000000,0.000000,0.000000,0.000000,322,0.000000,0.000000,0.0,0.000000,0.000000
322_HYDRO_3-0,2,0.000000,0.000000,0.000000,1.000000,0.000000,0.000000,0.000000,0.000000,0.000000,0.000000,0.000000,0.000000,0.000000,322,0.000000,0.000000,0.0,0.000000,26.262500
322_HYDRO_3-1,2,0.000000,0.000000,0.000000,1.000000,0.000000,0.000000,0.000000,0.000000,0.000000,0.000000,0.000000,0.000000,0.000000,322,0.000000,0.000000,0.0,0.000000,0.000000
322_HYDRO_3-2,2,0.000000,0.000000,0.000000,1.000000,0.000000,0.000000,0.000000,0.000000,0.000000,0.000000,0.000000,0.000000,0.000000,322,0.000000,0.000000,0.0,0.000000,0.000000
322_HYDRO_3-3,2,0.000000,0.000000,0.000000,1.000000,0.000000,0.000000,0.000000,0.000000,0.000000,0.000000,0.000000,0.000000,0.000000,322,0.000000,0.000000,0.0,0.000000,0.000000
322_HYDRO_4-0,2,0.000000,0.000000,0.000000,1.000000,0.000000,0.000000,0.000000,0.000000,0.000000,0.000000,0.000000,0.000000,0.000000,322,0.000000,0.000000,0.0,0.000000,26.262500
322_HYDRO_4-1,2,0.000000,0.000000,0.000000,1.000000,0.000000,0.000000,0.000000,0.000000,0.000000,0.000000,0.000000,0.000000,0.000000,322,0.000000,0.000000,0.0,0.000000,0.000000
322_HYDRO_4-2,2,0.000000,0.000000,0.000000,1.000000,0.000000,0.000000,0.000000,0.000000,0.000000,0.000000,0.000000,0.000000,0.000000,322,0.000000,0.000000,0.0,0.000000,0.000000
322_HYDRO_4-3,2,0.000000,0.000000,0.000000,1.000000,0.000000,0.000000,0.000000,0.000000,0.000000,0.000000,0.000000,0.000000,0.000000,322,0.000000,0.000000,0.0,0.000000,0.000000
301_CT_1-0,3,87.255791,0.000000,0.000000,1.000000,0.000000,0.000000,0.000000,0.000000,0.000000,87.255791,0.000000,0.000000,0.000000,301,0.000000,87.255791,-0.0,87.255791,8.000000
301_CT_1-1,3,87.255791,0.000000,0.000000,1.000000,0.000000,0.000000,0.000000,0.000000,0.000000,87.255791,0.000000,0.000000,0.000000,301,0.000000,87.255791,-0.0,87.255791,4.000000
301_CT_1-2,3,99.695770,0.000000,0.000000,1.000000,0.000000,0.000000,0.000000,12.439979,0.000000,87.255791,0.000000,0.000000,0.000000,301,0.000000,99.695770,-0.0,99.695770,4.000000
301_CT_1-3,3,105.367241,0.000000,0.000000,1.000000,0.000000,0.000000,0.000000,18.111450,0.000000,87.255791,0.000000,0.000000,0.000000,301,0.000000,105.367241,-0.0,105.367241,4.000000
301_CT_2-0,3,87.255791,0.000000,0.000000,1.000000,0.000000,0.000000,0.000000,0.000000,0.000000,87.255791,0.000000,0.000000,0.000000,301,0.000000,87.255791,-0.0,87.255791,8.000000
301_CT_2-1,3,87.255791,0.000000,0.000000,1.000000,0.000000,0.000000,0.000000,0.000000,0.000000,87.255791,0.000000,0.000000,0.000000,301,0.000000,87.255791,-0.0,87.255791,4.000000
301_CT_2-2,3,99.695770,0.000000,0.000000,1.000000,0.000000,0.000000,0.000000,12.439979,0.000000,87.255791,0.000000,0.000000,0.000000,301,0.000000,99.695770,-0.0,99.695770,4.000000
301_CT_2-3,3,105.367241,0.000000,0.000000,1.000000,0.000000,0.000000,0.000000,18.111450,0.000000,87.255791,0.000000,0.000000,0.000000,301,0.000000,105.367241,-0.0,105.367241,4.000000
301_CT_3-0,3,28.469999,0.000000,0.000000,1.000000,0.000000,0.000000,0.000000,0.000000,0.000000,28.469999,0.000000,0.000000,0.000000,301,0.000000,28.469999,-0.0,28.469999,22.000000
301_CT_3-1,3,28.469999,0.000000,0.000000,1.000000,0.000000,0.000000,0.000000,0.000000,0.000000,28.469999,0.000000,0.000000,0.000000,301,0.000000,28.469999,-0.0,28.469999,11.000000
301_CT_3-2,3,29.286315,0.000000,0.000000,1.000000,0.000000,0.000000,0.000000,0.816316,0.000000,28.469999,0.000000,0.000000,0.000000,301,0.000000,29.286315,-0.0,29.286315,11.000000
301_CT_3-3,3,43.742887,0.000000,0.000000,1.000000,0.000000,0.000000,0.000000,15.272887,0.000000,28.469999,0.000000,0.000000,0.000000,301,0.000000,43.742887,-0.0,43.742887,11.000000
301_CT_4-0,3,28.469999,0.000000,0.000000,1.000000,0.000000,0.000000,0.000000,0.000000,0.000000,28.469999,0.000000,0.000000,0.000000,301,0.000000,28.469999,-0.0,28.469999,22.000000
301_CT_4-1,3,28.469999,0.000000,0.000000,1.000000,0.000000,0.000000,0.000000,0.000000,0.000000,28.469999,0.000000,0.000000,0.000000,301,0.000000,28.469999,-0.0,28.469999,11.000000
301_CT_4-2,3,29.286315,0.000000,0.000000,1.000000,0.000000,0.000000,0.000000,0.816316,0.000000,28.469999,0.000000,0.000000,0.000000,301,0.000000,29.286315,-0.0,29.286315,11.000000
301_CT_4-3,3,43.742887,0.000000,0.000000,1.000000,0.000000,0.000000,0.000000,15.272887,0.000000,28.469999,0.000000,0.000000,0.000000,301,0.000000,43.742887,-0.0,43.742887,11.000000
302_CT_1-0,3,87.255791,0.000000,0.000000,1.000000,0.000000,0.000000,0.000000,0.000000,0.000000,87.255791,0.000000,0.000000,0.000000,302,0.000000,87.255791,-0.0,87.255791,8.000000
302_CT_1-1,3,87.255791,0.000000,0.000000,1.000000,0.000000,0.000000,0.000000,0.000000,0.000000,87.255791,0.000000,0.000000,0.000000,302,0.000000,87.255791,-0.0,87.255791,4.000000
302_CT_1-2,3,99.695770,0.000000,0.000000,1.000000,0.000000,0.000000,0.000000,12.439979,0.000000,87.255791,0.000000,0.000000,0.000000,302,0.000000,99.695770,-0.0,99.695770,4.000000
302_CT_1-3,3,105.367241,0.000000,0.000000,1.000000,0.000000,0.000000,0.000000,18.111450,0.000000,87.255791,0.000000,0.000000,0.000000,302,0.000000,105.367241,-0.0,105.367241,4.000000
302_CT_2-0,3,87.255791,0.000000,0.000000,1.000000,0.000000,0.000000,0.000000,0.000000,0.000000,87.255791,0.000000,0.000000,0.000000,302,0.000000,87.255791,-0.0,87.255791,8.000000
302_CT_2-1,3,87.255791,0.000000,0.000000,1.000000,0.000000,0.000000,0.000000,0.000000,0.000000,87.255791,0.000000,0.000000,0.000000,302,0.000000,87.255791,-0.0,87.255791,4.000000
302_CT_2-2,3,99.695770,0.000000,0.000000,1.000000,0.000000,0.000000,0.000000,12.439979,0.000000,87.255791,0.000000,0.000000,0.000000,302,0.000000,99.695770,-0.0,99.695770,4.000000
302_CT_2-3,3,105.367241,0.000000,0.000000,1.000000,0.000000,0.000000,0.000000,18.111450,0.000000,87.255791,0.000000,0.000000,0.000000,302,0.000000,105.367241,-0.0,105.367241,4.000000
302_CT_3-0,3,33.791603,0.000000,0.000000,1.000000,0.000000,0.000000,0.000000,0.000000,0.000000,33.791603,0.000000,0.000000,0.000000,302,0.000000,33.791603,-0.0,33.791603,22.000000
302_CT_3-1,3,33.791603,0.000000,0.000000,1.000000,0.000000,0.000000,0.000000,0.000000,0.000000,33.791603,0.000000,0.000000,0.000000,302,0.000000,33.791603,-0.0,33.791603,11.000000
302_CT_3-2,3,38.382410,0.000000,0.000000,1.000000,0.000000,0.000000,0.000000,4.590807,0.000000,33.791603,0.000000,0.000000,0.000000,302,0.000000,38.382410,-0.0,38.382410,11.000000
302_CT_3-3,3,38.635080,0.000000,0.000000,1.000000,0.000000,0.000000,0.000000,4.843476,0.000000,33.791603,0.000000,0.000000,0.000000,302,0.000000,38.635080,-0.0,38.635080,11.000000
302_CT_4-0,3,33.791603,0.000000,0.000000,1.000000,0.000000,0.000000,0.000000,0.000000,0.000000,33.791603,0.000000,0.000000,0.000000,302,0.000000,33.791603,-0.0,33.791603,22.000000
302_CT_4-1,3,33.791603,0.000000,0.000000,1.000000,0.000000,0.000000,0.000000,0.000000,0.000000,33.791603,0.000000,0.000000,0.000000,302,0.000000,33.791603,-0.0,33.791603,11.000000
302_CT_4-2,3,38.382410,0.000000,0.000000,1.000000,0.000000,0.000000,0.000000,4.590807,0.000000,33.791603,0.000000,0.000000,0.000000,302,0.000000,38.382410,-0.0,38.382410,11.000000
302_CT_4-3,3,38.635080,0.000000,0.000000,1.000000,0.000000,0.000000,0.000000,4.843476,0.000000,33.791603,0.000000,0.000000,0.000000,302,0.000000,38.635080,-0.0,38.635080,11.000000
307_CT_1-0,3,27.894691,0.000000,0.000000,1.000000,0.000000,0.000000,0.000000,0.000000,0.000000,27.894691,0.000000,0.000000,0.000000,307,0.000000,27.894691,-0.0,27.894691,22.000000
307_CT_1-1,3,27.894691,0.000000,0.000000,1.000000,0.000000,0.000000,0.000000,0.000000,0.000000,27.894691,0.000000,0.000000,0.000000,307,0.000000,27.894691,-0.0,27.894691,11.000000
307_CT_1-2,3,29.220233,0.000000,0.000000,1.000000,0.000000,0.000000,0.000000,1.325542,0.000000,27.894691,0.000000,0.000000,0.000000,307,0.000000,29.220233,-0.0,29.220233,11.000000
307_CT_1-3,3,35.474770,0.000000,0.000000,1.000000,0.000000,0.000000,0.000000,7.580079,0.000000,27.894691,0.000000,0.000000,0.000000,307,0.000000,35.474770,-0.0,35.474770,11.000000
307_CT_2-0,3,27.894691,0.000000,0.000000,1.000000,0.000000,0.000000,0.000000,0.000000,0.000000,27.894691,0.000000,0.000000,0.000000,307,0.000000,27.894691,-0.0,27.894691,22.000000
307_CT_2-1,3,27.894691,0.000000,0.000000,1.000000,0.000000,0.000000,0.000000,0.000000,0.000000,27.894691,0.000000,0.000000,0.000000,307,0.000000,27.894691,-0.0,27.894691,11.000000
307_CT_2-2,3,29.220233,0.000000,0.000000,1.000000,0.000000,0.000000,0.000000,1.325542,0.000000,27.894691,0.000000,0.000000,0.000000,307,0.000000,29.220233,-0.0,29.220233,11.000000
307_CT_2-3,3,35.474770,0.000000,0.000000,1.000000,0.000000,0.000000,0.000000,7.580079,0.000000,27.894691,0.000000,0.000000,0.000000,307,0.000000,35.474770,-0.0,35.474770,11.000000
313_CC_1-0,3,15.731579,0.000000,0.000000,1.000000,0.000000,0.000000,0.000000,0.000000,0.000000,15.731579,0.000000,0.000000,0.000000,313,0.000000,15.731579,-0.0,15.731579,170.000000
313_CC_1-1,3,15.731579,0.000000,0.000000,1.000000,0.000000,0.000000,0.000000,0.000000,0.000000,15.731579,0.000000,0.000000,0.000000,313,0.000000,15.731579,-0.0,15.731579,61.666667
313_CC_1-2,3,26.755735,0.000000,0.000000,1.000000,0.000000,0.000000,0.000000,11.024156,0.000000,15.731579,0.000000,0.000000,0.000000,313,0.000000,26.755735,-0.0,26.755735,61.666667
313_CC_1-3,3,33.752731,0.000000,0.000000,1.000000,0.000000,0.000000,0.000000,18.021152,0.000000,15.731579,0.000000,0.000000,0.000000,313,0.000000,33.752731,-0.0,33.752731,61.666667
315_STEAM_1-0,3,75.436777,0.000000,0.000000,1.000000,0.000000,0.000000,0.000000,0.000000,0.000000,75.436777,0.000000,0.000000,0.000000,315,0.000000,75.436777,-0.0,75.436777,5.000000
315_STEAM_1-1,3,75.436777,0.000000,0.000000,1.000000,0.000000,0.000000,0.000000,0.000000,0.000000,75.436777,0.000000,0.000000,0.000000,315,0.000000,75.436777,-0.0,75.436777,2.333333
315_STEAM_1-2,3,100.399529,0.000000,0.000000,1.000000,0.000000,0.000000,0.000000,24.962753,0.000000,75.436777,0.000000,0.000000,0.000000,315,0.000000,100.399529,-0.0,100.399529,2.333333
315_STEAM_1-3,3,124.099655,0.000000,0.000000,1.000000,0.000000,0.000000,0.000000,48.662879,0.000000,75.436777,0.000000,0.000000,0.000000,315,0.000000,124.099655,-0.0,124.099655,2.333333
315_STEAM_2-0,3,75.436777,0.000000,0.000000,1.000000,0.000000,0.000000,0.000000,0.000000,0.000000,75.436777,0.000000,0.000000,0.000000,315,0.000000,75.436777,-0.0,75.436777,5.000000
315_STEAM_2-1,3,75.436777,0.000000,0.000000,1.000000,0.000000,0.000000,0.000000,0.000000,0.000000,75.436777,0.000000,0.000000,0.000000,315,0.000000,75.436777,-0.0,75.436777,2.333333
315_STEAM_2-2,3,100.399529,0.000000,0.000000,1.000000,0.000000,0.000000,0.000000,24.962753,0.000000,75.436777,0.000000,0.000000,0.000000,315,0.000000,100.399529,-0.0,100.399529,2.333333
315_STEAM_2-3,3,124.099655,0.000000,0.000000,1.000000,0.000000,0.000000,0.000000,48.662879,0.000000,75.436777,0.000000,0.000000,0.000000,315,0.000000,124.099655,-0.0,124.099655,2.333333
315_STEAM_3-0,3,75.436777,0.000000,0.000000,1.000000,0.000000,0.000000,0.000000,0.000000,0.000000,75.436777,0.000000,0.000000,0.000000,315,0.000000,75.436777,-0.0,75.436777,5.000000
315_STEAM_3-1,3,75.436777,0.000000,0.000000,1.000000,0.000000,0.000000,0.000000,0.000000,0.000000,75.436777,0.000000,0.000000,0.000000,315,0.000000,75.436777,-0.0,75.436777,2.333333
315_STEAM_3-2,3,100.399529,0.000000,0.000000,1.000000,0.000000,0.000000,0.000000,24.962753,0.000000,75.436777,0.000000,0.000000,0.000000,315,0.000000,100.399529,-0.0,100.399529,2.333333
315_STEAM_3-3,3,124.099655,0.000000,0.000000,1.000000,0.000000,0.000000,0.000000,48.662879,0.000000,75.436777,0.000000,0.000000,0.000000,315,0.000000,124.099655,-0.0,124.099655,2.333333
315_STEAM_4-0,3,75.436777,0.000000,0.000000,1.000000,0.000000,0.000000,0.000000,0.000000,0.000000,75.436777,0.000000,0.000000,0.000000,315,0.000000,75.436777,-0.0,75.436777,5.000000
315_STEAM_4-1,3,75.436777,0.000000,0.000000,1.000000,0.000000,0.000000,0.000000,0.000000,0.000000,75.436777,0.000000,0.000000,0.000000,315,0.000000,75.436777,-0.0,75.436777,2.333333
315_STEAM_4-2,3,100.399529,0.000000,0.000000,1.000000,0.000000,0.000000,0.000000,24.962753,0.000000,75.436777,0.000000,0.000000,0.000000,315,0.000000,100.399529,-0.0,100.399529,2.333333
315_STEAM_4-3,3,124.099655,0.000000,0.000000,1.000000,0.000000,0.000000,0.000000,48.662879,0.000000,75.436777,0.000000,0.000000,0.000000,315,0.000000,124.099655,-0.0,124.099655,2.333333
315_STEAM_5-0,3,75.436777,0.000000,0.000000,1.000000,0.000000,0.000000,0.000000,0.000000,0.000000,75.436777,0.000000,0.000000,0.000000,315,0.000000,75.436777,-0.0,75.436777,5.000000
315_STEAM_5-1,3,75.436777,0.000000,0.000000,1.000000,0.000000,0.000000,0.000000,0.000000,0.000000,75.436777,0.000000,0.000000,0.000000,315,0.000000,75.436777,-0.0,75.436777,2.333333
315_STEAM_5-2,3,100.399529,0.000000,0.000000,1.000000,0.000000,0.000000,0.000000,24.962753,0.000000,75.436777,0.000000,0.000000,0.000000,315,0.000000,100.399529,-0.0,100.399529,2.333333
315_STEAM_5-3,3,124.099655,0.000000,0.000000,1.000000,0.000000,0.000000,0.000000,48.662879,0.000000,75.436777,0.000000,0.000000,0.000000,315,0.000000,124.099655,-0.0,124.099655,2.333333
315_CT_6-0,3,26.401998,0.000000,0.000000,1.000000,0.000000,0.000000,0.000000,0.000000,0.000000,26.401998,0.000000,0.000000,0.000000,315,0.000000,26.401998,-0.0,26.401998,22.000000
315_CT_6-1,3,26.401998,0.000000,0.000000,1.000000,0.000000,0.000000,0.000000,0.000000,0.000000,26.401998,0.000000,0.000000,0.000000,315,0.000000,26.401998,-0.0,26.401998,11.000000
315_CT_6-2,3,26.895675,0.000000,0.000000,1.000000,0.000000,0.000000,0.000000,0.493677,0.000000,26.401998,0.000000,0.000000,0.000000,315,0.000000,26.895675,-0.0,26.895675,11.000000
315_CT_6-3,3,31.855768,0.000000,0.000000,1.000000,0.000000,0.000000,0.000000,5.453770,0.000000,26.401998,0.000000,0.000000,0.000000,315,0.000000,31.855768,-0.0,31.855768,11.000000
315_CT_7-0,3,26.401998,0.000000,0.000000,1.000000,0.000000,0.000000,0.000000,0.000000,0.000000,26.401998,0.000000,0.000000,0.000000,315,0.000000,26.401998,-0.0,26.401998,22.000000
315_CT_7-1,3,26.401998,0.000000,0.000000,1.000000,0.000000,0.000000,0.000000,0.000000,0.000000,26.401998,0.000000,0.000000,0.000000,315,0.000000,26.401998,-0.0,26.401998,11.000000
315_CT_7-2,3,26.895675,0.000000,0.000000,1.000000,0.000000,0.000000,0.000000,0.493677,0.000000,26.401998,0.000000,0.000000,0.000000,315,0.000000,26.895675,-0.0,26.895675,11.000000
315_CT_7-3,3,31.855768,0.000000,0.000000,1.000000,0.000000,0.000000,0.000000,5.453770,0.000000,26.401998,0.000000,0.000000,0.000000,315,0.000000,31.855768,-0.0,31.855768,11.000000
315_CT_8-0,3,26.401998,0.000000,0.000000,1.000000,0.000000,0.000000,0.000000,0.000000,0.000000,26.401998,0.000000,0.000000,0.000000,315,0.000000,26.401998,-0.0,26.401998,22.000000
315_CT_8-1,3,26.401998,0.000000,0.000000,1.000000,0.000000,0.000000,0.000000,0.000000,0.000000,26.401998,0.000000,0.000000,0.000000,315,0.000000,26.401998,-0.0,26.401998,11.000000
315_CT_8-2,3,26.895675,0.000000,0.000000,1.000000,0.000000,0.000000,0.000000,0.493677,0.000000,26.401998,0.000000,0.000000,0.000000,315,0.000000,26.895675,-0.0,26.895675,11.000000
315_CT_8-3,3,31.855768,0.000000,0.000000,1.000000,0.000000,0.000000,0.000000,5.453770,0.000000,26.401998,0.000000,0.000000,0.000000,315,0.000000,31.855768,-0.0,31.855768,11.000000
316_STEAM_1-0,3,21.116646,0.000000,0.000000,1.000000,0.000000,0.000000,0.000000,0.000000,0.000000,21.116646,0.000000,0.000000,0.000000,316,0.000000,21.116646,-0.0,21.116646,62.000000
316_STEAM_1-1,3,21.116646,0.000000,0.000000,1.000000,0.000000,0.000000,0.000000,0.000000,0.000000,21.116646,0.000000,0.000000,0.000000,316,0.000000,21.116646,-0.0,21.116646,31.000000
316_STEAM_1-2,3,21.287879,0.000000,0.000000,1.000000,0.000000,0.000000,0.000000,0.171233,0.000000,21.116646,0.000000,0.000000,0.000000,316,0.000000,21.287879,-0.0,21.287879,31.000000
316_STEAM_1-3,3,27.274699,0.000000,0.000000,1.000000,0.000000,0.000000,0.000000,6.158053,0.000000,21.116646,0.000000,0.000000,0.000000,316,0.000000,27.274699,-0.0,27.274699,31.000000
318_CC_1-0,3,26.845141,0.000000,0.000000,1.000000,0.000000,0.000000,0.000000,0.000000,0.000000,26.845141,0.000000,0.000000,0.000000,318,0.000000,26.845141,-0.0,26.845141,170.000000
318_CC_1-1,3,26.845141,0.000000,0.000000,1.000000,0.000000,0.000000,0.000000,0.000000,0.000000,26.845141,0.000000,0.000000,0.000000,318,0.000000,26.845141,-0.0,26.845141,61.666667
318_CC_1-2,3,27.276623,0.000000,0.000000,1.000000,0.000000,0.000000,0.000000,0.431481,0.000000,26.845141,0.000000,0.000000,0.000000,318,0.000000,27.276623,-0.0,27.276623,61.666667
318_CC_1-3,3,31.529241,0.000000,0.000000,1.000000,0.000000,0.000000,0.000000,4.684100,0.000000,26.845141,0.000000,0.000000,0.000000,318,0.000000,31.529241,-0.0,31.529241,61.666667
321_CC_1-0,3,22.732463,0.000000,0.000000,1.000000,0.000000,0.000000,0.000000,0.000000,0.000000,22.732463,0.000000,0.000000,0.000000,321,0.000000,22.732463,-0.0,22.732463,170.000000
321_CC_1-1,3,22.732463,0.000000,0.000000,1.000000,0.000000,0.000000,0.000000,0.000000,0.000000,22.732463,0.000000,0.000000,0.000000,321,0.000000,22.732463,-0.0,22.732463,61.666667
321_CC_1-2,3,25.908321,0.000000,0.000000,1.000000,0.000000,0.000000,0.000000,3.175859,0.000000,22.732463,0.000000,0.000000,0.000000,321,0.000000,25.908321,-0.0,25.908321,61.666667
321_CC_1-3,3,33.947092,0.000000,0.000000,1.000000,0.000000,0.000000,0.000000,11.214630,0.000000,22.732463,0.000000,0.000000,0.000000,321,0.000000,33.947092,-0.0,33.947092,61.666667
322_CT_5-0,3,23.334982,0.000000,0.000000,1.000000,0.000000,0.000000,0.000000,23.334982,0.000000,0.000000,0.000000,0.000000,0.000000,322,0.000000,23.334982,-0.0,23.334982,22.000000
322_CT_5-1,3,23.334982,0.000000,0.000000,1.000000,0.000000,0.000000,0.000000,23.334982,0.000000,0.000000,0.000000,0.000000,0.000000,322,0.000000,23.334982,-0.0,23.334982,11.000000
322_CT_5-2,3,26.499179,0.000000,0.000000,1.000000,0.000000,0.000000,0.000000,26.499179,0.000000,0.000000,0.000000,0.000000,0.000000,322,0.000000,26.499179,-0.0,26.499179,11.000000
322_CT_5-3,3,27.894691,0.000000,0.000000,1.000000,0.000000,0.000000,0.000000,27.894691,0.000000,0.000000,0.000000,0.000000,0.000000,322,0.000000,27.894691,-0.0,27.894691,11.000000
322_CT_6-0,3,23.334982,0.000000,0.000000,1.000000,0.000000,0.000000,0.000000,23.334982,0.000000,0.000000,0.000000,0.000000,0.000000,322,0.000000,23.334982,-0.0,23.334982,22.000000
322_CT_6-1,3,23.334982,0.000000,0.000000,1.000000,0.000000,0.000000,0.000000,23.334982,0.000000,0.000000,0.000000,0.000000,0.000000,322,0.000000,23.334982,-0.0,23.334982,11.000000
322_CT_6-2,3,26.499179,0.000000,0.000000,1.000000,0.000000,0.000000,0.000000,26.499179,0.000000,0.000000,0.000000,0.000000,0.000000,322,0.000000,26.499179,-0.0,26.499179,11.000000
322_CT_6-3,3,27.894691,0.000000,0.000000,1.000000,0.000000,0.000000,0.000000,27.894691,0.000000,0.000000,0.000000,0.000000,0.000000,322,0.000000,27.894691,-0.0,27.894691,11.000000
323_CC_1-0,3,26.429209,0.000000,0.000000,1.000000,0.000000,0.000000,0.000000,0.000000,0.000000,26.429209,0.000000,0.000000,0.000000,323,0.000000,26.429209,-0.0,26.429209,170.000000
323_CC_1-1,3,26.429209,0.000000,0.000000,1.000000,0.000000,0.000000,0.000000,0.000000,0.000000,26.429209,0.000000,0.000000,0.000000,323,0.000000,26.429209,-0.0,26.429209,61.666667
323_CC_1-2,3,30.277557,0.000000,0.000000,1.000000,0.000000,0.000000,0.000000,3.848348,0.000000,26.429209,0.000000,0.000000,0.000000,323,0.000000,30.277557,-0.0,30.277557,61.666667
323_CC_1-3,3,31.727490,0.000000,0.000000,1.000000,0.000000,0.000000,0.000000,5.298281,0.000000,26.429209,0.000000,0.000000,0.000000,323,0.000000,31.727490,-0.0,31.727490,61.666667
323_CC_2-0,3,26.429209,0.000000,0.000000,1.000000,0.000000,0.000000,0.000000,0.000000,0.000000,26.429209,0.000000,0.000000,0.000000,323,0.000000,26.429209,-0.0,26.429209,170.000000
323_CC_2-1,3,26.429209,0.000000,0.000000,1.000000,0.000000,0.000000,0.000000,0.000000,0.000000,26.429209,0.000000,0.000000,0.000000,323,0.000000,26.429209,-0.0,26.429209,61.666667
323_CC_2-2,3,30.277557,0.000000,0.000000,1.000000,0.000000,0.000000,0.000000,3.848348,0.000000,26.429209,0.000000,0.000000,0.000000,323,0.000000,30.277557,-0.0,30.277557,61.666667
323_CC_2-3,3,31.727490,0.000000,0.000000,1.000000,0.000000,0.000000,0.000000,5.298281,0.000000,26.429209,0.000000,0.000000,0.000000,323,0.000000,31.727490,-0.0,31.727490,61.666667
322_HYDRO_1-0,3,0.000000,29.433333,0.000000,1.000000,0.000000,0.000000,0.000000,0.000000,0.000000,0.000000,0.000000,0.000000,0.000000,322,0.000000,0.000000,0.0,0.000000,29.433333
322_HYDRO_1-1,3,0.000000,0.000000,0.000000,1.000000,0.000000,0.000000,0.000000,0.000000,0.000000,0.000000,0.000000,0.000000,0.000000,322,0.000000,0.000000,0.0,0.000000,0.000000
322_HYDRO_1-2,3,0.000000,0.000000,0.000000,1.000000,0.000000,0.000000,0.000000,0.000000,0.000000,0.000000,0.000000,0.000000,0.000000,322,0.000000,0.000000,0.0,0.000000,0.000000
322_HYDRO_1-3,3,0.000000,0.000000,0.000000,1.000000,0.000000,0.000000,0.000000,0.000000,0.000000,0.000000,0.000000,0.000000,0.000000,322,0.000000,0.000000,0.0,0.000000,0.000000
322_HYDRO_2-0,3,0.000000,29.433333,0.000000,1.000000,0.000000,0.000000,0.000000,0.000000,0.000000,0.000000,0.000000,0.000000,0.000000,322,0.000000,0.000000,0.0,0.000000,29.433333
322_HYDRO_2-1,3,0.000000,0.000000,0.000000,1.000000,0.000000,0.000000,0.000000,0.000000,0.000000,0.000000,0.000000,0.000000,0.000000,322,0.000000,0.000000,0.0,0.000000,0.000000
322_HYDRO_2-2,3,0.000000,0.000000,0.000000,1.000000,0.000000,0.000000,0.000000,0.000000,0.000000,0.000000,0.000000,0.000000,0.000000,322,0.000000,0.000000,0.0,0.000000,0.000000
322_HYDRO_2-3,3,0.000000,0.000000,0.000000,1.000000,0.000000,0.000000,0.000000,0.000000,0.000000,0.000000,0.000000,0.000000,0.000000,322,0.000000,0.000000,0.0,0.000000,0.000000
322_HYDRO_3-0,3,0.000000,29.433333,0.000000,1.000000,0.000000,0.000000,0.000000,0.000000,0.000000,0.000000,0.000000,0.000000,0.000000,322,0.000000,0.000000,0.0,0.000000,29.433333
322_HYDRO_3-1,3,0.000000,0.000000,0.000000,1.000000,0.000000,0.000000,0.000000,0.000000,0.000000,0.000000,0.000000,0.000000,0.000000,322,0.000000,0.000000,0.0,0.000000,0.000000
322_HYDRO_3-2,3,0.000000,0.000000,0.000000,1.000000,0.000000,0.000000,0.000000,0.000000,0.000000,0.000000,0.000000,0.000000,0.000000,322,0.000000,0.000000,0.0,0.000000,0.000000
322_HYDRO_3-3,3,0.000000,0.000000,0.000000,1.000000,0.000000,0.000000,0.000000,0.000000,0.000000,0.000000,0.000000,0.000000,0.000000,322,0.000000,0.000000,0.0,0.000000,0.000000
322_HYDRO_4-0,3,0.000000,29.433333,0.000000,1.000000,0.000000,0.000000,0.000000,0.000000,0.000000,0.000000,0.000000,0.000000,0.000000,322,0.000000,0.000000,0.0,0.000000,29.433333
322_HYDRO_4-1,3,0.000000,0.000000,0.000000,1.000000,0.000000,0.000000,0.000000,0.000000,0.000000,0.000000,0.000000,0.000000,0.000000,322,0.000000,0.000000,0.0,0.000000,0.000000
322_HYDRO_4-2,3,0.000000,0.000000,0.000000,1.000000,0.000000,0.000000,0.000000,0.000000,0.000000,0.000000,0.000000,0.000000,0.000000,322,0.000000,0.000000,0.0,0.000000,0.000000
322_HYDRO_4-3,3,0.000000,0.000000,0.000000,1.000000,0.000000,0.000000,0.000000,0.000000,0.000000,0.000000,0.000000,0.000000,0.000000,322,0.000000,0.000000,0.0,0.000000,0.000000
301_CT_1-0,4,87.255791,0.000000,0.000000,1.000000,0.000000,0.000000,0.000000,0.000000,0.000000,87.255791,0.000000,0.000000,0.000000,301,0.000000,87.255791,-0.0,87.255791,8.000000
301_CT_1-1,4,87.255791,0.000000,0.000000,1.000000,0.000000,0.000000,0.000000,0.000000,0.000000,87.255791,0.000000,0.000000,0.000000,301,0.000000,87.255791,-0.0,87.255791,4.000000
301_CT_1-2,4,99.695770,0.000000,0.000000,1.000000,0.000000,0.000000,0.000000,12.439979,0.000000,87.255791,0.000000,0.000000,0.000000,301,0.000000,99.695770,-0.0,99.695770,4.000000
301_CT_1-3,4,105.367241,0.000000,0.000000,1.000000,0.000000,0.000000,0.000000,18.111450,0.000000,87.255791,0.000000,0.000000,0.000000,301,0.000000,105.367241,-0.0,105.367241,4.000000
301_CT_2-0,4,87.255791,0.000000,0.000000,1.000000,0.000000,0.000000,0.000000,0.000000,0.000000,87.255791,0.000000,0.000000,0.000000,301,0.000000,87.255791,-0.0,87.255791,8.000000
301_CT_2-1,4,87.255791,0.000000,0.000000,1.000000,0.000000,0.000000,0.000000,0.000000,0.000000,87.255791,0.000000,0.000000,0.000000,301,0.000000,87.255791,-0.0,87.255791,4.000000
301_CT_2-2,4,99.695770,0.000000,0.000000,1.000000,0.000000,0.000000,0.000000,12.439979,0.000000,87.255791,0.000000,0.000000,0.000000,301,0.000000,99.695770,-0.0,99.695770,4.000000
301_CT_2-3,4,105.367241,0.000000,0.000000,1.000000,0.000000,0.000000,0.000000,18.111450,0.000000,87.255791,0.000000,0.000000,0.000000,301,0.000000,105.367241,-0.0,105.367241,4.000000
301_CT_3-0,4,28.469999,0.000000,0.000000,1.000000,0.000000,0.000000,0.000000,0.000000,0.000000,28.469999,0.000000,0.000000,0.000000,301,0.000000,28.469999,-0.0,28.469999,22.000000
301_CT_3-1,4,28.469999,0.000000,0.000000,1.000000,0.000000,0.000000,0.000000,0.000000,0.000000,28.469999,0.000000,0.000000,0.000000,301,0.000000,28.469999,-0.0,28.469999,11.000000
301_CT_3-2,4,29.286315,0.000000,0.000000,1.000000,0.000000,0.000000,0.000000,0.816316,0.000000,28.469999,0.000000,0.000000,0.000000,301,0.000000,29.286315,-0.0,29.286315,11.000000
301_CT_3-3,4,43.742887,0.000000,0.000000,1.000000,0.000000,0.000000,0.000000,15.272887,0.000000,28.469999,0.000000,0.000000,0.000000,301,0.000000,43.742887,-0.0,43.742887,11.000000
301_CT_4-0,4,28.469999,0.000000,0.000000,1.000000,0.000000,0.000000,0.000000,0.000000,0.000000,28.469999,0.000000,0.000000,0.000000,301,0.000000,28.469999,-0.0,28.469999,22.000000
301_CT_4-1,4,28.469999,0.000000,0.000000,1.000000,0.000000,0.000000,0.000000,0.000000,0.000000,28.469999,0.000000,0.000000,0.000000,301,0.000000,28.469999,-0.0,28.469999,11.000000
301_CT_4-2,4,29.286315,0.000000,0.000000,1.000000,0.000000,0.000000,0.000000,0.816316,0.000000,28.469999,0.000000,0.000000,0.000000,301,0.000000,29.286315,-0.0,29.286315,11.000000
301_CT_4-3,4,43.742887,0.000000,0.000000,1.000000,0.000000,0.000000,0.000000,15.272887,0.000000,28.469999,0.000000,0.000000,0.000000,301,0.000000,43.742887,-0.0,43.742887,11.000000
302_CT_1-0,4,87.255791,0.000000,0.000000,1.000000,0.000000,0.000000,0.000000,0.000000,0.000000,87.255791,0.000000,0.000000,0.000000,302,0.000000,87.255791,-0.0,87.255791,8.000000
302_CT_1-1,4,87.255791,0.000000,0.000000,1.000000,0.000000,0.000000,0.000000,0.000000,0.000000,87.255791,0.000000,0.000000,0.000000,302,0.000000,87.255791,-0.0,87.255791,4.000000
302_CT_1-2,4,99.695770,0.000000,0.000000,1.000000,0.000000,0.000000,0.000000,12.439979,0.000000,87.255791,0.000000,0.000000,0.000000,302,0.000000,99.695770,-0.0,99.695770,4.000000
302_CT_1-3,4,105.367241,0.000000,0.000000,1.000000,0.000000,0.000000,0.000000,18.111450,0.000000,87.255791,0.000000,0.000000,0.000000,302,0.000000,105.367241,-0.0,105.367241,4.000000
302_CT_2-0,4,87.255791,0.000000,0.000000,1.000000,0.000000,0.000000,0.000000,0.000000,0.000000,87.255791,0.000000,0.000000,0.000000,302,0.000000,87.255791,-0.0,87.255791,8.000000
302_CT_2-1,4,87.255791,0.000000,0.000000,1.000000,0.000000,0.000000,0.000000,0.000000,0.000000,87.255791,0.000000,0.000000,0.000000,302,0.000000,87.255791,-0.0,87.255791,4.000000
302_CT_2-2,4,99.695770,0.000000,0.000000,1.000000,0.000000,0.000000,0.000000,12.439979,0.000000,87.255791,0.000000,0.000000,0.000000,302,0.000000,99.695770,-0.0,99.695770,4.000000
302_CT_2-3,4,105.367241,0.000000,0.000000,1.000000,0.000000,0.000000,0.000000,18.111450,0.000000,87.255791,0.000000,0.000000,0.000000,302,0.000000,105.367241,-0.0,105.367241,4.000000
302_CT_3-0,4,33.791603,0.000000,0.000000,1.000000,0.000000,0.000000,0.000000,0.000000,0.000000,33.791603,0.000000,0.000000,0.000000,302,0.000000,33.791603,-0.0,33.791603,22.000000
302_CT_3-1,4,33.791603,0.000000,0.000000,1.000000,0.000000,0.000000,0.000000,0.000000,0.000000,33.791603,0.000000,0.000000,0.000000,302,0.000000,33.791603,-0.0,33.791603,11.000000
302_CT_3-2,4,38.382410,0.000000,0.000000,1.000000,0.000000,0.000000,0.000000,4.590807,0.000000,33.791603,0.000000,0.000000,0.000000,302,0.000000,38.382410,-0.0,38.382410,11.000000
302_CT_3-3,4,38.635080,0.000000,0.000000,1.000000,0.000000,0.000000,0.000000,4.843476,0.000000,33.791603,0.000000,0.000000,0.000000,302,0.000000,38.635080,-0.0,38.635080,11.000000
302_CT_4-0,4,33.791603,0.000000,0.000000,1.000000,0.000000,0.000000,0.000000,0.000000,0.000000,33.791603,0.000000,0.000000,0.000000,302,0.000000,33.791603,-0.0,33.791603,22.000000
302_CT_4-1,4,33.791603,0.000000,0.000000,1.000000,0.000000,0.000000,0.000000,0.000000,0.000000,33.791603,0.000000,0.000000,0.000000,302,0.000000,33.791603,-0.0,33.791603,11.000000
302_CT_4-2,4,38.382410,0.000000,0.000000,1.000000,0.000000,0.000000,0.000000,4.590807,0.000000,33.791603,0.000000,0.000000,0.000000,302,0.000000,38.382410,-0.0,38.382410,11.000000
302_CT_4-3,4,38.635080,0.000000,0.000000,1.000000,0.000000,0.000000,0.000000,4.843476,0.000000,33.791603,0.000000,0.000000,0.000000,302,0.000000,38.635080,-0.0,38.635080,11.000000
307_CT_1-0,4,27.894691,0.000000,0.000000,1.000000,0.000000,0.000000,0.000000,0.000000,0.000000,27.894691,0.000000,0.000000,0.000000,307,0.000000,27.894691,-0.0,27.894691,22.000000
307_CT_1-1,4,27.894691,0.000000,0.000000,1.000000,0.000000,0.000000,0.000000,0.000000,0.000000,27.894691,0.000000,0.000000,0.000000,307,0.000000,27.894691,-0.0,27.894691,11.000000
307_CT_1-2,4,29.220233,0.000000,0.000000,1.000000,0.000000,0.000000,0.000000,1.325542,0.000000,27.894691,0.000000,0.000000,0.000000,307,0.000000,29.220233,-0.0,29.220233,11.000000
307_CT_1-3,4,35.474770,0.000000,0.000000,1.000000,0.000000,0.000000,0.000000,7.580079,0.000000,27.894691,0.000000,0.000000,0.000000,307,0.000000,35.474770,-0.0,35.474770,11.000000
307_CT_2-0,4,27.894691,0.000000,0.000000,1.000000,0.000000,0.000000,0.000000,0.000000,0.000000,27.894691,0.000000,0.000000,0.000000,307,0.000000,27.894691,-0.0,27.894691,22.000000
307_CT_2-1,4,27.894691,0.000000,0.000000,1.000000,0.000000,0.000000,0.000000,0.000000,0.000000,27.894691,0.000000,0.000000,0.000000,307,0.000000,27.894691,-0.0,27.894691,11.000000
307_CT_2-2,4,29.220233,0.000000,0.000000,1.000000,0.000000,0.000000,0.000000,1.325542,0.000000,27.894691,0.000000,0.000000,0.000000,307,0.000000,29.220233,-0.0,29.220233,11.000000
307_CT_2-3,4,35.474770,0.000000,0.000000,1.000000,0.000000,0.000000,0.000000,7.580079,0.000000,27.894691,0.000000,0.000000,0.000000,307,0.000000,35.474770,-0.0,35.474770,11.000000
313_CC_1-0,4,15.731579,0.000000,0.000000,1.000000,0.000000,0.000000,0.000000,0.000000,0.000000,15.731579,0.000000,0.000000,0.000000,313,0.000000,15.731579,-0.0,15.731579,170.000000
313_CC_1-1,4,15.731579,0.000000,0.000000,1.000000,0.000000,0.000000,0.000000,0.000000,0.000000,15.731579,0.000000,0.000000,0.000000,313,0.000000,15.731579,-0.0,15.731579,61.666667
313_CC_1-2,4,26.755735,0.000000,0.000000,1.000000,0.000000,0.000000,0.000000,11.024156,0.000000,15.731579,0.000000,0.000000,0.000000,313,0.000000,26.755735,-0.0,26.755735,61.666667
313_CC_1-3,4,33.752731,0.000000,0.000000,1.000000,0.000000,0.000000,0.000000,18.021152,0.000000,15.731579,0.000000,0.000000,0.000000,313,0.000000,33.752731,-0.0,33.752731,61.666667
315_STEAM_1-0,4,75.436777,0.000000,0.000000,1.000000,0.000000,0.000000,0.000000,75.436777,0.000000,0.000000,0.000000,0.000000,0.000000,315,0.000000,75.436777,-0.0,75.436777,5.000000
315_STEAM_1-1,4,75.436777,0.000000,0.000000,1.000000,0.000000,0.000000,0.000000,75.436777,0.000000,0.000000,0.000000,0.000000,0.000000,315,0.000000,75.436777,-0.0,75.436777,2.333333
315_STEAM_1-2,4,100.399529,0.000000,0.000000,1.000000,0.000000,0.000000,0.000000,100.399529,0.000000,0.000000,0.000000,0.000000,0.000000,315,0.000000,100.399529,-0.0,100.399529,2.333333
315_STEAM_1-3,4,124.099655,0.000000,0.000000,1.000000,0.000000,0.000000,0.000000,124.099655,0.000000,0.000000,0.000000,0.000000,0.000000,315,0.000000,124.099655,-0.0,124.099655,2.333333
315_STEAM_2-0,4,75.436777,0.000000,0.000000,1.000000,0.000000,0.000000,0.000000,75.436777,0.000000,0.000000,0.000000,0.000000,0.000000,315,0.000000,75.436777,-0.0,75.436777,5.000000
315_STEAM_2-1,4,75.436777,0.000000,0.000000,1.000000,0.000000,0.000000,0.000000,75.436777,0.000000,0.000000,0.000000,0.000000,0.000000,315,0.000000,75.436777,-0.0,75.436777,2.333333
315_STEAM_2-2,4,100.399529,0.000000,0.000000,1.000000,0.000000,0.000000,0.000000,100.399529,0.000000,0.000000,0.000000,0.000000,0.000000,315,0.000000,100.399529,-0.0,100.399529,2.333333
315_STEAM_2-3,4,124.099655,0.000000,0.000000,1.000000,0.000000,0.000000,0.000000,124.099655,0.000000,0.000000,0.000000,0.000000,0.000000,315,0.000000,124.099655,-0.0,124.099655,2.333333
315_STEAM_3-0,4,75.436777,0.000000,0.000000,1.000000,0.000000,0.000000,0.000000,75.436777,0.000000,0.000000,0.000000,0.000000,0.000000,315,0.000000,75.436777,-0.0,75.436777,5.000000
315_STEAM_3-1,4,75.436777,0.000000,0.000000,1.000000,0.000000,0.000000,0.000000,75.436777,0.000000,0.000000,0.000000,0.000000,0.000000,315,0.000000,75.436777,-0.0,75.436777,2.333333
315_STEAM_3-2,4,100.399529,0.000000,0.000000,1.000000,0.000000,0.000000,0.000000,100.399529,0.000000,0.000000,0.000000,0.000000,0.000000,315,0.000000,100.399529,-0.0,100.399529,2.333333
315_STEAM_3-3,4,124.099655,0.000000,0.000000,1.000000,0.000000,0.000000,0.000000,124.099655,0.000000,0.000000,0.000000,0.000000,0.000000,315,0.000000,124.099655,-0.0,124.099655,2.333333
315_STEAM_4-0,4,75.436777,0.000000,0.000000,1.000000,0.000000,0.000000,0.000000,75.436777,0.000000,0.000000,0.000000,0.000000,0.000000,315,0.000000,75.436777,-0.0,75.436777,5.000000
315_STEAM_4-1,4,75.436777,0.000000,0.000000,1.000000,0.000000,0.000000,0.000000,75.436777,0.000000,0.000000,0.000000,0.000000,0.000000,315,0.000000,75.436777,-0.0,75.436777,2.333333
315_STEAM_4-2,4,100.399529,0.000000,0.000000,1.000000,0.000000,0.000000,0.000000,100.399529,0.000000,0.000000,0.000000,0.000000,0.000000,315,0.000000,100.399529,-0.0,100.399529,2.333333
315_STEAM_4-3,4,124.099655,0.000000,0.000000,1.000000,0.000000,0.000000,0.000000,124.099655,0.000000,0.000000,0.000000,0.000000,0.000000,315,0.000000,124.099655,-0.0,124.099655,2.333333
315_STEAM_5-0,4,75.436777,0.000000,0.000000,1.000000,0.000000,0.000000,0.000000,75.436777,0.000000,0.000000,0.000000,0.000000,0.000000,315,0.000000,75.436777,-0.0,75.436777,5.000000
315_STEAM_5-1,4,75.436777,0.000000,0.000000,1.000000,0.000000,0.000000,0.000000,75.436777,0.000000,0.000000,0.000000,0.000000,0.000000,315,0.000000,75.436777,-0.0,75.436777,2.333333
315_STEAM_5-2,4,100.399529,0.000000,0.000000,1.000000,0.000000,0.000000,0.000000,100.399529,0.000000,0.000000,0.000000,0.000000,0.000000,315,0.000000,100.399529,-0.0,100.399529,2.333333
315_STEAM_5-3,4,124.099655,0.000000,0.000000,1.000000,0.000000,0.000000,0.000000,124.099655,0.000000,0.000000,0.000000,0.000000,0.000000,315,0.000000,124.099655,-0.0,124.099655,2.333333
315_CT_6-0,4,26.401998,0.000000,0.000000,1.000000,0.000000,0.000000,0.000000,26.401998,0.000000,0.000000,0.000000,0.000000,0.000000,315,0.000000,26.401998,-0.0,26.401998,22.000000
315_CT_6-1,4,26.401998,0.000000,0.000000,1.000000,0.000000,0.000000,0.000000,26.401998,0.000000,0.000000,0.000000,0.000000,0.000000,315,0.000000,26.401998,-0.0,26.401998,11.000000
315_CT_6-2,4,26.895675,0.000000,0.000000,1.000000,0.000000,0.000000,0.000000,26.895675,0.000000,0.000000,0.000000,0.000000,0.000000,315,0.000000,26.895675,-0.0,26.895675,11.000000
315_CT_6-3,4,31.855768,0.000000,0.000000,1.000000,0.000000,0.000000,0.000000,31.855768,0.000000,0.000000,0.000000,0.000000,0.000000,315,0.000000,31.855768,-0.0,31.855768,11.000000
315_CT_7-0,4,26.401998,0.000000,0.000000,1.000000,0.000000,0.000000,0.000000,26.401998,0.000000,0.000000,0.000000,0.000000,0.000000,315,0.000000,26.401998,-0.0,26.401998,22.000000
315_CT_7-1,4,26.401998,0.000000,0.000000,1.000000,0.000000,0.000000,0.000000,26.401998,0.000000,0.000000,0.000000,0.000000,0.000000,315,0.000000,26.401998,-0.0,26.401998,11.000000
315_CT_7-2,4,26.895675,0.000000,0.000000,1.000000,0.000000,0.000000,0.000000,26.895675,0.000000,0.000000,0.000000,0.000000,0.000000,315,0.000000,26.895675,-0.0,26.895675,11.000000
315_CT_7-3,4,31.855768,0.000000,0.000000,1.000000,0.000000,0.000000,0.000000,31.855768,0.000000,0.000000,0.000000,0.000000,0.000000,315,0.000000,31.855768,-0.0,31.855768,11.000000
315_CT_8-0,4,26.401998,0.000000,0.000000,1.000000,0.000000,0.000000,0.000000,26.401998,0.000000,0.000000,0.000000,0.000000,0.000000,315,0.000000,26.401998,-0.0,26.401998,22.000000
315_CT_8-1,4,26.401998,0.000000,0.000000,1.000000,0.000000,0.000000,0.000000,26.401998,0.000000,0.000000,0.000000,0.000000,0.000000,315,0.000000,26.401998,-0.0,26.401998,11.000000
315_CT_8-2,4,26.895675,0.000000,0.000000,1.000000,0.000000,0.000000,0.000000,26.895675,0.000000,0.000000,0.000000,0.000000,0.000000,315,0.000000,26.895675,-0.0,26.895675,11.000000
315_CT_8-3,4,31.855768,0.000000,0.000000,1.000000,0.000000,0.000000,0.000000,31.855768,0.000000,0.000000,0.000000,0.000000,0.000000,315,0.000000,31.855768,-0.0,31.855768,11.000000
316_STEAM_1-0,4,21.116646,0.000000,0.000000,1.000000,0.000000,0.000000,0.000000,21.116646,0.000000,0.000000,0.000000,0.000000,0.000000,316,0.000000,21.116646,-0.0,21.116646,62.000000
316_STEAM_1-1,4,21.116646,0.000000,0.000000,1.000000,0.000000,0.000000,0.000000,21.116646,0.000000,0.000000,0.000000,0.000000,0.000000,316,0.000000,21.116646,-0.0,21.116646,31.000000
316_STEAM_1-2,4,21.287879,0.000000,0.000000,1.000000,0.000000,0.000000,0.000000,21.287879,0.000000,0.000000,0.000000,0.000000,0.000000,316,0.000000,21.287879,-0.0,21.287879,31.000000
316_STEAM_1-3,4,27.274699,0.000000,0.000000,1.000000,0.000000,0.000000,0.000000,27.274699,0.000000,0.000000,0.000000,0.000000,0.000000,316,0.000000,27.274699,-0.0,27.274699,31.000000
318_CC_1-0,4,26.845141,0.000000,0.000000,1.000000,0.000000,0.000000,0.000000,26.845141,0.000000,0.000000,0.000000,0.000000,0.000000,318,0.000000,26.845141,-0.0,26.845141,170.000000
318_CC_1-1,4,26.845141,0.000000,0.000000,1.000000,0.000000,0.000000,0.000000,26.845141,0.000000,0.000000,0.000000,0.000000,0.000000,318,0.000000,26.845141,-0.0,26.845141,61.666667
318_CC_1-2,4,27.276623,0.000000,0.000000,1.000000,0.000000,0.000000,0.000000,27.276623,0.000000,0.000000,0.000000,0.000000,0.000000,318,0.000000,27.276623,-0.0,27.276623,61.666667
318_CC_1-3,4,31.529241,0.000000,0.000000,1.000000,0.000000,0.000000,0.000000,31.529241,0.000000,0.000000,0.000000,0.000000,0.000000,318,0.000000,31.529241,-0.0,31.529241,61.666667
321_CC_1-0,4,22.732463,0.000000,0.000000,1.000000,0.000000,0.000000,0.000000,22.732463,0.000000,0.000000,0.000000,0.000000,0.000000,321,0.000000,22.732463,-0.0,22.732463,170.000000
321_CC_1-1,4,22.732463,0.000000,0.000000,1.000000,0.000000,0.000000,0.000000,22.732463,0.000000,0.000000,0.000000,0.000000,0.000000,321,0.000000,22.732463,-0.0,22.732463,61.666667
321_CC_1-2,4,25.908321,0.000000,0.000000,1.000000,0.000000,0.000000,0.000000,25.908321,0.000000,0.000000,0.000000,0.000000,0.000000,321,0.000000,25.908321,-0.0,25.908321,61.666667
321_CC_1-3,4,33.947092,0.000000,0.000000,1.000000,0.000000,0.000000,0.000000,33.947092,0.000000,0.000000,0.000000,0.000000,0.000000,321,0.000000,33.947092,-0.0,33.947092,61.666667
322_CT_5-0,4,23.334982,0.000000,0.000000,1.000000,0.000000,0.000000,0.000000,23.334982,0.000000,0.000000,0.000000,0.000000,0.000000,322,0.000000,23.334982,-0.0,23.334982,22.000000
322_CT_5-1,4,23.334982,0.000000,0.000000,1.000000,0.000000,0.000000,0.000000,23.334982,0.000000,0.000000,0.000000,0.000000,0.000000,322,0.000000,23.334982,-0.0,23.334982,11.000000
322_CT_5-2,4,26.499179,0.000000,0.000000,1.000000,0.000000,0.000000,0.000000,26.499179,0.000000,0.000000,0.000000,0.000000,0.000000,322,0.000000,26.499179,-0.0,26.499179,11.000000
322_CT_5-3,4,27.894691,0.000000,0.000000,1.000000,0.000000,0.000000,0.000000,27.894691,0.000000,0.000000,0.000000,0.000000,0.000000,322,0.000000,27.894691,-0.0,27.894691,11.000000
322_CT_6-0,4,23.334982,0.000000,0.000000,1.000000,0.000000,0.000000,0.000000,23.334982,0.000000,0.000000,0.000000,0.000000,0.000000,322,0.000000,23.334982,-0.0,23.334982,22.000000
322_CT_6-1,4,23.334982,0.000000,0.000000,1.000000,0.000000,0.000000,0.000000,23.334982,0.000000,0.000000,0.000000,0.000000,0.000000,322,0.000000,23.334982,-0.0,23.334982,11.000000
322_CT_6-2,4,26.499179,0.000000,0.000000,1.000000,0.000000,0.000000,0.000000,26.499179,0.000000,0.000000,0.000000,0.000000,0.000000,322,0.000000,26.499179,-0.0,26.499179,11.000000
322_CT_6-3,4,27.894691,0.000000,0.000000,1.000000,0.000000,0.000000,0.000000,27.894691,0.000000,0.000000,0.000000,0.000000,0.000000,322,0.000000,27.894691,-0.0,27.894691,11.000000
323_CC_1-0,4,26.429209,0.000000,0.000000,1.000000,0.000000,0.000000,0.000000,0.000000,0.000000,26.429209,0.000000,0.000000,0.000000,323,0.000000,26.429209,-0.0,26.429209,170.000000
323_CC_1-1,4,26.429209,0.000000,0.000000,1.000000,0.000000,0.000000,0.000000,0.000000,0.000000,26.429209,0.000000,0.000000,0.000000,323,0.000000,26.429209,-0.0,26.429209,61.666667
323_CC_1-2,4,30.277557,0.000000,0.000000,1.000000,0.000000,0.000000,0.000000,3.848348,0.000000,26.429209,0.000000,0.000000,0.000000,323,0.000000,30.277557,-0.0,30.277557,61.666667
323_CC_1-3,4,31.727490,0.000000,0.000000,1.000000,0.000000,0.000000,0.000000,5.298281,0.000000,26.429209,0.000000,0.000000,0.000000,323,0.000000,31.727490,-0.0,31.727490,61.666667
323_CC_2-0,4,26.429209,0.000000,0.000000,1.000000,0.000000,0.000000,0.000000,0.000000,0.000000,26.429209,0.000000,0.000000,0.000000,323,0.000000,26.429209,-0.0,26.429209,170.000000
323_CC_2-1,4,26.429209,0.000000,0.000000,1.000000,0.000000,0.000000,0.000000,0.000000,0.000000,26.429209,0.000000,0.000000,0.000000,323,0.000000,26.429209,-0.0,26.429209,61.666667
323_CC_2-2,4,30.277557,0.000000,0.000000,1.000000,0.000000,0.000000,0.000000,3.848348,0.000000,26.429209,0.000000,0.000000,0.000000,323,0.000000,30.277557,-0.0,30.277557,61.666667
323_CC_2-3,4,31.727490,0.000000,0.000000,1.000000,0.000000,0.000000,0.000000,5.298281,0.000000,26.429209,0.000000,0.000000,0.000000,323,0.000000,31.727490,-0.0,31.727490,61.666667
322_HYDRO_1-0,4,0.000000,0.000000,0.000000,1.000000,0.000000,0.000000,0.000000,0.000000,0.000000,0.000000,0.000000,0.000000,0.000000,322,0.000000,0.000000,0.0,0.000000,35.845833
322_HYDRO_1-1,4,0.000000,0.000000,0.000000,1.000000,0.000000,0.000000,0.000000,0.000000,0.000000,0.000000,0.000000,0.000000,0.000000,322,0.000000,0.000000,0.0,0.000000,0.000000
322_HYDRO_1-2,4,0.000000,0.000000,0.000000,1.000000,0.000000,0.000000,0.000000,0.000000,0.000000,0.000000,0.000000,0.000000,0.000000,322,0.000000,0.000000,0.0,0.000000,0.000000
322_HYDRO_1-3,4,0.000000,0.000000,0.000000,1.000000,0.000000,0.000000,0.000000,0.000000,0.000000,0.000000,0.000000,0.000000,0.000000,322,0.000000,0.000000,0.0,0.000000,0.000000
322_HYDRO_2-0,4,0.000000,0.000000,0.000000,1.000000,0.000000,0.000000,0.000000,0.000000,0.000000,0.000000,0.000000,0.000000,0.000000,322,0.000000,0.000000,0.0,0.000000,35.845833
322_HYDRO_2-1,4,0.000000,0.000000,0.000000,1.000000,0.000000,0.000000,0.000000,0.000000,0.000000,0.000000,0.000000,0.000000,0.000000,322,0.000000,0.000000,0.0,0.000000,0.000000
322_HYDRO_2-2,4,0.000000,0.000000,0.000000,1.000000,0.000000,0.000000,0.000000,0.000000,0.000000,0.000000,0.000000,0.000000,0.000000,322,0.000000,0.000000,0.0,0.000000,0.000000
322_HYDRO_2-3,4,0.000000,0.000000,0.000000,1.000000,0.000000,0.000000,0.000000,0.000000,0.000000,0.000000,0.000000,0.000000,0.000000,322,0.000000,0.000000,0.0,0.000000,0.000000
322_HYDRO_3-0,4,0.000000,0.000000,0.000000,1.000000,0.000000,0.000000,0.000000,0.000000,0.000000,0.000000,0.000000,0.000000,0.000000,322,0.000000,0.000000,0.0,0.000000,35.845833
322_HYDRO_3-1,4,0.000000,0.000000,0.000000,1.000000,0.000000,0.000000,0.000000,0.000000,0.000000,0.000000,0.000000,0.000000,0.000000,322,0.000000,0.000000,0.0,0.000000,0.000000
322_HYDRO_3-2,4,0.000000,0.000000,0.000000,1.000000,0.000000,0.000000,0.000000,0.000000,0.000000,0.000000,0.000000,0.000000,0.000000,322,0.000000,0.000000,0.0,0.000000,0.000000
322_HYDRO_3-3,4,0.000000,0.000000,0.000000,1.000000,0.000000,0.000000,0.000000,0.000000,0.000000,0.000000,0.000000,0.000000,0.000000,322,0.000000,0.000000,0.0,0.000000,0.000000
322_HYDRO_4-0,4,0.000000,0.000000,0.000000,1.000000,0.000000,0.000000,0.000000,0.000000,0.000000,0.000000,0.000000,0.000000,0.000000,322,0.000000,0.000000,0.0,0.000000,35.845833
322_HYDRO_4-1,4,0.000000,0.000000,0.000000,1.000000,0.000000,0.000000,0.000000,0.000000,0.000000,0.000000,0.000000,0.000000,0.000000,322,0.000000,0.000000,0.0,0.000000,0.000000
322_HYDRO_4-2,4,0.000000,0.000000,0.000000,1.000000,0.000000,0.000000,0.000000,0.000000,0.000000,0.000000,0.000000,0.000000,0.000000,322,0.000000,0.000000,0.0,0.000000,0.000000
322_HYDRO_4-3,4,0.000000,0.000000,0.000000,1.000000,0.000000,0.000000,0.000000,0.000000,0.000000,0.000000,0.000000,0.000000,0.000000,322,0.000000,0.000000,0.0,0.000000,0.000000
301_CT_1-0,5,87.255791,0.000000,0.000000,1.000000,0.000000,0.000000,0.000000,0.000000,0.000000,87.255791,0.000000,0.000000,0.000000,301,0.000000,87.255791,-0.0,87.255791,8.000000
301_CT_1-1,5,87.255791,0.000000,0.000000,1.000000,0.000000,0.000000,0.000000,0.000000,0.000000,87.255791,0.000000,0.000000,0.000000,301,0.000000,87.255791,-0.0,87.255791,4.000000
301_CT_1-2,5,99.695770,0.000000,0.000000,1.000000,0.000000,0.000000,0.000000,12.439979,0.000000,87.255791,0.000000,0.000000,0.000000,301,0.000000,99.695770,-0.0,99.695770,4.000000
301_CT_1-3,5,105.367241,0.000000,0.000000,1.000000,0.000000,0.000000,0.000000,18.111450,0.000000,87.255791,0.000000,0.000000,0.000000,301,0.000000,105.367241,-0.0,105.367241,4.000000
301_CT_2-0,5,87.255791,0.000000,0.000000,1.000000,0.000000,0.000000,0.000000,0.000000,0.000000,87.255791,0.000000,0.000000,0.000000,301,0.000000,87.255791,-0.0,87.255791,8.000000
301_CT_2-1,5,87.255791,0.000000,0.000000,1.000000,0.000000,0.000000,0.000000,0.000000,0.000000,87.255791,0.000000,0.000000,0.000000,301,0.000000,87.255791,-0.0,87.255791,4.000000
301_CT_2-2,5,99.695770,0.000000,0.000000,1.000000,0.000000,0.000000,0.000000,12.439979,0.000000,87.255791,0.000000,0.000000,0.000000,301,0.000000,99.695770,-0.0,99.695770,4.000000
301_CT_2-3,5,105.367241,0.000000,0.000000,1.000000,0.000000,0.000000,0.000000,18.111450,0.000000,87.255791,0.000000,0.000000,0.000000,301,0.000000,105.367241,-0.0,105.367241,4.000000
301_CT_3-0,5,28.469999,0.000000,0.000000,1.000000,0.000000,0.000000,0.000000,0.000000,0.000000,28.469999,0.000000,0.000000,0.000000,301,0.000000,28.469999,-0.0,28.469999,22.000000
301_CT_3-1,5,28.469999,0.000000,0.000000,1.000000,0.000000,0.000000,0.000000,0.000000,0.000000,28.469999,0.000000,0.000000,0.000000,301,0.000000,28.469999,-0.0,28.469999,11.000000
301_CT_3-2,5,29.286315,0.000000,0.000000,1.000000,0.000000,0.000000,0.000000,0.816316,0.000000,28.469999,0.000000,0.000000,0.000000,301,0.000000,29.286315,-0.0,29.286315,11.000000
301_CT_3-3,5,43.742887,0.000000,0.000000,1.000000,0.000000,0.000000,0.000000,15.272887,0.000000,28.469999,0.000000,0.000000,0.000000,301,0.000000,43.742887,-0.0,43.742887,11.000000
301_CT_4-0,5,28.469999,0.000000,0.000000,1.000000,0.000000,0.000000,0.000000,28.469999,0.000000,0.000000,0.000000,0.000000,0.000000,301,0.000000,28.469999,-0.0,28.469999,22.000000
301_CT_4-1,5,28.469999,0.000000,0.000000,1.000000,0.000000,0.000000,0.000000,28.469999,0.000000,0.000000,0.000000,0.000000,0.000000,301,0.000000,28.469999,-0.0,28.469999,11.000000
301_CT_4-2,5,29.286315,0.000000,0.000000,1.000000,0.000000,0.000000,0.000000,29.286315,0.000000,0.000000,0.000000,0.000000,0.000000,301,0.000000,29.286315,-0.0,29.286315,11.000000
301_CT_4-3,5,43.742887,0.000000,0.000000,1.000000,0.000000,0.000000,0.000000,43.742887,0.000000,0.000000,0.000000,0.000000,0.000000,301,0.000000,43.742887,-0.0,43.742887,11.000000
302_CT_1-0,5,87.255791,0.000000,0.000000,1.000000,0.000000,0.000000,0.000000,0.000000,0.000000,87.255791,0.000000,0.000000,0.000000,302,0.000000,87.255791,-0.0,87.255791,8.000000
302_CT_1-1,5,87.255791,0.000000,0.000000,1.000000,0.000000,0.000000,0.000000,0.000000,0.000000,87.255791,0.000000,0.000000,0.000000,302,0.000000,87.255791,-0.0,87.255791,4.000000
302_CT_1-2,5,99.695770,0.000000,0.000000,1.000000,0.000000,0.000000,0.000000,12.439979,0.000000,87.255791,0.000000,0.000000,0.000000,302,0.000000,99.695770,-0.0,99.695770,4.000000
302_CT_1-3,5,105.367241,0.000000,0.000000,1.000000,0.000000,0.000000,0.000000,18.111450,0.000000,87.255791,0.000000,0.000000,0.000000,302,0.000000,105.367241,-0.0,105.367241,4.000000
302_CT_2-0,5,87.255791,0.000000,0.000000,1.000000,0.000000,0.000000,0.000000,0.000000,0.000000,87.255791,0.000000,0.000000,0.000000,302,0.000000,87.255791,-0.0,87.255791,8.000000
302_CT_2-1,5,87.255791,0.000000,0.000000,1.000000,0.000000,0.000000,0.000000,0.000000,0.000000,87.255791,0.000000,0.000000,0.000000,302,0.000000,87.255791,-0.0,87.255791,4.000000
302_CT_2-2,5,99.695770,0.000000,0.000000,1.000000,0.000000,0.000000,0.000000,12.439979,0.000000,87.255791,0.000000,0.000000,0.000000,302,0.000000,99.695770,-0.0,99.695770,4.000000
302_CT_2-3,5,105.367241,0.000000,0.000000,1.000000,0.000000,0.000000,0.000000,18.111450,0.000000,87.255791,0.000000,0.000000,0.000000,302,0.000000,105.367241,-0.0,105.367241,4.000000
302_CT_3-0,5,33.791603,0.000000,0.000000,1.000000,0.000000,0.000000,0.000000,0.000000,0.000000,33.791603,0.000000,0.000000,0.000000,302,0.000000,33.791603,-0.0,33.791603,22.000000
302_CT_3-1,5,33.791603,0.000000,0.000000,1.000000,0.000000,0.000000,0.000000,0.000000,0.000000,33.791603,0.000000,0.000000,0.000000,302,0.000000,33.791603,-0.0,33.791603,11.000000
302_CT_3-2,5,38.382410,0.000000,0.000000,1.000000,0.000000,0.000000,0.000000,4.590807,0.000000,33.791603,0.000000,0.000000,0.000000,302,0.000000,38.382410,-0.0,38.382410,11.000000
302_CT_3-3,5,38.635080,0.000000,0.000000,1.000000,0.000000,0.000000,0.000000,4.843476,0.000000,33.791603,0.000000,0.000000,0.000000,302,0.000000,38.635080,-0.0,38.635080,11.000000
302_CT_4-0,5,33.791603,0.000000,0.000000,1.000000,0.000000,0.000000,0.000000,0.000000,0.000000,33.791603,0.000000,0.000000,0.000000,302,0.000000,33.791603,-0.0,33.791603,22.000000
302_CT_4-1,5,33.791603,0.000000,0.000000,1.000000,0.000000,0.000000,0.000000,0.000000,0.000000,33.791603,0.000000,0.000000,0.000000,302,0.000000,33.791603,-0.0,33.791603,11.000000
302_CT_4-2,5,38.382410,0.000000,0.000000,1.000000,0.000000,0.000000,0.000000,4.590807,0.000000,33.791603,0.000000,0.000000,0.000000,302,0.000000,38.382410,-0.0,38.382410,11.000000
302_CT_4-3,5,38.635080,0.000000,0.000000,1.000000,0.000000,0.000000,0.000000,4.843476,0.000000,33.791603,0.000000,0.000000,0.000000,302,0.000000,38.635080,-0.0,38.635080,11.000000
307_CT_1-0,5,27.894691,0.000000,0.000000,1.000000,0.000000,0.000000,0.000000,0.000000,0.000000,27.894691,0.000000,0.000000,0.000000,307,0.000000,27.894691,-0.0,27.894691,22.000000
307_CT_1-1,5,27.894691,0.000000,0.000000,1.000000,0.000000,0.000000,0.000000,0.000000,0.000000,27.894691,0.000000,0.000000,0.000000,307,0.000000,27.894691,-0.0,27.894691,11.000000
307_CT_1-2,5,29.220233,0.000000,0.000000,1.000000,0.000000,0.000000,0.000000,1.325542,0.000000,27.894691,0.000000,0.000000,0.000000,307,0.000000,29.220233,-0.0,29.220233,11.000000
307_CT_1-3,5,35.474770,0.000000,0.000000,1.000000,0.000000,0.000000,0.000000,7.580079,0.000000,27.894691,0.000000,0.000000,0.000000,307,0.000000,35.474770,-0.0,35.474770,11.000000
307_CT_2-0,5,27.894691,0.000000,0.000000,1.000000,0.000000,0.000000,0.000000,0.000000,0.000000,27.894691,0.000000,0.000000,0.000000,307,0.000000,27.894691,-0.0,27.894691,22.000000
307_CT_2-1,5,27.894691,0.000000,0.000000,1.000000,0.000000,0.000000,0.000000,0.000000,0.000000,27.894691,0.000000,0.000000,0.000000,307,0.000000,27.894691,-0.0,27.894691,11.000000
307_CT_2-2,5,29.220233,0.000000,0.000000,1.000000,0.000000,0.000000,0.000000,1.325542,0.000000,27.894691,0.000000,0.000000,0.000000,307,0.000000,29.220233,-0.0,29.220233,11.000000
307_CT_2-3,5,35.474770,0.000000,0.000000,1.000000,0.000000,0.000000,0.000000,7.580079,0.000000,27.894691,0.000000,0.000000,0.000000,307,0.000000,35.474770,-0.0,35.474770,11.000000
313_CC_1-0,5,15.731579,0.000000,0.000000,1.000000,0.000000,0.000000,0.000000,0.000000,0.000000,15.731579,0.000000,0.000000,0.000000,313,0.000000,15.731579,-0.0,15.731579,170.000000
313_CC_1-1,5,15.731579,0.000000,0.000000,1.000000,0.000000,0.000000,0.000000,0.000000,0.000000,15.731579,0.000000,0.000000,0.000000,313,0.000000,15.731579,-0.0,15.731579,61.666667
313_CC_1-2,5,26.755735,0.000000,0.000000,1.000000,0.000000,0.000000,0.000000,11.024156,0.000000,15.731579,0.000000,0.000000,0.000000,313,0.000000,26.755735,-0.0,26.755735,61.666667
313_CC_1-3,5,33.752731,0.000000,0.000000,1.000000,0.000000,0.000000,0.000000,18.021152,0.000000,15.731579,0.000000,0.000000,0.000000,313,0.000000,33.752731,-0.0,33.752731,61.666667
315_STEAM_1-0,5,75.436777,0.000000,0.000000,1.000000,0.000000,0.000000,0.000000,75.436777,0.000000,0.000000,0.000000,0.000000,0.000000,315,0.000000,75.436777,-0.0,75.436777,5.000000
315_STEAM_1-1,5,75.436777,0.000000,0.000000,1.000000,0.000000,0.000000,0.000000,75.436777,0.000000,0.000000,0.000000,0.000000,0.000000,315,0.000000,75.436777,-0.0,75.436777,2.333333
315_STEAM_1-2,5,100.399529,0.000000,0.000000,1.000000,0.000000,0.000000,0.000000,100.399529,0.000000,0.000000,0.000000,0.000000,0.000000,315,0.000000,100.399529,-0.0,100.399529,2.333333
315_STEAM_1-3,5,124.099655,0.000000,0.000000,1.000000,0.000000,0.000000,0.000000,124.099655,0.000000,0.000000,0.000000,0.000000,0.000000,315,0.000000,124.099655,-0.0,124.099655,2.333333
315_STEAM_2-0,5,75.436777,0.000000,0.000000,1.000000,0.000000,0.000000,0.000000,75.436777,0.000000,0.000000,0.000000,0.000000,0.000000,315,0.000000,75.436777,-0.0,75.436777,5.000000
315_STEAM_2-1,5,75.436777,0.000000,0.000000,1.000000,0.000000,0.000000,0.000000,75.436777,0.000000,0.000000,0.000000,0.000000,0.000000,315,0.000000,75.436777,-0.0,75.436777,2.333333
315_STEAM_2-2,5,100.399529,0.000000,0.000000,1.000000,0.000000,0.000000,0.000000,100.399529,0.000000,0.000000,0.000000,0.000000,0.000000,315,0.000000,100.399529,-0.0,100.399529,2.333333
315_STEAM_2-3,5,124.099655,0.000000,0.000000,1.000000,0.000000,0.000000,0.000000,124.099655,0.000000,0.000000,0.000000,0.000000,0.000000,315,0.000000,124.099655,-0.0,124.099655,2.333333
315_STEAM_3-0,5,75.436777,0.000000,0.000000,1.000000,0.000000,0.000000,0.000000,75.436777,0.000000,0.000000,0.000000,0.000000,0.000000,315,0.000000,75.436777,-0.0,75.436777,5.000000
315_STEAM_3-1,5,75.436777,0.000000,0.000000,1.000000,0.000000,0.000000,0.000000,75.436777,0.000000,0.000000,0.000000,0.000000,0.000000,315,0.000000,75.436777,-0.0,75.436777,2.333333
315_STEAM_3-2,5,100.399529,0.000000,0.000000,1.000000,0.000000,0.000000,0.000000,100.399529,0.000000,0.000000,0.000000,0.000000,0.000000,315,0.000000,100.399529,-0.0,100.399529,2.333333
315_STEAM_3-3,5,124.099655,0.000000,0.000000,1.000000,0.000000,0.000000,0.000000,124.099655,0.000000,0.000000,0.000000,0.000000,0.000000,315,0.000000,124.099655,-0.0,124.099655,2.333333
315_STEAM_4-0,5,75.436777,0.000000,0.000000,1.000000,0.000000,0.000000,0.000000,75.436777,0.000000,0.000000,0.000000,0.000000,0.000000,315,0.000000,75.436777,-0.0,75.436777,5.000000
315_STEAM_4-1,5,75.436777,0.000000,0.000000,1.000000,0.000000,0.000000,0.000000,75.436777,0.000000,0.000000,0.000000,0.000000,0.000000,315,0.000000,75.436777,-0.0,75.436777,2.333333
315_STEAM_4-2,5,100.399529,0.000000,0.000000,1.000000,0.000000,0.000000,0.000000,100.399529,0.000000,0.000000,0.000000,0.000000,0.000000,315,0.000000,100.399529,-0.0,100.399529,2.333333
315_STEAM_4-3,5,124.099655,0.000000,0.000000,1.000000,0.000000,0.000000,0.000000,124.099655,0.000000,0.000000,0.000000,0.000000,0.000000,315,0.000000,124.099655,-0.0,124.099655,2.333333
315_STEAM_5-0,5,75.436777,0.000000,0.000000,1.000000,0.000000,0.000000,0.000000,75.436777,0.000000,0.000000,0.000000,0.000000,0.000000,315,0.000000,75.436777,-0.0,75.436777,5.000000
315_STEAM_5-1,5,75.436777,0.000000,0.000000,1.000000,0.000000,0.000000,0.000000,75.436777,0.000000,0.000000,0.000000,0.000000,0.000000,315,0.000000,75.436777,-0.0,75.436777,2.333333
315_STEAM_5-2,5,100.399529,0.000000,0.000000,1.000000,0.000000,0.000000,0.000000,100.399529,0.000000,0.000000,0.000000,0.000000,0.000000,315,0.000000,100.399529,-0.0,100.399529,2.333333
315_STEAM_5-3,5,124.099655,0.000000,0.000000,1.000000,0.000000,0.000000,0.000000,124.099655,0.000000,0.000000,0.000000,0.000000,0.000000,315,0.000000,124.099655,-0.0,124.099655,2.333333
315_CT_6-0,5,26.401998,0.000000,0.000000,1.000000,0.000000,0.000000,0.000000,26.401998,0.000000,0.000000,0.000000,0.000000,0.000000,315,0.000000,26.401998,-0.0,26.401998,22.000000
315_CT_6-1,5,26.401998,0.000000,0.000000,1.000000,0.000000,0.000000,0.000000,26.401998,0.000000,0.000000,0.000000,0.000000,0.000000,315,0.000000,26.401998,-0.0,26.401998,11.000000
315_CT_6-2,5,26.895675,0.000000,0.000000,1.000000,0.000000,0.000000,0.000000,26.895675,0.000000,0.000000,0.000000,0.000000,0.000000,315,0.000000,26.895675,-0.0,26.895675,11.000000
315_CT_6-3,5,31.855768,0.000000,0.000000,1.000000,0.000000,0.000000,0.000000,31.855768,0.000000,0.000000,0.000000,0.000000,0.000000,315,0.000000,31.855768,-0.0,31.855768,11.000000
315_CT_7-0,5,26.401998,0.000000,0.000000,1.000000,0.000000,0.000000,0.000000,26.401998,0.000000,0.000000,0.000000,0.000000,0.000000,315,0.000000,26.401998,-0.0,26.401998,22.000000
315_CT_7-1,5,26.401998,0.000000,0.000000,1.000000,0.000000,0.000000,0.000000,26.401998,0.000000,0.000000,0.000000,0.000000,0.000000,315,0.000000,26.401998,-0.0,26.401998,11.000000
315_CT_7-2,5,26.895675,0.000000,0.000000,1.000000,0.000000,0.000000,0.000000,26.895675,0.000000,0.000000,0.000000,0.000000,0.000000,315,0.000000,26.895675,-0.0,26.895675,11.000000
315_CT_7-3,5,31.855768,0.000000,0.000000,1.000000,0.000000,0.000000,0.000000,31.855768,0.000000,0.000000,0.000000,0.000000,0.000000,315,0.000000,31.855768,-0.0,31.855768,11.000000
315_CT_8-0,5,26.401998,0.000000,0.000000,1.000000,0.000000,0.000000,0.000000,26.401998,0.000000,0.000000,0.000000,0.000000,0.000000,315,0.000000,26.401998,-0.0,26.401998,22.000000
315_CT_8-1,5,26.401998,0.000000,0.000000,1.000000,0.000000,0.000000,0.000000,26.401998,0.000000,0.000000,0.000000,0.000000,0.000000,315,0.000000,26.401998,-0.0,26.401998,11.000000
315_CT_8-2,5,26.895675,0.000000,0.000000,1.000000,0.000000,0.000000,0.000000,26.895675,0.000000,0.000000,0.000000,0.000000,0.000000,315,0.000000,26.895675,-0.0,26.895675,11.000000
315_CT_8-3,5,31.855768,0.000000,0.000000,1.000000,0.000000,0.000000,0.000000,31.855768,0.000000,0.000000,0.000000,0.000000,0.000000,315,0.000000,31.855768,-0.0,31.855768,11.000000
316_STEAM_1-0,5,21.116646,0.000000,0.000000,1.000000,0.000000,0.000000,0.000000,21.116646,0.000000,0.000000,0.000000,0.000000,0.000000,316,0.000000,21.116646,-0.0,21.116646,62.000000
316_STEAM_1-1,5,21.116646,0.000000,0.000000,1.000000,0.000000,0.000000,0.000000,21.116646,0.000000,0.000000,0.000000,0.000000,0.000000,316,0.000000,21.116646,-0.0,21.116646,31.000000
316_STEAM_1-2,5,21.287879,0.000000,0.000000,1.000000,0.000000,0.000000,0.000000,21.287879,0.000000,0.000000,0.000000,0.000000,0.000000,316,0.000000,21.287879,-0.0,21.287879,31.000000
316_STEAM_1-3,5,27.274699,0.000000,0.000000,1.000000,0.000000,0.000000,0.000000,27.274699,0.000000,0.000000,0.000000,0.000000,0.000000,316,0.000000,27.274699,-0.0,27.274699,31.000000
318_CC_1-0,5,26.845141,0.000000,0.000000,1.000000,0.000000,0.000000,0.000000,26.845141,0.000000,0.000000,0.000000,0.000000,0.000000,318,0.000000,26.845141,-0.0,26.845141,170.000000
318_CC_1-1,5,26.845141,0.000000,0.000000,1.000000,0.000000,0.000000,0.000000,26.845141,0.000000,0.000000,0.000000,0.000000,0.000000,318,0.000000,26.845141,-0.0,26.845141,61.666667
318_CC_1-2,5,27.276623,0.000000,0.000000,1.000000,0.000000,0.000000,0.000000,27.276623,0.000000,0.000000,0.000000,0.000000,0.000000,318,0.000000,27.276623,-0.0,27.276623,61.666667
318_CC_1-3,5,31.529241,0.000000,0.000000,1.000000,0.000000,0.000000,0.000000,31.529241,0.000000,0.000000,0.000000,0.000000,0.000000,318,0.000000,31.529241,-0.0,31.529241,61.666667
321_CC_1-0,5,22.732463,0.000000,0.000000,1.000000,0.000000,0.000000,0.000000,22.732463,0.000000,0.000000,0.000000,0.000000,0.000000,321,0.000000,22.732463,-0.0,22.732463,170.000000
321_CC_1-1,5,22.732463,0.000000,0.000000,1.000000,0.000000,0.000000,0.000000,22.732463,0.000000,0.000000,0.000000,0.000000,0.000000,321,0.000000,22.732463,-0.0,22.732463,61.666667
321_CC_1-2,5,25.908321,0.000000,0.000000,1.000000,0.000000,0.000000,0.000000,25.908321,0.000000,0.000000,0.000000,0.000000,0.000000,321,0.000000,25.908321,-0.0,25.908321,61.666667
321_CC_1-3,5,33.947092,0.000000,0.000000,1.000000,0.000000,0.000000,0.000000,33.947092,0.000000,0.000000,0.000000,0.000000,0.000000,321,0.000000,33.947092,-0.0,33.947092,61.666667
322_CT_5-0,5,23.334982,0.000000,0.000000,1.000000,0.000000,0.000000,0.000000,23.334982,0.000000,0.000000,0.000000,0.000000,0.000000,322,0.000000,23.334982,-0.0,23.334982,22.000000
322_CT_5-1,5,23.334982,0.000000,0.000000,1.000000,0.000000,0.000000,0.000000,23.334982,0.000000,0.000000,0.000000,0.000000,0.000000,322,0.000000,23.334982,-0.0,23.334982,11.000000
322_CT_5-2,5,26.499179,0.000000,0.000000,1.000000,0.000000,0.000000,0.000000,26.499179,0.000000,0.000000,0.000000,0.000000,0.000000,322,0.000000,26.499179,-0.0,26.499179,11.000000
322_CT_5-3,5,27.894691,0.000000,0.000000,1.000000,0.000000,0.000000,0.000000,27.894691,0.000000,0.000000,0.000000,0.000000,0.000000,322,0.000000,27.894691,-0.0,27.894691,11.000000
322_CT_6-0,5,23.334982,0.000000,0.000000,1.000000,0.000000,0.000000,0.000000,23.334982,0.000000,0.000000,0.000000,0.000000,0.000000,322,0.000000,23.334982,-0.0,23.334982,22.000000
322_CT_6-1,5,23.334982,0.000000,0.000000,1.000000,0.000000,0.000000,0.000000,23.334982,0.000000,0.000000,0.000000,0.000000,0.000000,322,0.000000,23.334982,-0.0,23.334982,11.000000
322_CT_6-2,5,26.499179,0.000000,0.000000,1.000000,0.000000,0.000000,0.000000,26.499179,0.000000,0.000000,0.000000,0.000000,0.000000,322,0.000000,26.499179,-0.0,26.499179,11.000000
322_CT_6-3,5,27.894691,0.000000,0.000000,1.000000,0.000000,0.000000,0.000000,27.894691,0.000000,0.000000,0.000000,0.000000,0.000000,322,0.000000,27.894691,-0.0,27.894691,11.000000
323_CC_1-0,5,26.429209,0.000000,0.000000,1.000000,0.000000,0.000000,0.000000,0.000000,0.000000,26.429209,0.000000,0.000000,0.000000,323,0.000000,26.429209,-0.0,26.429209,170.000000
323_CC_1-1,5,26.429209,0.000000,0.000000,1.000000,0.000000,0.000000,0.000000,0.000000,0.000000,26.429209,0.000000,0.000000,0.000000,323,0.000000,26.429209,-0.0,26.429209,61.666667
323_CC_1-2,5,30.277557,0.000000,0.000000,1.000000,0.000000,0.000000,0.000000,3.848348,0.000000,26.429209,0.000000,0.000000,0.000000,323,0.000000,30.277557,-0.0,30.277557,61.666667
323_CC_1-3,5,31.727490,0.000000,0.000000,1.000000,0.000000,0.000000,0.000000,5.298281,0.000000,26.429209,0.000000,0.000000,0.000000,323,0.000000,31.727490,-0.0,31.727490,61.666667
323_CC_2-0,5,26.429209,0.000000,0.000000,1.000000,0.000000,0.000000,0.000000,0.000000,0.000000,26.429209,0.000000,0.000000,0.000000,323,0.000000,26.429209,-0.0,26.429209,170.000000
323_CC_2-1,5,26.429209,0.000000,0.000000,1.000000,0.000000,0.000000,0.000000,0.000000,0.000000,26.429209,0.000000,0.000000,0.000000,323,0.000000,26.429209,-0.0,26.429209,61.666667
323_CC_2-2,5,30.277557,0.000000,0.000000,1.000000,0.000000,0.000000,0.000000,3.848348,0.000000,26.429209,0.000000,0.000000,0.000000,323,0.000000,30.277557,-0.0,30.277557,61.666667
323_CC_2-3,5,31.727490,0.000000,0.000000,1.000000,0.000000,0.000000,0.000000,5.298281,0.000000,26.429209,0.000000,0.000000,0.000000,323,0.000000,31.727490,-0.0,31.727490,61.666667
322_HYDRO_1-0,5,0.000000,0.000000,0.000000,1.000000,0.000000,0.000000,0.000000,0.000000,0.000000,0.000000,0.000000,0.000000,0.000000,322,0.000000,0.000000,0.0,0.000000,36.120833
322_HYDRO_1-1,5,0.000000,0.000000,0.000000,1.000000,0.000000,0.000000,0.000000,0.000000,0.000000,0.000000,0.000000,0.000000,0.000000,322,0.000000,0.000000,0.0,0.000000,0.000000
322_HYDRO_1-2,5,0.000000,0.000000,0.000000,1.000000,0.000000,0.000000,0.000000,0.000000,0.000000,0.000000,0.000000,0.000000,0.000000,322,0.000000,0.000000,0.0,0.000000,0.000000
322_HYDRO_1-3,5,0.000000,0.000000,0.000000,1.000000,0.000000,0.000000,0.000000,0.000000,0.000000,0.000000,0.000000,0.000000,0.000000,322,0.000000,0.000000,0.0,0.000000,0.000000
322_HYDRO_2-0,5,0.000000,0.000000,0.000000,1.000000,0.000000,0.000000,0.000000,0.000000,0.000000,0.000000,0.000000,0.000000,0.000000,322,0.000000,0.000000,0.0,0.000000,36.120833
322_HYDRO_2-1,5,0.000000,0.000000,0.000000,1.000000,0.000000,0.000000,0.000000,0.000000,0.000000,0.000000,0.000000,0.000000,0.000000,322,0.000000,0.000000,0.0,0.000000,0.000000
322_HYDRO_2-2,5,0.000000,0.000000,0.000000,1.000000,0.000000,0.000000,0.000000,0.000000,0.000000,0.000000,0.000000,0.000000,0.000000,322,0.000000,0.000000,0.0,0.000000,0.000000
322_HYDRO_2-3,5,0.000000,0.000000,0.000000,1.000000,0.000000,0.000000,0.000000,0.000000,0.000000,0.000000,0.000000,0.000000,0.000000,322,0.000000,0.000000,0.0,0.000000,0.000000
322_HYDRO_3-0,5,0.000000,0.000000,0.000000,1.000000,0.000000,0.000000,0.000000,0.000000,0.000000,0.000000,0.000000,0.000000,0.000000,322,0.000000,0.000000,0.0,0.000000,36.120833
322_HYDRO_3-1,5,0.000000,0.000000,0.000000,1.000000,0.000000,0.000000,0.000000,0.000000,0.000000,0.000000,0.000000,0.000000,0.000000,322,0.000000,0.000000,0.0,0.000000,0.000000
322_HYDRO_3-2,5,0.000000,0.000000,0.000000,1.000000,0.000000,0.000000,0.000000,0.000000,0.000000,0.000000,0.000000,0.000000,0.000000,322,0.000000,0.000000,0.0,0.000000,0.000000
322_HYDRO_3-3,5,0.000000,0.000000,0.000000,1.000000,0.000000,0.000000,0.000000,0.000000,0.000000,0.000000,0.000000,0.000000,0.000000,322,0.000000,0.000000,0.0,0.000000,0.000000
322_HYDRO_4-0,5,0.000000,0.000000,0.000000,1.000000,0.000000,0.000000,0.000000,0.000000,0.000000,0.000000,0.000000,0.000000,0.000000,322,0.000000,0.000000,0.0,0.000000,36.120833
322_HYDRO_4-1,5,0.000000,0.000000,0.000000,1.000000,0.000000,0.000000,0.000000,0.000000,0.000000,0.000000,0.000000,0.000000,0.000000,322,0.000000,0.000000,0.0,0.000000,0.000000
322_HYDRO_4-2,5,0.000000,0.000000,0.000000,1.000000,0.000000,0.000000,0.000000,0.000000,0.000000,0.000000,0.000000,0.000000,0.000000,322,0.000000,0.000000,0.0,0.000000,0.000000
322_HYDRO_4-3,5,0.000000,0.000000,0.000000,1.000000,0.000000,0.000000,0.000000,0.000000,0.000000,0.000000,0.000000,0.000000,0.000000,322,0.000000,0.000000,0.0,0.000000,0.000000
301_CT_1-0,6,87.255791,0.000000,0.000000,1.000000,0.000000,0.000000,0.000000,0.000000,0.000000,87.255791,0.000000,0.000000,0.000000,301,0.000000,87.255791,-0.0,87.255791,8.000000
301_CT_1-1,6,87.255791,0.000000,0.000000,1.000000,0.000000,0.000000,0.000000,0.000000,0.000000,87.255791,0.000000,0.000000,0.000000,301,0.000000,87.255791,-0.0,87.255791,4.000000
301_CT_1-2,6,99.695770,0.000000,0.000000,1.000000,0.000000,0.000000,0.000000,12.439979,0.000000,87.255791,0.000000,0.000000,0.000000,301,0.000000,99.695770,-0.0,99.695770,4.000000
301_CT_1-3,6,105.367241,0.000000,0.000000,1.000000,0.000000,0.000000,0.000000,18.111450,0.000000,87.255791,0.000000,0.000000,0.000000,301,0.000000,105.367241,-0.0,105.367241,4.000000
301_CT_2-0,6,87.255791,0.000000,0.000000,1.000000,0.000000,0.000000,0.000000,0.000000,0.000000,87.255791,0.000000,0.000000,0.000000,301,0.000000,87.255791,-0.0,87.255791,8.000000
301_CT_2-1,6,87.255791,0.000000,0.000000,1.000000,0.000000,0.000000,0.000000,0.000000,0.000000,87.255791,0.000000,0.000000,0.000000,301,0.000000,87.255791,-0.0,87.255791,4.000000
301_CT_2-2,6,99.695770,0.000000,0.000000,1.000000,0.000000,0.000000,0.000000,12.439979,0.000000,87.255791,0.000000,0.000000,0.000000,301,0.000000,99.695770,-0.0,99.695770,4.000000
301_CT_2-3,6,105.367241,0.000000,0.000000,1.000000,0.000000,0.000000,0.000000,18.111450,0.000000,87.255791,0.000000,0.000000,0.000000,301,0.000000,105.367241,-0.0,105.367241,4.000000
301_CT_3-0,6,28.469999,0.000000,0.000000,1.000000,0.000000,0.000000,0.000000,0.000000,0.000000,28.469999,0.000000,0.000000,0.000000,301,0.000000,28.469999,-0.0,28.469999,22.000000
301_CT_3-1,6,28.469999,0.000000,0.000000,1.000000,0.000000,0.000000,0.000000,0.000000,0.000000,28.469999,0.000000,0.000000,0.000000,301,0.000000,28.469999,-0.0,28.469999,11.000000
301_CT_3-2,6,29.286315,0.000000,0.000000,1.000000,0.000000,0.000000,0.000000,0.816316,0.000000,28.469999,0.000000,0.000000,0.000000,301,0.000000,29.286315,-0.0,29.286315,11.000000
301_CT_3-3,6,43.742887,0.000000,0.000000,1.000000,0.000000,0.000000,0.000000,15.272887,0.000000,28.469999,0.000000,0.000000,0.000000,301,0.000000,43.742887,-0.0,43.742887,11.000000
301_CT_4-0,6,28.469999,0.000000,0.000000,1.000000,0.000000,0.000000,0.000000,0.000000,0.000000,28.469999,0.000000,0.000000,0.000000,301,0.000000,28.469999,-0.0,28.469999,22.000000
301_CT_4-1,6,28.469999,0.000000,0.000000,1.000000,0.000000,0.000000,0.000000,0.000000,0.000000,28.469999,0.000000,0.000000,0.000000,301,0.000000,28.469999,-0.0,28.469999,11.000000
301_CT_4-2,6,29.286315,0.000000,0.000000,1.000000,0.000000,0.000000,0.000000,0.816316,0.000000,28.469999,0.000000,0.000000,0.000000,301,0.000000,29.286315,-0.0,29.286315,11.000000
301_CT_4-3,6,43.742887,0.000000,0.000000,1.000000,0.000000,0.000000,0.000000,15.272887,0.000000,28.469999,0.000000,0.000000,0.000000,301,0.000000,43.742887,-0.0,43.742887,11.000000
302_CT_1-0,6,87.255791,0.000000,0.000000,1.000000,0.000000,0.000000,0.000000,0.000000,0.000000,87.255791,0.000000,0.000000,0.000000,302,0.000000,87.255791,-0.0,87.255791,8.000000
302_CT_1-1,6,87.255791,0.000000,0.000000,1.000000,0.000000,0.000000,0.000000,0.000000,0.000000,87.255791,0.000000,0.000000,0.000000,302,0.000000,87.255791,-0.0,87.255791,4.000000
302_CT_1-2,6,99.695770,0.000000,0.000000,1.000000,0.000000,0.000000,0.000000,12.439979,0.000000,87.255791,0.000000,0.000000,0.000000,302,0.000000,99.695770,-0.0,99.695770,4.000000
302_CT_1-3,6,105.367241,0.000000,0.000000,1.000000,0.000000,0.000000,0.000000,18.111450,0.000000,87.255791,0.000000,0.000000,0.000000,302,0.000000,105.367241,-0.0,105.367241,4.000000
302_CT_2-0,6,87.255791,0.000000,0.000000,1.000000,0.000000,0.000000,0.000000,0.000000,0.000000,87.255791,0.000000,0.000000,0.000000,302,0.000000,87.255791,-0.0,87.255791,8.000000
302_CT_2-1,6,87.255791,0.000000,0.000000,1.000000,0.000000,0.000000,0.000000,0.000000,0.000000,87.255791,0.000000,0.000000,0.000000,302,0.000000,87.255791,-0.0,87.255791,4.000000
302_CT_2-2,6,99.695770,0.000000,0.000000,1.000000,0.000000,0.000000,0.000000,12.439979,0.000000,87.255791,0.000000,0.000000,0.000000,302,0.000000,99.695770,-0.0,99.695770,4.000000
302_CT_2-3,6,105.367241,0.000000,0.000000,1.000000,0.000000,0.000000,0.000000,18.111450,0.000000,87.255791,0.000000,0.000000,0.000000,302,0.000000,105.367241,-0.0,105.367241,4.000000
302_CT_3-0,6,33.791603,0.000000,0.000000,1.000000,0.000000,0.000000,0.000000,0.000000,0.000000,33.791603,0.000000,0.000000,0.000000,302,0.000000,33.791603,-0.0,33.791603,22.000000
302_CT_3-1,6,33.791603,0.000000,0.000000,1.000000,0.000000,0.000000,0.000000,0.000000,0.000000,33.791603,0.000000,0.000000,0.000000,302,0.000000,33.791603,-0.0,33.791603,11.000000
302_CT_3-2,6,38.382410,0.000000,0.000000,1.000000,0.000000,0.000000,0.000000,4.590807,0.000000,33.791603,0.000000,0.000000,0.000000,302,0.000000,38.382410,-0.0,38.382410,11.000000
302_CT_3-3,6,38.635080,0.000000,0.000000,1.000000,0.000000,0.000000,0.000000,4.843476,0.000000,33.791603,0.000000,0.000000,0.000000,302,0.000000,38.635080,-0.0,38.635080,11.000000
302_CT_4-0,6,33.791603,0.000000,0.000000,1.000000,0.000000,0.000000,0.000000,0.000000,0.000000,33.791603,0.000000,0.000000,0.000000,302,0.000000,33.791603,-0.0,33.791603,22.000000
302_CT_4-1,6,33.791603,0.000000,0.000000,1.000000,0.000000,0.000000,0.000000,0.000000,0.000000,33.791603,0.000000,0.000000,0.000000,302,0.000000,33.791603,-0.0,33.791603,11.000000
302_CT_4-2,6,38.382410,0.000000,0.000000,1.000000,0.000000,0.000000,0.000000,4.590807,0.000000,33.791603,0.000000,0.000000,0.000000,302,0.000000,38.382410,-0.0,38.382410,11.000000
302_CT_4-3,6,38.635080,0.000000,0.000000,1.000000,0.000000,0.000000,0.000000,4.843476,0.000000,33.791603,0.000000,0.000000,0.000000,302,0.000000,38.635080,-0.0,38.635080,11.000000
307_CT_1-0,6,27.894691,0.000000,0.000000,1.000000,0.000000,0.000000,0.000000,0.000000,0.000000,27.894691,0.000000,0.000000,0.000000,307,0.000000,27.894691,-0.0,27.894691,22.000000
307_CT_1-1,6,27.894691,0.000000,0.000000,1.000000,0.000000,0.000000,0.000000,0.000000,0.000000,27.894691,0.000000,0.000000,0.000000,307,0.000000,27.894691,-0.0,27.894691,11.000000
307_CT_1-2,6,29.220233,0.000000,0.000000,1.000000,0.000000,0.000000,0.000000,1.325542,0.000000,27.894691,0.000000,0.000000,0.000000,307,0.000000,29.220233,-0.0,29.220233,11.000000
307_CT_1-3,6,35.474770,0.000000,0.000000,1.000000,0.000000,0.000000,0.000000,7.580079,0.000000,27.894691,0.000000,0.000000,0.000000,307,0.000000,35.474770,-0.0,35.474770,11.000000
307_CT_2-0,6,27.894691,0.000000,0.000000,1.000000,0.000000,0.000000,0.000000,0.000000,0.000000,27.894691,0.000000,0.000000,0.000000,307,0.000000,27.894691,-0.0,27.894691,22.000000
307_CT_2-1,6,27.894691,0.000000,0.000000,1.000000,0.000000,0.000000,0.000000,0.000000,0.000000,27.894691,0.000000,0.000000,0.000000,307,0.000000,27.894691,-0.0,27.894691,11.000000
307_CT_2-2,6,29.220233,0.000000,0.000000,1.000000,0.000000,0.000000,0.000000,1.325542,0.000000,27.894691,0.000000,0.000000,0.000000,307,0.000000,29.220233,-0.0,29.220233,11.000000
307_CT_2-3,6,35.474770,0.000000,0.000000,1.000000,0.000000,0.000000,0.000000,7.580079,0.000000,27.894691,0.000000,0.000000,0.000000,307,0.000000,35.474770,-0.0,35.474770,11.000000
313_CC_1-0,6,15.731579,0.000000,0.000000,1.000000,0.000000,0.000000,0.000000,0.000000,0.000000,15.731579,0.000000,0.000000,0.000000,313,0.000000,15.731579,-0.0,15.731579,170.000000
313_CC_1-1,6,15.731579,0.000000,0.000000,1.000000,0.000000,0.000000,0.000000,0.000000,0.000000,15.731579,0.000000,0.000000,0.000000,313,0.000000,15.731579,-0.0,15.731579,61.666667
313_CC_1-2,6,26.755735,0.000000,0.000000,1.000000,0.000000,0.000000,0.000000,11.024156,0.000000,15.731579,0.000000,0.000000,0.000000,313,0.000000,26.755735,-0.0,26.755735,61.666667
313_CC_1-3,6,33.752731,0.000000,0.000000,1.000000,0.000000,0.000000,0.000000,18.021152,0.000000,15.731579,0.000000,0.000000,0.000000,313,0.000000,33.752731,-0.0,33.752731,61.666667
315_STEAM_1-0,6,75.436777,0.000000,0.000000,1.000000,0.000000,0.000000,0.000000,75.436777,0.000000,0.000000,0.000000,0.000000,0.000000,315,0.000000,75.436777,-0.0,75.436777,5.000000
315_STEAM_1-1,6,75.436777,0.000000,0.000000,1.000000,0.000000,0.000000,0.000000,75.436777,0.000000,0.000000,0.000000,0.000000,0.000000,315,0.000000,75.436777,-0.0,75.436777,2.333333
315_STEAM_1-2,6,100.399529,0.000000,0.000000,1.000000,0.000000,0.000000,0.000000,100.399529,0.000000,0.000000,0.000000,0.000000,0.000000,315,0.000000,100.399529,-0.0,100.399529,2.333333
315_STEAM_1-3,6,124.099655,0.000000,0.000000,1.000000,0.000000,0.000000,0.000000,124.099655,0.000000,0.000000,0.000000,0.000000,0.000000,315,0.000000,124.099655,-0.0,124.099655,2.333333
315_STEAM_2-0,6,75.436777,0.000000,0.000000,1.000000,0.000000,0.000000,0.000000,75.436777,0.000000,0.000000,0.000000,0.000000,0.000000,315,0.000000,75.436777,-0.0,75.436777,5.000000
315_STEAM_2-1,6,75.436777,0.000000,0.000000,1.000000,0.000000,0.000000,0.000000,75.436777,0.000000,0.000000,0.000000,0.000000,0.000000,315,0.000000,75.436777,-0.0,75.436777,2.333333
315_STEAM_2-2,6,100.399529,0.000000,0.000000,1.000000,0.000000,0.000000,0.000000,100.399529,0.000000,0.000000,0.000000,0.000000,0.000000,315,0.000000,100.399529,-0.0,100.399529,2.333333
315_STEAM_2-3,6,124.099655,0.000000,0.000000,1.000000,0.000000,0.000000,0.000000,124.099655,0.000000,0.000000,0.000000,0.000000,0.000000,315,0.000000,124.099655,-0.0,124.099655,2.333333
315_STEAM_3-0,6,75.436777,0.000000,0.000000,1.000000,0.000000,0.000000,0.000000,75.436777,0.000000,0.000000,0.000000,0.000000,0.000000,315,0.000000,75.436777,-0.0,75.436777,5.000000
315_STEAM_3-1,6,75.436777,0.000000,0.000000,1.000000,0.000000,0.000000,0.000000,75.436777,0.000000,0.000000,0.000000,0.000000,0.000000,315,0.000000,75.436777,-0.0,75.436777,2.333333
315_STEAM_3-2,6,100.399529,0.000000,0.000000,1.000000,0.000000,0.000000,0.000000,100.399529,0.000000,0.000000,0.000000,0.000000,0.000000,315,0.000000,100.399529,-0.0,100.399529,2.333333
315_STEAM_3-3,6,124.099655,0.000000,0.000000,1.000000,0.000000,0.000000,0.000000,124.099655,0.000000,0.000000,0.000000,0.000000,0.000000,315,0.000000,124.099655,-0.0,124.099655,2.333333
315_STEAM_4-0,6,75.436777,0.000000,0.000000,1.000000,0.000000,0.000000,0.000000,75.436777,0.000000,0.000000,0.000000,0.000000,0.000000,315,0.000000,75.436777,-0.0,75.436777,5.000000
315_STEAM_4-1,6,75.436777,0.000000,0.000000,1.000000,0.000000,0.000000,0.000000,75.436777,0.000000,0.000000,0.000000,0.000000,0.000000,315,0.000000,75.436777,-0.0,75.436777,2.333333
315_STEAM_4-2,6,100.399529,0.000000,0.000000,1.000000,0.000000,0.000000,0.000000,100.399529,0.000000,0.000000,0.000000,0.000000,0.000000,315,0.000000,100.399529,-0.0,100.399529,2.333333
315_STEAM_4-3,6,124.099655,0.000000,0.000000,1.000000,0.000000,0.000000,0.000000,124.099655,0.000000,0.000000,0.000000,0.000000,0.000000,315,0.000000,124.099655,-0.0,124.099655,2.333333
315_STEAM_5-0,6,75.436777,0.000000,0.000000,1.000000,0.000000,0.000000,0.000000,75.436777,0.000000,0.000000,0.000000,0.000000,0.000000,315,0.000000,75.436777,-0.0,75.436777,5.000000
315_STEAM_5-1,6,75.436777,0.000000,0.000000,1.000000,0.000000,0.000000,0.000000,75.436777,0.000000,0.000000,0.000000,0.000000,0.000000,315,0.000000,75.436777,-0.0,75.436777,2.333333
315_STEAM_5-2,6,100.399529,0.000000,0.000000,1.000000,0.000000,0.000000,0.000000,100.399529,0.000000,0.000000,0.000000,0.000000,0.000000,315,0.000000,100.399529,-0.0,100.399529,2.333333
315_STEAM_5-3,6,124.099655,0.000000,0.000000,1.000000,0.000000,0.000000,0.000000,124.099655,0.000000,0.000000,0.000000,0.000000,0.000000,315,0.000000,124.099655,-0.0,124.099655,2.333333
315_CT_6-0,6,26.401998,0.000000,0.000000,1.000000,0.000000,0.000000,0.000000,26.401998,0.000000,0.000000,0.000000,0.000000,0.000000,315,0.000000,26.401998,-0.0,26.401998,22.000000
315_CT_6-1,6,26.401998,0.000000,0.000000,1.000000,0.000000,0.000000,0.000000,26.401998,0.000000,0.000000,0.000000,0.000000,0.000000,315,0.000000,26.401998,-0.0,26.401998,11.000000
315_CT_6-2,6,26.895675,0.000000,0.000000,1.000000,0.000000,0.000000,0.000000,26.895675,0.000000,0.000000,0.000000,0.000000,0.000000,315,0.000000,26.895675,-0.0,26.895675,11.000000
315_CT_6-3,6,31.855768,0.000000,0.000000,1.000000,0.000000,0.000000,0.000000,31.855768,0.000000,0.000000,0.000000,0.000000,0.000000,315,0.000000,31.855768,-0.0,31.855768,11.000000
315_CT_7-0,6,26.401998,0.000000,0.000000,1.000000,0.000000,0.000000,0.000000,26.401998,0.000000,0.000000,0.000000,0.000000,0.000000,315,0.000000,26.401998,-0.0,26.401998,22.000000
315_CT_7-1,6,26.401998,0.000000,0.000000,1.000000,0.000000,0.000000,0.000000,26.401998,0.000000,0.000000,0.000000,0.000000,0.000000,315,0.000000,26.401998,-0.0,26.401998,11.000000
315_CT_7-2,6,26.895675,0.000000,0.000000,1.000000,0.000000,0.000000,0.000000,26.895675,0.000000,0.000000,0.000000,0.000000,0.000000,315,0.000000,26.895675,-0.0,26.895675,11.000000
315_CT_7-3,6,31.855768,0.000000,0.000000,1.000000,0.000000,0.000000,0.000000,31.855768,0.000000,0.000000,0.000000,0.000000,0.000000,315,0.000000,31.855768,-0.0,31.855768,11.000000
315_CT_8-0,6,26.401998,0.000000,0.000000,1.000000,0.000000,0.000000,0.000000,26.401998,0.000000,0.000000,0.000000,0.000000,0.000000,315,0.000000,26.401998,-0.0,26.401998,22.000000
315_CT_8-1,6,26.401998,0.000000,0.000000,1.000000,0.000000,0.000000,0.000000,26.401998,0.000000,0.000000,0.000000,0.000000,0.000000,315,0.000000,26.401998,-0.0,26.401998,11.000000
315_CT_8-2,6,26.895675,0.000000,0.000000,1.000000,0.000000,0.000000,0.000000,26.895675,0.000000,0.000000,0.000000,0.000000,0.000000,315,0.000000,26.895675,-0.0,26.895675,11.000000
315_CT_8-3,6,31.855768,0.000000,0.000000,1.000000,0.000000,0.000000,0.000000,31.855768,0.000000,0.000000,0.000000,0.000000,0.000000,315,0.000000,31.855768,-0.0,31.855768,11.000000
316_STEAM_1-0,6,21.116646,0.000000,0.000000,1.000000,0.000000,0.000000,0.000000,21.116646,0.000000,0.000000,0.000000,0.000000,0.000000,316,0.000000,21.116646,-0.0,21.116646,62.000000
316_STEAM_1-1,6,21.116646,0.000000,0.000000,1.000000,0.000000,0.000000,0.000000,21.116646,0.000000,0.000000,0.000000,0.000000,0.000000,316,0.000000,21.116646,-0.0,21.116646,31.000000
316_STEAM_1-2,6,21.287879,0.000000,0.000000,1.000000,0.000000,0.000000,0.000000,21.287879,0.000000,0.000000,0.000000,0.000000,0.000000,316,0.000000,21.287879,-0.0,21.287879,31.000000
316_STEAM_1-3,6,27.274699,0.000000,0.000000,1.000000,0.000000,0.000000,0.000000,27.274699,0.000000,0.000000,0.000000,0.000000,0.000000,316,0.000000,27.274699,-0.0,27.274699,31.000000
318_CC_1-0,6,26.845141,0.000000,0.000000,1.000000,0.000000,0.000000,0.000000,26.845141,0.000000,0.000000,0.000000,0.000000,0.000000,318,0.000000,26.845141,-0.0,26.845141,170.000000
318_CC_1-1,6,26.845141,0.000000,0.000000,1.000000,0.000000,0.000000,0.000000,26.845141,0.000000,0.000000,0.000000,0.000000,0.000000,318,0.000000,26.845141,-0.0,26.845141,61.666667
318_CC_1-2,6,27.276623,0.000000,0.000000,1.000000,0.000000,0.000000,0.000000,27.276623,0.000000,0.000000,0.000000,0.000000,0.000000,318,0.000000,27.276623,-0.0,27.276623,61.666667
318_CC_1-3,6,31.529241,0.000000,0.000000,1.000000,0.000000,0.000000,0.000000,31.529241,0.000000,0.000000,0.000000,0.000000,0.000000,318,0.000000,31.529241,-0.0,31.529241,61.666667
321_CC_1-0,6,22.732463,0.000000,0.000000,1.000000,0.000000,0.000000,0.000000,22.732463,0.000000,0.000000,0.000000,0.000000,0.000000,321,0.000000,22.732463,-0.0,22.732463,170.000000
321_CC_1-1,6,22.732463,0.000000,0.000000,1.000000,0.000000,0.000000,0.000000,22.732463,0.000000,0.000000,0.000000,0.000000,0.000000,321,0.000000,22.732463,-0.0,22.732463,61.666667
321_CC_1-2,6,25.908321,0.000000,0.000000,1.000000,0.000000,0.000000,0.000000,25.908321,0.000000,0.000000,0.000000,0.000000,0.000000,321,0.000000,25.908321,-0.0,25.908321,61.666667
321_CC_1-3,6,33.947092,0.000000,0.000000,1.000000,0.000000,0.000000,0.000000,33.947092,0.000000,0.000000,0.000000,0.000000,0.000000,321,0.000000,33.947092,-0.0,33.947092,61.666667
322_CT_5-0,6,23.334982,0.000000,0.000000,1.000000,0.000000,0.000000,0.000000,23.334982,0.000000,0.000000,0.000000,0.000000,0.000000,322,0.000000,23.334982,-0.0,23.334982,22.000000
322_CT_5-1,6,23.334982,0.000000,0.000000,1.000000,0.000000,0.000000,0.000000,23.334982,0.000000,0.000000,0.000000,0.000000,0.000000,322,0.000000,23.334982,-0.0,23.334982,11.000000
322_CT_5-2,6,26.499179,0.000000,0.000000,1.000000,0.000000,0.000000,0.000000,26.499179,0.000000,0.000000,0.000000,0.000000,0.000000,322,0.000000,26.499179,-0.0,26.499179,11.000000
322_CT_5-3,6,27.894691,0.000000,0.000000,1.000000,0.000000,0.000000,0.000000,27.894691,0.000000,0.000000,0.000000,0.000000,0.000000,322,0.000000,27.894691,-0.0,27.894691,11.000000
322_CT_6-0,6,23.334982,0.000000,0.000000,1.000000,0.000000,0.000000,0.000000,23.334982,0.000000,0.000000,0.000000,0.000000,0.000000,322,0.000000,23.334982,-0.0,23.334982,22.000000
322_CT_6-1,6,23.334982,0.000000,0.000000,1.000000,0.000000,0.000000,0.000000,23.334982,0.000000,0.000000,0.000000,0.000000,0.000000,322,0.000000,23.334982,-0.0,23.334982,11.000000
322_CT_6-2,6,26.499179,0.000000,0.000000,1.000000,0.000000,0.000000,0.000000,26.499179,0.000000,0.000000,0.000000,0.000000,0.000000,322,0.000000,26.499179,-0.0,26.499179,11.000000
322_CT_6-3,6,27.894691,0.000000,0.000000,1.000000,0.000000,0.000000,0.000000,27.894691,0.000000,0.000000,0.000000,0.000000,0.000000,322,0.000000,27.894691,-0.0,27.894691,11.000000
323_CC_1-0,6,26.429209,0.000000,0.000000,1.000000,0.000000,0.000000,0.000000,26.429209,0.000000,0.000000,0.000000,0.000000,0.000000,323,0.000000,26.429209,-0.0,26.429209,170.000000
323_CC_1-1,6,26.429209,0.000000,0.000000,1.000000,0.000000,0.000000,0.000000,26.429209,0.000000,0.000000,0.000000,0.000000,0.000000,323,0.000000,26.429209,-0.0,26.429209,61.666667
323_CC_1-2,6,30.277557,0.000000,0.000000,1.000000,0.000000,0.000000,0.000000,30.277557,0.000000,0.000000,0.000000,0.000000,0.000000,323,0.000000,30.277557,-0.0,30.277557,61.666667
323_CC_1-3,6,31.727490,0.000000,0.000000,1.000000,0.000000,0.000000,0.000000,31.727490,0.000000,0.000000,0.000000,0.000000,0.000000,323,0.000000,31.727490,-0.0,31.727490,61.666667
323_CC_2-0,6,26.429209,0.000000,0.000000,1.000000,0.000000,0.000000,0.000000,26.429209,0.000000,0.000000,0.000000,0.000000,0.000000,323,0.000000,26.429209,-0.0,26.429209,170.000000
323_CC_2-1,6,26.429209,0.000000,0.000000,1.000000,0.000000,0.000000,0.000000,26.429209,0.000000,0.000000,0.000000,0.000000,0.000000,323,0.000000,26.429209,-0.0,26.429209,61.666667
323_CC_2-2,6,30.277557,0.000000,0.000000,1.000000,0.000000,0.000000,0.000000,30.277557,0.000000,0.000000,0.000000,0.000000,0.000000,323,0.000000,30.277557,-0.0,30.277557,61.666667
323_CC_2-3,6,31.727490,0.000000,0.000000,1.000000,0.000000,0.000000,0.000000,31.727490,0.000000,0.000000,0.000000,0.000000,0.000000,323,0.000000,31.727490,-0.0,31.727490,61.666667
322_HYDRO_1-0,6,0.000000,31.975000,0.000000,1.000000,0.000000,0.000000,0.000000,0.000000,0.000000,0.000000,0.000000,0.000000,0.000000,322,0.000000,0.000000,0.0,0.000000,31.975000
322_HYDRO_1-1,6,0.000000,0.000000,0.000000,1.000000,0.000000,0.000000,0.000000,0.000000,0.000000,0.000000,0.000000,0.000000,0.000000,322,0.000000,0.000000,0.0,0.000000,0.000000
322_HYDRO_1-2,6,0.000000,0.000000,0.000000,1.000000,0.000000,0.000000,0.000000,0.000000,0.000000,0.000000,0.000000,0.000000,0.000000,322,0.000000,0.000000,0.0,0.000000,0.000000
322_HYDRO_1-3,6,0.000000,0.000000,0.000000,1.000000,0.000000,0.000000,0.000000,0.000000,0.000000,0.000000,0.000000,0.000000,0.000000,322,0.000000,0.000000,0.0,0.000000,0.000000
322_HYDRO_2-0,6,0.000000,0.000000,0.000000,1.000000,0.000000,0.000000,0.000000,0.000000,0.000000,0.000000,0.000000,0.000000,0.000000,322,0.000000,0.000000,0.0,0.000000,31.975000
322_HYDRO_2-1,6,0.000000,0.000000,0.000000,1.000000,0.000000,0.000000,0.000000,0.000000,0.000000,0.000000,0.000000,0.000000,0.000000,322,0.000000,0.000000,0.0,0.000000,0.000000
322_HYDRO_2-2,6,0.000000,0.000000,0.000000,1.000000,0.000000,0.000000,0.000000,0.000000,0.000000,0.000000,0.000000,0.000000,0.000000,322,0.000000,0.000000,0.0,0.000000,0.000000
322_HYDRO_2-3,6,0.000000,0.000000,0.000000,1.000000,0.000000,0.000000,0.000000,0.000000,0.000000,0.000000,0.000000,0.000000,0.000000,322,0.000000,0.000000,0.0,0.000000,0.000000
322_HYDRO_3-0,6,0.000000,0.000000,0.000000,1.000000,0.000000,0.000000,0.000000,0.000000,0.000000,0.000000,0.000000,0.000000,0.000000,322,0.000000,0.000000,0.0,0.000000,31.975000
322_HYDRO_3-1,6,0.000000,0.000000,0.000000,1.000000,0.000000,0.000000,0.000000,0.000000,0.000000,0.000000,0.000000,0.000000,0.000000,322,0.000000,0.000000,0.0,0.000000,0.000000
322_HYDRO_3-2,6,0.000000,0.000000,0.000000,1.000000,0.000000,0.000000,0.000000,0.000000,0.000000,0.000000,0.000000,0.000000,0.000000,322,0.000000,0.000000,0.0,0.000000,0.000000
322_HYDRO_3-3,6,0.000000,0.000000,0.000000,1.000000,0.000000,0.000000,0.000000,0.000000,0.000000,0.000000,0.000000,0.000000,0.000000,322,0.000000,0.000000,0.0,0.000000,0.000000
322_HYDRO_4-0,6,0.000000,0.000000,0.000000,1.000000,0.000000,0.000000,0.000000,0.000000,0.000000,0.000000,0.000000,0.000000,0.000000,322,0.000000,0.000000,0.0,0.000000,31.975000
322_HYDRO_4-1,6,0.000000,0.000000,0.000000,1.000000,0.000000,0.000000,0.000000,0.000000,0.000000,0.000000,0.000000,0.000000,0.000000,322,0.000000,0.000000,0.0,0.000000,0.000000
322_HYDRO_4-2,6,0.000000,0.000000,0.000000,1.000000,0.000000,0.000000,0.000000,0.000000,0.000000,0.000000,0.000000,0.000000,0.000000,322,0.000000,0.000000,0.0,0.000000,0.000000
322_HYDRO_4-3,6,0.000000,0.000000,0.000000,1.000000,0.000000,0.000000,0.000000,0.000000,0.000000,0.000000,0.000000,0.000000,0.000000,322,0.000000,0.000000,0.0,0.000000,0.000000
301_CT_1-0,7,87.255791,0.000000,0.000000,1.000000,0.000000,0.000000,0.000000,0.000000,0.000000,87.255791,0.000000,0.000000,0.000000,301,0.000000,87.255791,-0.0,87.255791,8.000000
301_CT_1-1,7,87.255791,0.000000,0.000000,1.000000,0.000000,0.000000,0.000000,0.000000,0.000000,87.255791,0.000000,0.000000,0.000000,301,0.000000,87.255791,-0.0,87.255791,4.000000
301_CT_1-2,7,99.695770,0.000000,0.000000,1.000000,0.000000,0.000000,0.000000,12.439979,0.000000,87.255791,0.000000,0.000000,0.000000,301,0.000000,99.695770,-0.0,99.695770,4.000000
301_CT_1-3,7,105.367241,0.000000,0.000000,1.000000,0.000000,0.000000,0.000000,18.111450,0.000000,87.255791,0.000000,0.000000,0.000000,301,0.000000,105.367241,-0.0,105.367241,4.000000
301_CT_2-0,7,87.255791,0.000000,0.000000,1.000000,0.000000,0.000000,0.000000,0.000000,0.000000,87.255791,0.000000,0.000000,0.000000,301,0.000000,87.255791,-0.0,87.255791,8.000000
301_CT_2-1,7,87.255791,0.000000,0.000000,1.000000,0.000000,0.000000,0.000000,0.000000,0.000000,87.255791,0.000000,0.000000,0.000000,301,0.000000,87.255791,-0.0,87.255791,4.000000
301_CT_2-2,7,99.695770,0.000000,0.000000,1.000000,0.000000,0.000000,0.000000,12.439979,0.000000,87.255791,0.000000,0.000000,0.000000,301,0.000000,99.695770,-0.0,99.695770,4.000000
301_CT_2-3,7,105.367241,0.000000,0.000000,1.000000,0.000000,0.000000,0.000000,18.111450,0.000000,87.255791,0.000000,0.000000,0.000000,301,0.000000,105.367241,-0.0,105.367241,4.000000
301_CT_3-0,7,28.469999,0.000000,0.000000,1.000000,0.000000,0.000000,0.000000,0.000000,0.000000,28.469999,0.000000,0.000000,0.000000,301,0.000000,28.469999,-0.0,28.469999,22.000000
301_CT_3-1,7,28.469999,0.000000,0.000000,1.000000,0.000000,0.000000,0.000000,0.000000,0.000000,28.469999,0.000000,0.000000,0.000000,301,0.000000,28.469999,-0.0,28.469999,11.000000
301_CT_3-2,7,29.286315,0.000000,0.000000,1.000000,0.000000,0.000000,0.000000,0.816316,0.000000,28.469999,0.000000,0.000000,0.000000,301,0.000000,29.286315,-0.0,29.286315,11.000000
301_CT_3-3,7,43.742887,0.000000,0.000000,1.000000,0.000000,0.000000,0.000000,15.272887,0.000000,28.469999,0.000000,0.000000,0.000000,301,0.000000,43.742887,-0.0,43.742887,11.000000
301_CT_4-0,7,28.469999,0.000000,0.000000,1.000000,0.000000,0.000000,0.000000,0.000000,0.000000,28.469999,0.000000,0.000000,0.000000,301,0.000000,28.469999,-0.0,28.469999,22.000000
301_CT_4-1,7,28.469999,0.000000,0.000000,1.000000,0.000000,0.000000,0.000000,0.000000,0.000000,28.469999,0.000000,0.000000,0.000000,301,0.000000,28.469999,-0.0,28.469999,11.000000
301_CT_4-2,7,29.286315,0.000000,0.000000,1.000000,0.000000,0.000000,0.000000,0.816316,0.000000,28.469999,0.000000,0.000000,0.000000,301,0.000000,29.286315,-0.0,29.286315,11.000000
301_CT_4-3,7,43.742887,0.000000,0.000000,1.000000,0.000000,0.000000,0.000000,15.272887,0.000000,28.469999,0.000000,0.000000,0.000000,301,0.000000,43.742887,-0.0,43.742887,11.000000
302_CT_1-0,7,87.255791,0.000000,0.000000,1.000000,0.000000,0.000000,0.000000,0.000000,0.000000,87.255791,0.000000,0.000000,0.000000,302,0.000000,87.255791,-0.0,87.255791,8.000000
302_CT_1-1,7,87.255791,0.000000,0.000000,1.000000,0.000000,0.000000,0.000000,0.000000,0.000000,87.255791,0.000000,0.000000,0.000000,302,0.000000,87.255791,-0.0,87.255791,4.000000
302_CT_1-2,7,99.695770,0.000000,0.000000,1.000000,0.000000,0.000000,0.000000,12.439979,0.000000,87.255791,0.000000,0.000000,0.000000,302,0.000000,99.695770,-0.0,99.695770,4.000000
302_CT_1-3,7,105.367241,0.000000,0.000000,1.000000,0.000000,0.000000,0.000000,18.111450,0.000000,87.255791,0.000000,0.000000,0.000000,302,0.000000,105.367241,-0.0,105.367241,4.000000
302_CT_2-0,7,87.255791,0.000000,0.000000,1.000000,0.000000,0.000000,0.000000,0.000000,0.000000,87.255791,0.000000,0.000000,0.000000,302,0.000000,87.255791,-0.0,87.255791,8.000000
302_CT_2-1,7,87.255791,0.000000,0.000000,1.000000,0.000000,0.000000,0.000000,0.000000,0.000000,87.255791,0.000000,0.000000,0.000000,302,0.000000,87.255791,-0.0,87.255791,4.000000
302_CT_2-2,7,99.695770,0.000000,0.000000,1.000000,0.000000,0.000000,0.000000,12.439979,0.000000,87.255791,0.000000,0.000000,0.000000,302,0.000000,99.695770,-0.0,99.695770,4.000000
302_CT_2-3,7,105.367241,0.000000,0.000000,1.000000,0.000000,0.000000,0.000000,18.111450,0.000000,87.255791,0.000000,0.000000,0.000000,302,0.000000,105.367241,-0.0,105.367241,4.000000
302_CT_3-0,7,33.791603,0.000000,0.000000,1.000000,0.000000,0.000000,0.000000,0.000000,0.000000,33.791603,0.000000,0.000000,0.000000,302,0.000000,33.791603,-0.0,33.791603,22.000000
302_CT_3-1,7,33.791603,0.000000,0.000000,1.000000,0.000000,0.000000,0.000000,0.000000,0.000000,33.791603,0.000000,0.000000,0.000000,302,0.000000,33.791603,-0.0,33.791603,11.000000
302_CT_3-2,7,38.382410,0.000000,0.000000,1.000000,0.000000,0.000000,0.000000,4.590807,0.000000,33.791603,0.000000,0.000000,0.000000,302,0.000000,38.382410,-0.0,38.382410,11.000000
302_CT_3-3,7,38.635080,0.000000,0.000000,1.000000,0.000000,0.000000,0.000000,4.843476,0.000000,33.791603,0.000000,0.000000,0.000000,302,0.000000,38.635080,-0.0,38.635080,11.000000
302_CT_4-0,7,33.791603,0.000000,0.000000,1.000000,0.000000,0.000000,0.000000,0.000000,0.000000,33.791603,0.000000,0.000000,0.000000,302,0.000000,33.791603,-0.0,33.791603,22.000000
302_CT_4-1,7,33.791603,0.000000,0.000000,1.000000,0.000000,0.000000,0.000000,0.000000,0.000000,33.791603,0.000000,0.000000,0.000000,302,0.000000,33.791603,-0.0,33.791603,11.000000
302_CT_4-2,7,38.382410,0.000000,0.000000,1.000000,0.000000,0.000000,0.000000,4.590807,0.000000,33.791603,0.000000,0.000000,0.000000,302,0.000000,38.382410,-0.0,38.382410,11.000000
302_CT_4-3,7,38.635080,0.000000,0.000000,1.000000,0.000000,0.000000,0.000000,4.843476,0.000000,33.791603,0.000000,0.000000,0.000000,302,0.000000,38.635080,-0.0,38.635080,11.000000
307_CT_1-0,7,27.894691,0.000000,0.000000,1.000000,0.000000,0.000000,0.000000,0.000000,0.000000,27.894691,0.000000,0.000000,0.000000,307,0.000000,27.894691,-0.0,27.894691,22.000000
307_CT_1-1,7,27.894691,0.000000,0.000000,1.000000,0.000000,0.000000,0.000000,0.000000,0.000000,27.894691,0.000000,0.000000,0.000000,307,0.000000,27.894691,-0.0,27.894691,11.000000
307_CT_1-2,7,29.220233,0.000000,0.000000,1.000000,0.000000,0.000000,0.000000,1.325542,0.000000,27.894691,0.000000,0.000000,0.000000,307,0.000000,29.220233,-0.0,29.220233,11.000000
307_CT_1-3,7,35.474770,0.000000,0.000000,1.000000,0.000000,0.000000,0.000000,7.580079,0.000000,27.894691,0.000000,0.000000,0.000000,307,0.000000,35.474770,-0.0,35.474770,11.000000
307_CT_2-0,7,27.894691,0.000000,0.000000,1.000000,0.000000,0.000000,0.000000,0.000000,0.000000,27.894691,0.000000,0.000000,0.000000,307,0.000000,27.894691,-0.0,27.894691,22.000000
307_CT_2-1,7,27.894691,0.000000,0.000000,1.000000,0.000000,0.000000,0.000000,0.000000,0.000000,27.894691,0.000000,0.000000,0.000000,307,0.000000,27.894691,-0.0,27.894691,11.000000
307_CT_2-2,7,29.220233,0.000000,0.000000,1.000000,0.000000,0.000000,0.000000,1.325542,0.000000,27.894691,0.000000,0.000000,0.000000,307,0.000000,29.220233,-0.0,29.220233,11.000000
307_CT_2-3,7,35.474770,0.000000,0.000000,1.000000,0.000000,0.000000,0.000000,7.580079,0.000000,27.894691,0.000000,0.000000,0.000000,307,0.000000,35.474770,-0.0,35.474770,11.000000
313_CC_1-0,7,15.731579,0.000000,0.000000,1.000000,0.000000,0.000000,0.000000,15.731579,0.000000,0.000000,0.000000,0.000000,0.000000,313,0.000000,15.731579,-0.0,15.731579,170.000000
313_CC_1-1,7,15.731579,0.000000,0.000000,1.000000,0.000000,0.000000,0.000000,15.731579,0.000000,0.000000,0.000000,0.000000,0.000000,313,0.000000,15.731579,-0.0,15.731579,61.666667
313_CC_1-2,7,26.755735,0.000000,0.000000,1.000000,0.000000,0.000000,0.000000,26.755735,0.000000,0.000000,0.000000,0.000000,0.000000,313,0.000000,26.755735,-0.0,26.755735,61.666667
313_CC_1-3,7,33.752731,0.000000,0.000000,1.000000,0.000000,0.000000,0.000000,33.752731,0.000000,0.000000,0.000000,0.000000,0.000000,313,0.000000,33.752731,-0.0,33.752731,61.666667
315_STEAM_1-0,7,75.436777,0.000000,0.000000,1.000000,0.000000,0.000000,0.000000,0.000000,0.000000,75.436777,0.000000,0.000000,0.000000,315,0.000000,75.436777,-0.0,75.436777,5.000000
315_STEAM_1-1,7,75.436777,0.000000,0.000000,1.000000,0.000000,0.000000,0.000000,0.000000,0.000000,75.436777,0.000000,0.000000,0.000000,315,0.000000,75.436777,-0.0,75.436777,2.333333
315_STEAM_1-2,7,100.399529,0.000000,0.000000,1.000000,0.000000,0.000000,0.000000,24.962753,0.000000,75.436777,0.000000,0.000000,0.000000,315,0.000000,100.399529,-0.0,100.399529,2.333333
315_STEAM_1-3,7,124.099655,0.000000,0.000000,1.000000,0.000000,0.000000,0.000000,48.662879,0.000000,75.436777,0.000000,0.000000,0.000000,315,0.000000,124.099655,-0.0,124.099655,2.333333
315_STEAM_2-0,7,75.436777,0.000000,0.000000,1.000000,0.000000,0.000000,0.000000,0.000000,0.000000,75.436777,0.000000,0.000000,0.000000,315,0.000000,75.436777,-0.0,75.436777,5.000000
315_STEAM_2-1,7,75.436777,0.000000,0.000000,1.000000,0.000000,0.000000,0.000000,0.000000,0.000000,75.436777,0.000000,0.000000,0.000000,315,0.000000,75.436777,-0.0,75.436777,2.333333
315_STEAM_2-2,7,100.399529,0.000000,0.000000,1.000000,0.000000,0.000000,0.000000,24.962753,0.000000,75.436777,0.000000,0.000000,0.000000,315,0.000000,100.399529,-0.0,100.399529,2.333333
315_STEAM_2-3,7,124.099655,0.000000,0.000000,1.000000,0.000000,0.000000,0.000000,48.662879,0.000000,75.436777,0.000000,0.000000,0.000000,315,0.000000,124.099655,-0.0,124.099655,2.333333
315_STEAM_3-0,7,75.436777,0.000000,0.000000,1.000000,0.000000,0.000000,0.000000,0.000000,0.000000,75.436777,0.000000,0.000000,0.000000,315,0.000000,75.436777,-0.0,75.436777,5.000000
315_STEAM_3-1,7,75.436777,0.000000,0.000000,1.000000,0.000000,0.000000,0.000000,0.000000,0.000000,75.436777,0.000000,0.000000,0.000000,315,0.000000,75.436777,-0.0,75.436777,2.333333
315_STEAM_3-2,7,100.399529,0.000000,0.000000,1.000000,0.000000,0.000000,0.000000,24.962753,0.000000,75.436777,0.000000,0.000000,0.000000,315,0.000000,100.399529,-0.0,100.399529,2.333333
315_STEAM_3-3,7,124.099655,0.000000,0.000000,1.000000,0.000000,0.000000,0.000000,48.662879,0.000000,75.436777,0.000000,0.000000,0.000000,315,0.000000,124.099655,-0.0,124.099655,2.333333
315_STEAM_4-0,7,75.436777,0.000000,0.000000,1.000000,0.000000,0.000000,0.000000,0.000000,0.000000,75.436777,0.000000,0.000000,0.000000,315,0.000000,75.436777,-0.0,75.436777,5.000000
315_STEAM_4-1,7,75.436777,0.000000,0.000000,1.000000,0.000000,0.000000,0.000000,0.000000,0.000000,75.436777,0.000000,0.000000,0.000000,315,0.000000,75.436777,-0.0,75.436777,2.333333
315_STEAM_4-2,7,100.399529,0.000000,0.000000,1.000000,0.000000,0.000000,0.000000,24.962753,0.000000,75.436777,0.000000,0.000000,0.000000,315,0.000000,100.399529,-0.0,100.399529,2.333333
315_STEAM_4-3,7,124.099655,0.000000,0.000000,1.000000,0.000000,0.000000,0.000000,48.662879,0.000000,75.436777,0.000000,0.000000,0.000000,315,0.000000,124.099655,-0.0,124.099655,2.333333
315_STEAM_5-0,7,75.436777,0.000000,0.000000,1.000000,0.000000,0.000000,0.000000,0.000000,0.000000,75.436777,0.000000,0.000000,0.000000,315,0.000000,75.436777,-0.0,75.436777,5.000000
315_STEAM_5-1,7,75.436777,0.000000,0.000000,1.000000,0.000000,0.000000,0.000000,0.000000,0.000000,75.436777,0.000000,0.000000,0.000000,315,0.000000,75.436777,-0.0,75.436777,2.333333
315_STEAM_5-2,7,100.399529,0.000000,0.000000,1.000000,0.000000,0.000000,0.000000,24.962753,0.000000,75.436777,0.000000,0.000000,0.000000,315,0.000000,100.399529,-0.0,100.399529,2.333333
315_STEAM_5-3,7,124.099655,0.000000,0.000000,1.000000,0.000000,0.000000,0.000000,48.662879,0.000000,75.436777,0.000000,0.000000,0.000000,315,0.000000,124.099655,-0.0,124.099655,2.333333
315_CT_6-0,7,26.401998,0.000000,0.000000,1.000000,0.000000,0.000000,0.000000,0.000000,0.000000,26.401998,0.000000,0.000000,0.000000,315,0.000000,26.401998,-0.0,26.401998,22.000000
315_CT_6-1,7,26.401998,0.000000,0.000000,1.000000,0.000000,0.000000,0.000000,0.000000,0.000000,26.401998,0.000000,0.000000,0.000000,315,0.000000,26.401998,-0.0,26.401998,11.000000
315_CT_6-2,7,26.895675,0.000000,0.000000,1.000000,0.000000,0.000000,0.000000,0.493677,0.000000,26.401998,0.000000,0.000000,0.000000,315,0.000000,26.895675,-0.0,26.895675,11.000000
315_CT_6-3,7,31.855768,0.000000,0.000000,1.000000,0.000000,0.000000,0.000000,5.453770,0.000000,26.401998,0.000000,0.000000,0.000000,315,0.000000,31.855768,-0.0,31.855768,11.000000
315_CT_7-0,7,26.401998,0.000000,0.000000,1.000000,0.000000,0.000000,0.000000,0.000000,0.000000,26.401998,0.000000,0.000000,0.000000,315,0.000000,26.401998,-0.0,26.401998,22.000000
315_CT_7-1,7,26.401998,0.000000,0.000000,1.000000,0.000000,0.000000,0.000000,0.000000,0.000000,26.401998,0.000000,0.000000,0.000000,315,0.000000,26.401998,-0.0,26.401998,11.000000
315_CT_7-2,7,26.895675,0.000000,0.000000,1.000000,0.000000,0.000000,0.000000,0.493677,0.000000,26.401998,0.000000,0.000000,0.000000,315,0.000000,26.895675,-0.0,26.895675,11.000000
315_CT_7-3,7,31.855768,0.000000,0.000000,1.000000,0.000000,0.000000,0.000000,5.453770,0.000000,26.401998,0.000000,0.000000,0.000000,315,0.000000,31.855768,-0.0,31.855768,11.000000
315_CT_8-0,7,26.401998,0.000000,0.000000,1.000000,0.000000,0.000000,0.000000,0.000000,0.000000,26.401998,0.000000,0.000000,0.000000,315,0.000000,26.401998,-0.0,26.401998,22.000000
315_CT_8-1,7,26.401998,0.000000,0.000000,1.000000,0.000000,0.000000,0.000000,0.000000,0.000000,26.401998,0.000000,0.000000,0.000000,315,0.000000,26.401998,-0.0,26.401998,11.000000
315_CT_8-2,7,26.895675,0.000000,0.000000,1.000000,0.000000,0.000000,0.000000,0.493677,0.000000,26.401998,0.000000,0.000000,0.000000,315,0.000000,26.895675,-0.0,26.895675,11.000000
315_CT_8-3,7,31.855768,0.000000,0.000000,1.000000,0.000000,0.000000,0.000000,5.453770,0.000000,26.401998,0.000000,0.000000,0.000000,315,0.000000,31.855768,-0.0,31.855768,11.000000
316_STEAM_1-0,7,21.116646,0.000000,0.000000,1.000000,0.000000,0.000000,0.000000,0.000000,0.000000,21.116646,0.000000,0.000000,0.000000,316,0.000000,21.116646,-0.0,21.116646,62.000000
316_STEAM_1-1,7,21.116646,0.000000,0.000000,1.000000,0.000000,0.000000,0.000000,0.000000,0.000000,21.116646,0.000000,0.000000,0.000000,316,0.000000,21.116646,-0.0,21.116646,31.000000
316_STEAM_1-2,7,21.287879,0.000000,0.000000,1.000000,0.000000,0.000000,0.000000,0.171233,0.000000,21.116646,0.000000,0.000000,0.000000,316,0.000000,21.287879,-0.0,21.287879,31.000000
316_STEAM_1-3,7,27.274699,0.000000,0.000000,1.000000,0.000000,0.000000,0.000000,6.158053,0.000000,21.116646,0.000000,0.000000,0.000000,316,0.000000,27.274699,-0.0,27.274699,31.000000
318_CC_1-0,7,26.845141,0.000000,0.000000,1.000000,0.000000,0.000000,0.000000,0.000000,0.000000,26.845141,0.000000,0.000000,0.000000,318,0.000000,26.845141,-0.0,26.845141,170.000000
318_CC_1-1,7,26.845141,0.000000,0.000000,1.000000,0.000000,0.000000,0.000000,0.000000,0.000000,26.845141,0.000000,0.000000,0.000000,318,0.000000,26.845141,-0.0,26.845141,61.666667
318_CC_1-2,7,27.276623,0.000000,0.000000,1.000000,0.000000,0.000000,0.000000,0.431481,0.000000,26.845141,0.000000,0.000000,0.000000,318,0.000000,27.276623,-0.0,27.276623,61.666667
318_CC_1-3,7,31.529241,0.000000,0.000000,1.000000,0.000000,0.000000,0.000000,4.684100,0.000000,26.845141,0.000000,0.000000,0.000000,318,0.000000,31.529241,-0.0,31.529241,61.666667
321_CC_1-0,7,22.732463,0.000000,0.000000,1.000000,0.000000,0.000000,0.000000,0.000000,0.000000,22.732463,0.000000,0.000000,0.000000,321,0.000000,22.732463,-0.0,22.732463,170.000000
321_CC_1-1,7,22.732463,0.000000,0.000000,1.000000,0.000000,0.000000,0.000000,0.000000,0.000000,22.732463,0.000000,0.000000,0.000000,321,0.000000,22.732463,-0.0,22.732463,61.666667
321_CC_1-2,7,25.908321,0.000000,0.000000,1.000000,0.000000,0.000000,0.000000,3.175859,0.000000,22.732463,0.000000,0.000000,0.000000,321,0.000000,25.908321,-0.0,25.908321,61.666667
321_CC_1-3,7,33.947092,0.000000,0.000000,1.000000,0.000000,0.000000,0.000000,11.214630,0.000000,22.732463,0.000000,0.000000,0.000000,321,0.000000,33.947092,-0.0,33.947092,61.666667
322_CT_5-0,7,23.334982,0.000000,0.000000,1.000000,0.000000,0.000000,0.000000,23.334982,0.000000,0.000000,0.000000,0.000000,0.000000,322,0.000000,23.334982,-0.0,23.334982,22.000000
322_CT_5-1,7,23.334982,0.000000,0.000000,1.000000,0.000000,0.000000,0.000000,23.334982,0.000000,0.000000,0.000000,0.000000,0.000000,322,0.000000,23.334982,-0.0,23.334982,11.000000
322_CT_5-2,7,26.499179,0.000000,0.000000,1.000000,0.000000,0.000000,0.000000,26.499179,0.000000,0.000000,0.000000,0.000000,0.000000,322,0.000000,26.499179,-0.0,26.499179,11.000000
322_CT_5-3,7,27.894691,0.000000,0.000000,1.000000,0.000000,0.000000,0.000000,27.894691,0.000000,0.000000,0.000000,0.000000,0.000000,322,0.000000,27.894691,-0.0,27.894691,11.000000
322_CT_6-0,7,23.334982,0.000000,0.000000,1.000000,0.000000,0.000000,0.000000,23.334982,0.000000,0.000000,0.000000,0.000000,0.000000,322,0.000000,23.334982,-0.0,23.334982,22.000000
322_CT_6-1,7,23.334982,0.000000,0.000000,1.000000,0.000000,0.000000,0.000000,23.334982,0.000000,0.000000,0.000000,0.000000,0.000000,322,0.000000,23.334982,-0.0,23.334982,11.000000
322_CT_6-2,7,26.499179,0.000000,0.000000,1.000000,0.000000,0.000000,0.000000,26.499179,0.000000,0.000000,0.000000,0.000000,0.000000,322,0.000000,26.499179,-0.0,26.499179,11.000000
322_CT_6-3,7,27.894691,0.000000,0.000000,1.000000,0.000000,0.000000,0.000000,27.894691,0.000000,0.000000,0.000000,0.000000,0.000000,322,0.000000,27.894691,-0.0,27.894691,11.000000
323_CC_1-0,7,26.429209,0.000000,0.000000,1.000000,0.000000,0.000000,0.000000,0.000000,0.000000,26.429209,0.000000,0.000000,0.000000,323,0.000000,26.429209,-0.0,26.429209,170.000000
323_CC_1-1,7,26.429209,0.000000,0.000000,1.000000,0.000000,0.000000,0.000000,0.000000,0.000000,26.429209,0.000000,0.000000,0.000000,323,0.000000,26.429209,-0.0,26.429209,61.666667
323_CC_1-2,7,30.277557,0.000000,0.000000,1.000000,0.000000,0.000000,0.000000,3.848348,0.000000,26.429209,0.000000,0.000000,0.000000,323,0.000000,30.277557,-0.0,30.277557,61.666667
323_CC_1-3,7,31.727490,0.000000,0.000000,1.000000,0.000000,0.000000,0.000000,5.298281,0.000000,26.429209,0.000000,0.000000,0.000000,323,0.000000,31.727490,-0.0,31.727490,61.666667
323_CC_2-0,7,26.429209,0.000000,0.000000,1.000000,0.000000,0.000000,0.000000,0.000000,0.000000,26.429209,0.000000,0.000000,0.000000,323,0.000000,26.429209,-0.0,26.429209,170.000000
323_CC_2-1,7,26.429209,0.000000,0.000000,1.000000,0.000000,0.000000,0.000000,0.000000,0.000000,26.429209,0.000000,0.000000,0.000000,323,0.000000,26.429209,-0.0,26.429209,61.666667
323_CC_2-2,7,30.277557,0.000000,0.000000,1.000000,0.000000,0.000000,0.000000,3.848348,0.000000,26.429209,0.000000,0.000000,0.000000,323,0.000000,30.277557,-0.0,30.277557,61.666667
323_CC_2-3,7,31.727490,0.000000,0.000000,1.000000,0.000000,0.000000,0.000000,5.298281,0.000000,26.429209,0.000000,0.000000,0.000000,323,0.000000,31.727490,-0.0,31.727490,61.666667
322_HYDRO_1-0,7,0.000000,30.112500,0.000000,1.000000,0.000000,0.000000,0.000000,0.000000,0.000000,0.000000,0.000000,0.000000,0.000000,322,0.000000,0.000000,0.0,0.000000,30.112500
322_HYDRO_1-1,7,0.000000,0.000000,0.000000,1.000000,0.000000,0.000000,0.000000,0.000000,0.000000,0.000000,0.000000,0.000000,0.000000,322,0.000000,0.000000,0.0,0.000000,0.000000
322_HYDRO_1-2,7,0.000000,0.000000,0.000000,1.000000,0.000000,0.000000,0.000000,0.000000,0.000000,0.000000,0.000000,0.000000,0.000000,322,0.000000,0.000000,0.0,0.000000,0.000000
322_HYDRO_1-3,7,0.000000,0.000000,0.000000,1.000000,0.000000,0.000000,0.000000,0.000000,0.000000,0.000000,0.000000,0.000000,0.000000,322,0.000000,0.000000,0.0,0.000000,0.000000
322_HYDRO_2-0,7,0.000000,30.112500,0.000000,1.000000,0.000000,0.000000,0.000000,0.000000,0.000000,0.000000,0.000000,0.000000,0.000000,322,0.000000,0.000000,0.0,0.000000,30.112500
322_HYDRO_2-1,7,0.000000,0.000000,0.000000,1.000000,0.000000,0.000000,0.000000,0.000000,0.000000,0.000000,0.000000,0.000000,0.000000,322,0.000000,0.000000,0.0,0.000000,0.000000
322_HYDRO_2-2,7,0.000000,0.000000,0.000000,1.000000,0.000000,0.000000,0.000000,0.000000,0.000000,0.000000,0.000000,0.000000,0.000000,322,0.000000,0.000000,0.0,0.000000,0.000000
322_HYDRO_2-3,7,0.000000,0.000000,0.000000,1.000000,0.000000,0.000000,0.000000,0.000000,0.000000,0.000000,0.000000,0.000000,0.000000,322,0.000000,0.000000,0.0,0.000000,0.000000
322_HYDRO_3-0,7,0.000000,30.112500,0.000000,1.000000,0.000000,0.000000,0.000000,0.000000,0.000000,0.000000,0.000000,0.000000,0.000000,322,0.000000,0.000000,0.0,0.000000,30.112500
322_HYDRO_3-1,7,0.000000,0.000000,0.000000,1.000000,0.000000,0.000000,0.000000,0.000000,0.000000,0.000000,0.000000,0.000000,0.000000,322,0.000000,0.000000,0.0,0.000000,0.000000
322_HYDRO_3-2,7,0.000000,0.000000,0.000000,1.000000,0.000000,0.000000,0.000000,0.000000,0.000000,0.000000,0.000000,0.000000,0.000000,322,0.000000,0.000000,0.0,0.000000,0.000000
322_HYDRO_3-3,7,0.000000,0.000000,0.000000,1.000000,0.000000,0.000000,0.000000,0.000000,0.000000,0.000000,0.000000,0.000000,0.000000,322,0.000000,0.000000,0.0,0.000000,0.000000
322_HYDRO_4-0,7,0.000000,30.112500,0.000000,1.000000,0.000000,0.000000,0.000000,0.000000,0.000000,0.000000,0.000000,0.000000,0.000000,322,0.000000,0.000000,0.0,0.000000,30.112500
322_HYDRO_4-1,7,0.000000,0.000000,0.000000,1.000000,0.000000,0.000000,0.000000,0.000000,0.000000,0.000000,0.000000,0.000000,0.000000,322,0.000000,0.000000,0.0,0.000000,0.000000
322_HYDRO_4-2,7,0.000000,0.000000,0.000000,1.000000,0.000000,0.000000,0.000000,0.000000,0.000000,0.000000,0.000000,0.000000,0.000000,322,0.000000,0.000000,0.0,0.000000,0.000000
322_HYDRO_4-3,7,0.000000,0.000000,0.000000,1.000000,0.000000,0.000000,0.000000,0.000000,0.000000,0.000000,0.000000,0.000000,0.000000,322,0.000000,0.000000,0.0,0.000000,0.000000
301_CT_1-0,8,87.255791,0.000000,0.000000,1.000000,0.000000,0.000000,0.000000,0.000000,0.000000,71.524212,0.000000,0.000000,0.000000,301,15.731579,87.255791,-0.0,87.255791,8.000000
301_CT_1-1,8,87.255791,0.000000,0.000000,1.000000,0.000000,0.000000,0.000000,0.000000,0.000000,71.524212,0.000000,0.000000,0.000000,301,15.731579,87.255791,-0.0,87.255791,4.000000
301_CT_1-2,8,99.695770,0.000000,0.000000,1.000000,0.000000,0.000000,0.000000,12.439979,0.000000,71.524212,0.000000,0.000000,0.000000,301,15.731579,99.695770,-0.0,99.695770,4.000000
301_CT_1-3,8,105.367241,0.000000,0.000000,1.000000,0.000000,0.000000,0.000000,18.111450,0.000000,71.524212,0.000000,0.000000,0.000000,301,15.731579,105.367241,-0.0,105.367241,4.000000
301_CT_2-0,8,87.255791,0.000000,0.000000,1.000000,0.000000,0.000000,0.000000,0.000000,0.000000,71.524212,0.000000,0.000000,0.000000,301,15.731579,87.255791,-0.0,87.255791,8.000000
301_CT_2-1,8,87.255791,0.000000,0.000000,1.000000,0.000000,0.000000,0.000000,0.000000,0.000000,71.524212,0.000000,0.000000,0.000000,301,15.731579,87.255791,-0.0,87.255791,4.000000
301_CT_2-2,8,99.695770,0.000000,0.000000,1.000000,0.000000,0.000000,0.000000,12.439979,0.000000,71.524212,0.000000,0.000000,0.000000,301,15.731579,99.695770,-0.0,99.695770,4.000000
301_CT_2-3,8,105.367241,0.000000,0.000000,1.000000,0.000000,0.000000,0.000000,18.111450,0.000000,71.524212,0.000000,0.000000,0.000000,301,15.731579,105.367241,-0.0,105.367241,4.000000
301_CT_3-0,8,28.469999,0.000000,0.000000,1.000000,0.000000,0.000000,0.000000,0.000000,0.000000,12.738420,0.000000,0.000000,0.000000,301,15.731579,28.469999,-0.0,28.469999,22.000000
301_CT_3-1,8,28.469999,0.000000,0.000000,1.000000,0.000000,0.000000,0.000000,0.000000,0.000000,12.738420,0.000000,0.000000,0.000000,301,15.731579,28.469999,-0.0,28.469999,11.000000
301_CT_3-2,8,29.286315,0.000000,0.000000,1.000000,0.000000,0.000000,0.000000,0.816316,0.000000,12.738420,0.000000,0.000000,0.000000,301,15.731579,29.286315,-0.0,29.286315,11.000000
301_CT_3-3,8,43.742887,0.000000,0.000000,1.000000,0.000000,0.000000,0.000000,15.272887,0.000000,12.738420,0.000000,0.000000,0.000000,301,15.731579,43.742887,-0.0,43.742887,11.000000
301_CT_4-0,8,28.469999,0.000000,0.000000,1.000000,0.000000,0.000000,0.000000,0.000000,0.000000,12.738420,0.000000,0.000000,0.000000,301,15.731579,28.469999,-0.0,28.469999,22.000000
301_CT_4-1,8,28.469999,0.000000,0.000000,1.000000,0.000000,0.000000,0.000000,0.000000,0.000000,12.738420,0.000000,0.000000,0.000000,301,15.731579,28.469999,-0.0,28.469999,11.000000
301_CT_4-2,8,29.286315,0.000000,0.000000,1.000000,0.000000,0.000000,0.000000,0.816316,0.000000,12.738420,0.000000,0.000000,0.000000,301,15.731579,29.286315,-0.0,29.286315,11.000000
301_CT_4-3,8,43.742887,0.000000,0.000000,1.000000,0.000000,0.000000,0.000000,15.272887,0.000000,12.738420,0.000000,0.000000,0.000000,301,15.731579,43.742887,-0.0,43.742887,11.000000
302_CT_1-0,8,87.255791,0.000000,0.000000,1.000000,0.000000,0.000000,0.000000,0.000000,0.000000,71.524212,0.000000,0.000000,0.000000,302,15.731579,87.255791,-0.0,87.255791,8.000000
302_CT_1-1,8,87.255791,0.000000,0.000000,1.000000,0.000000,0.000000,0.000000,0.000000,0.000000,71.524212,0.000000,0.000000,0.000000,302,15.731579,87.255791,-0.0,87.255791,4.000000
302_CT_1-2,8,99.695770,0.000000,0.000000,1.000000,0.000000,0.000000,0.000000,12.439979,0.000000,71.524212,0.000000,0.000000,0.000000,302,15.731579,99.695770,-0.0,99.695770,4.000000
302_CT_1-3,8,105.367241,0.000000,0.000000,1.000000,0.000000,0.000000,0.000000,18.111450,0.000000,71.524212,0.000000,0.000000,0.000000,302,15.731579,105.367241,-0.0,105.367241,4.000000
302_CT_2-0,8,87.255791,0.000000,0.000000,1.000000,0.000000,0.000000,0.000000,0.000000,0.000000,71.524212,0.000000,0.000000,0.000000,302,15.731579,87.255791,-0.0,87.255791,8.000000
302_CT_2-1,8,87.255791,0.000000,0.000000,1.000000,0.000000,0.000000,0.000000,0.000000,0.000000,71.524212,0.000000,0.000000,0.000000,302,15.731579,87.255791,-0.0,87.255791,4.000000
302_CT_2-2,8,99.695770,0.000000,0.000000,1.000000,0.000000,0.000000,0.000000,12.439979,0.000000,71.524212,0.000000,0.000000,0.000000,302,15.731579,99.695770,-0.0,99.695770,4.000000
302_CT_2-3,8,105.367241,0.000000,0.000000,1.000000,0.000000,0.000000,0.000000,18.111450,0.000000,71.524212,0.000000,0.000000,0.000000,302,15.731579,105.367241,-0.0,105.367241,4.000000
302_CT_3-0,8,33.791603,0.000000,0.000000,1.000000,0.000000,0.000000,0.000000,0.000000,0.000000,18.060024,0.000000,0.000000,0.000000,302,15.731579,33.791603,-0.0,33.791603,22.000000
302_CT_3-1,8,33.791603,0.000000,0.000000,1.000000,0.000000,0.000000,0.000000,0.000000,0.000000,18.060024,0.000000,0.000000,0.000000,302,15.731579,33.791603,-0.0,33.791603,11.000000
302_CT_3-2,8,38.382410,0.000000,0.000000,1.000000,0.000000,0.000000,0.000000,4.590807,0.000000,18.060024,0.000000,0.000000,0.000000,302,15.731579,38.382410,-0.0,38.382410,11.000000
302_CT_3-3,8,38.635080,0.000000,0.000000,1.000000,0.000000,0.000000,0.000000,4.843476,0.000000,18.060024,0.000000,0.000000,0.000000,302,15.731579,38.635080,-0.0,38.635080,11.000000
302_CT_4-0,8,33.791603,0.000000,0.000000,1.000000,0.000000,0.000000,0.000000,0.000000,0.000000,18.060024,0.000000,0.000000,0.000000,302,15.731579,33.791603,-0.0,33.791603,22.000000
302_CT_4-1,8,33.791603,0.000000,0.000000,1.000000,0.000000,0.000000,0.000000,0.000000,0.000000,18.060024,0.000000,0.000000,0.000000,302,15.731579,33.791603,-0.0,33.791603,11.000000
302_CT_4-2,8,38.382410,0.000000,0.000000,1.000000,0.000000,0.000000,0.000000,4.590807,0.000000,18.060024,0.000000,0.000000,0.000000,302,15.731579,38.382410,-0.0,38.382410,11.000000
302_CT_4-3,8,38.635080,0.000000,0.000000,1.000000,0.000000,0.000000,0.000000,4.843476,0.000000,18.060024,0.000000,0.000000,0.000000,302,15.731579,38.635080,-0.0,38.635080,11.000000
307_CT_1-0,8,27.894691,0.000000,0.000000,1.000000,0.000000,0.000000,0.000000,0.000000,0.000000,12.163111,0.000000,0.000000,0.000000,307,15.731579,27.894691,-0.0,27.894691,22.000000
307_CT_1-1,8,27.894691,0.000000,0.000000,1.000000,0.000000,0.000000,0.000000,0.000000,0.000000,12.163111,0.000000,0.000000,0.000000,307,15.731579,27.894691,-0.0,27.894691,11.000000
307_CT_1-2,8,29.220233,0.000000,0.000000,1.000000,0.000000,0.000000,0.000000,1.325542,0.000000,12.163111,0.000000,0.000000,0.000000,307,15.731579,29.220233,-0.0,29.220233,11.000000
307_CT_1-3,8,35.474770,0.000000,0.000000,1.000000,0.000000,0.000000,0.000000,7.580079,0.000000,12.163111,0.000000,0.000000,0.000000,307,15.731579,35.474770,-0.0,35.474770,11.000000
307_CT_2-0,8,27.894691,0.000000,0.000000,1.000000,0.000000,0.000000,0.000000,0.000000,0.000000,12.163111,0.000000,0.000000,0.000000,307,15.731579,27.894691,-0.0,27.894691,22.000000
307_CT_2-1,8,27.894691,0.000000,0.000000,1.000000,0.000000,0.000000,0.000000,0.000000,0.000000,12.163111,0.000000,0.000000,0.000000,307,15.731579,27.894691,-0.0,27.894691,11.000000
307_CT_2-2,8,29.220233,0.000000,0.000000,1.000000,0.000000,0.000000,0.000000,1.325542,0.000000,12.163111,0.000000,0.000000,0.000000,307,15.731579,29.220233,-0.0,29.220233,11.000000
307_CT_2-3,8,35.474770,0.000000,0.000000,1.000000,0.000000,0.000000,0.000000,7.580079,0.000000,12.163111,0.000000,0.000000,0.000000,307,15.731579,35.474770,-0.0,35.474770,11.000000
313_CC_1-0,8,15.731579,85.508703,18.522129,1.000000,0.000000,0.000000,0.000000,0.000000,0.000000,0.000000,0.000000,0.000000,0.000000,313,15.731579,15.731579,0.0,15.731579,170.000000
313_CC_1-1,8,15.731579,0.000000,0.000000,1.000000,0.000000,0.000000,0.000000,0.000000,0.000000,0.000000,0.000000,0.000000,0.000000,313,15.731579,15.731579,0.0,15.731579,61.666667
313_CC_1-2,8,26.755735,0.000000,0.000000,1.000000,0.000000,0.000000,0.000000,11.024156,0.000000,0.000000,0.000000,0.000000,0.000000,313,15.731579,26.755735,-0.0,26.755735,61.666667
313_CC_1-3,8,33.752731,0.000000,0.000000,1.000000,0.000000,0.000000,0.000000,18.021152,0.000000,0.000000,0.000000,0.000000,0.000000,313,15.731579,33.752731,-0.0,33.752731,61.666667
315_STEAM_1-0,8,75.436777,0.000000,0.000000,1.000000,0.000000,0.000000,0.000000,0.000000,0.000000,59.705197,0.000000,0.000000,0.000000,315,15.731579,75.436777,-0.0,75.436777,5.000000
315_STEAM_1-1,8,75.436777,0.000000,0.000000,1.000000,0.000000,0.000000,0.000000,0.000000,0.000000,59.705197,0.000000,0.000000,0.000000,315,15.731579,75.436777,-0.0,75.436777,2.333333
315_STEAM_1-2,8,100.399529,0.000000,0.000000,1.000000,0.000000,0.000000,0.000000,24.962753,0.000000,59.705197,0.000000,0.000000,0.000000,315,15.731579,100.399529,-0.0,100.399529,2.333333
315_STEAM_1-3,8,124.099655,0.000000,0.000000,1.000000,0.000000,0.000000,0.000000,48.662879,0.000000,59.705197,0.000000,0.000000,0.000000,315,15.731579,124.099655,-0.0,124.099655,2.333333
315_STEAM_2-0,8,75.436777,0.000000,0.000000,1.000000,0.000000,0.000000,0.000000,0.000000,0.000000,59.705197,0.000000,0.000000,0.000000,315,15.731579,75.436777,-0.0,75.436777,5.000000
315_STEAM_2-1,8,75.436777,0.000000,0.000000,1.000000,0.000000,0.000000,0.000000,0.000000,0.000000,59.705197,0.000000,0.000000,0.000000,315,15.731579,75.436777,-0.0,75.436777,2.333333
315_STEAM_2-2,8,100.399529,0.000000,0.000000,1.000000,0.000000,0.000000,0.000000,24.962753,0.000000,59.705197,0.000000,0.000000,0.000000,315,15.731579,100.399529,-0.0,100.399529,2.333333
315_STEAM_2-3,8,124.099655,0.000000,0.000000,1.000000,0.000000,0.000000,0.000000,48.662879,0.000000,59.705197,0.000000,0.000000,0.000000,315,15.731579,124.099655,-0.0,124.099655,2.333333
315_STEAM_3-0,8,75.436777,0.000000,0.000000,1.000000,0.000000,0.000000,0.000000,0.000000,0.000000,59.705197,0.000000,0.000000,0.000000,315,15.731579,75.436777,-0.0,75.436777,5.000000
315_STEAM_3-1,8,75.436777,0.000000,0.000000,1.000000,0.000000,0.000000,0.000000,0.000000,0.000000,59.705197,0.000000,0.000000,0.000000,315,15.731579,75.436777,-0.0,75.436777,2.333333
315_STEAM_3-2,8,100.399529,0.000000,0.000000,1.000000,0.000000,0.000000,0.000000,24.962753,0.000000,59.705197,0.000000,0.000000,0.000000,315,15.731579,100.399529,-0.0,100.399529,2.333333
315_STEAM_3-3,8,124.099655,0.000000,0.000000,1.000000,0.000000,0.000000,0.000000,48.662879,0.000000,59.705197,0.000000,0.000000,0.000000,315,15.731579,124.099655,-0.0,124.099655,2.333333
315_STEAM_4-0,8,75.436777,0.000000,0.000000,1.000000,0.000000,0.000000,0.000000,0.000000,0.000000,59.705197,0.000000,0.000000,0.000000,315,15.731579,75.436777,-0.0,75.436777,5.000000
315_STEAM_4-1,8,75.436777,0.000000,0.000000,1.000000,0.000000,0.000000,0.000000,0.000000,0.000000,59.705197,0.000000,0.000000,0.000000,315,15.731579,75.436777,-0.0,75.436777,2.333333
315_STEAM_4-2,8,100.399529,0.000000,0.000000,1.000000,0.000000,0.000000,0.000000,24.962753,0.000000,59.705197,0.000000,0.000000,0.000000,315,15.731579,100.399529,-0.0,100.399529,2.333333
315_STEAM_4-3,8,124.099655,0.000000,0.000000,1.000000,0.000000,0.000000,0.000000,48.662879,0.000000,59.705197,0.000000,0.000000,0.000000,315,15.731579,124.099655,-0.0,124.099655,2.333333
315_STEAM_5-0,8,75.436777,0.000000,0.000000,1.000000,0.000000,0.000000,0.000000,0.000000,0.000000,59.705197,0.000000,0.000000,0.000000,315,15.731579,75.436777,-0.0,75.436777,5.000000
315_STEAM_5-1,8,75.436777,0.000000,0.000000,1.000000,0.000000,0.000000,0.000000,0.000000,0.000000,59.705197,0.000000,0.000000,0.000000,315,15.731579,75.436777,-0.0,75.436777,2.333333
315_STEAM_5-2,8,100.399529,0.000000,0.000000,1.000000,0.000000,0.000000,0.000000,24.962753,0.000000,59.705197,0.000000,0.000000,0.000000,315,15.731579,100.399529,-0.0,100.399529,2.333333
315_STEAM_5-3,8,124.099655,0.000000,0.000000,1.000000,0.000000,0.000000,0.000000,48.662879,0.000000,59.705197,0.000000,0.000000,0.000000,315,15.731579,124.099655,-0.0,124.099655,2.333333
315_CT_6-0,8,26.401998,0.000000,0.000000,1.000000,0.000000,0.000000,0.000000,0.000000,0.000000,10.670419,0.000000,0.000000,0.000000,315,15.731579,26.401998,-0.0,26.401998,22.000000
315_CT_6-1,8,26.401998,0.000000,0.000000,1.000000,0.000000,0.000000,0.000000,0.000000,0.000000,10.670419,0.000000,0.000000,0.000000,315,15.731579,26.401998,-0.0,26.401998,11.000000
315_CT_6-2,8,26.895675,0.000000,0.000000,1.000000,0.000000,0.000000,0.000000,0.493677,0.000000,10.670419,0.000000,0.000000,0.000000,315,15.731579,26.895675,-0.0,26.895675,11.000000
315_CT_6-3,8,31.855768,0.000000,0.000000,1.000000,0.000000,0.000000,0.000000,5.453770,0.000000,10.670419,0.000000,0.000000,0.000000,315,15.731579,31.855768,-0.0,31.855768,11.000000
315_CT_7-0,8,26.401998,0.000000,0.000000,1.000000,0.000000,0.000000,0.000000,0.000000,0.000000,10.670419,0.000000,0.000000,0.000000,315,15.731579,26.401998,-0.0,26.401998,22.000000
315_CT_7-1,8,26.401998,0.000000,0.000000,1.000000,0.000000,0.000000,0.000000,0.000000,0.000000,10.670419,0.000000,0.000000,0.000000,315,15.731579,26.401998,-0.0,26.401998,11.000000
315_CT_7-2,8,26.895675,0.000000,0.000000,1.000000,0.000000,0.000000,0.000000,0.493677,0.000000,10.670419,0.000000,0.000000,0.000000,315,15.731579,26.895675,-0.0,26.895675,11.000000
315_CT_7-3,8,31.855768,0.000000,0.000000,1.000000,0.000000,0.000000,0.000000,5.453770,0.000000,10.670419,0.000000,0.000000,0.000000,315,15.731579,31.855768,-0.0,31.855768,11.000000
315_CT_8-0,8,26.401998,0.000000,0.000000,1.000000,0.000000,0.000000,0.000000,0.000000,0.000000,10.670419,0.000000,0.000000,0.000000,315,15.731579,26.401998,-0.0,26.401998,22.000000
315_CT_8-1,8,26.401998,0.000000,0.000000,1.000000,0.000000,0.000000,0.000000,0.000000,0.000000,10.670419,0.000000,0.000000,0.000000,315,15.731579,26.401998,-0.0,26.401998,11.000000
315_CT_8-2,8,26.895675,0.000000,0.000000,1.000000,0.000000,0.000000,0.000000,0.493677,0.000000,10.670419,0.000000,0.000000,0.000000,315,15.731579,26.895675,-0.0,26.895675,11.000000
315_CT_8-3,8,31.855768,0.000000,0.000000,1.000000,0.000000,0.000000,0.000000,5.453770,0.000000,10.670419,0.000000,0.000000,0.000000,315,15.731579,31.855768,-0.0,31.855768,11.000000
316_STEAM_1-0,8,21.116646,0.000000,0.000000,1.000000,0.000000,0.000000,0.000000,0.000000,0.000000,5.385067,0.000000,0.000000,0.000000,316,15.731579,21.116646,-0.0,21.116646,62.000000
316_STEAM_1-1,8,21.116646,0.000000,0.000000,1.000000,0.000000,0.000000,0.000000,0.000000,0.000000,5.385067,0.000000,0.000000,0.000000,316,15.731579,21.116646,-0.0,21.116646,31.000000
316_STEAM_1-2,8,21.287879,0.000000,0.000000,1.000000,0.000000,0.000000,0.000000,0.171233,0.000000,5.385067,0.000000,0.000000,0.000000,316,15.731579,21.287879,-0.0,21.287879,31.000000
316_STEAM_1-3,8,27.274699,0.000000,0.000000,1.000000,0.000000,0.000000,0.000000,6.158053,0.000000,5.385067,0.000000,0.000000,0.000000,316,15.731579,27.274699,-0.0,27.274699,31.000000
318_CC_1-0,8,26.845141,0.000000,0.000000,1.000000,0.000000,0.000000,0.000000,0.000000,0.000000,11.113562,0.000000,0.000000,0.000000,318,15.731579,26.845141,-0.0,26.845141,170.000000
318_CC_1-1,8,26.845141,0.000000,0.000000,1.000000,0.000000,0.000000,0.000000,0.000000,0.000000,11.113562,0.000000,0.000000,0.000000,318,15.731579,26.845141,-0.0,26.845141,61.666667
318_CC_1-2,8,27.276623,0.000000,0.000000,1.000000,0.000000,0.000000,0.000000,0.431481,0.000000,11.113562,0.000000,0.000000,0.000000,318,15.731579,27.276623,-0.0,27.276623,61.666667
318_CC_1-3,8,31.529241,0.000000,0.000000,1.000000,0.000000,0.000000,0.000000,4.684100,0.000000,11.113562,0.000000,0.000000,0.000000,318,15.731579,31.529241,-0.0,31.529241,61.666667
321_CC_1-0,8,22.732463,0.000000,0.000000,1.000000,0.000000,0.000000,0.000000,0.000000,0.000000,7.000883,0.000000,0.000000,0.000000,321,15.731579,22.732463,-0.0,22.732463,170.000000
321_CC_1-1,8,22.732463,0.000000,0.000000,1.000000,0.000000,0.000000,0.000000,0.000000,0.000000,7.000883,0.000000,0.000000,0.000000,321,15.731579,22.732463,-0.0,22.732463,61.666667
321_CC_1-2,8,25.908321,0.000000,0.000000,1.000000,0.000000,0.000000,0.000000,3.175859,0.000000,7.000883,0.000000,0.000000,0.000000,321,15.731579,25.908321,-0.0,25.908321,61.666667
321_CC_1-3,8,33.947092,0.000000,0.000000,1.000000,0.000000,0.000000,0.000000,11.214630,0.000000,7.000883,0.000000,0.000000,0.000000,321,15.731579,33.947092,-0.0,33.947092,61.666667
322_CT_5-0,8,23.334982,0.000000,0.000000,1.000000,0.000000,0.000000,0.000000,7.603402,0.000000,0.000000,0.000000,0.000000,0.000000,322,15.731579,23.334982,-0.0,23.334982,22.000000
322_CT_5-1,8,23.334982,0.000000,0.000000,1.000000,0.000000,0.000000,0.000000,7.603402,0.000000,0.000000,0.000000,0.000000,0.000000,322,15.731579,23.334982,-0.0,23.334982,11.000000
322_CT_5-2,8,26.499179,0.000000,0.000000,1.000000,0.000000,0.000000,0.000000,10.767599,0.000000,0.000000,0.000000,0.000000,0.000000,322,15.731579,26.499179,-0.0,26.499179,11.000000
322_CT_5-3,8,27.894691,0.000000,0.000000,1.000000,0.000000,0.000000,0.000000,12.163111,0.000000,0.000000,0.000000,0.000000,0.000000,322,15.731579,27.894691,-0.0,27.894691,11.000000
322_CT_6-0,8,23.334982,0.000000,0.000000,1.000000,0.000000,0.000000,0.000000,7.603402,0.000000,0.000000,0.000000,0.000000,0.000000,322,15.731579,23.334982,-0.0,23.334982,22.000000
322_CT_6-1,8,23.334982,0.000000,0.000000,1.000000,0.000000,0.000000,0.000000,7.603402,0.000000,0.000000,0.000000,0.000000,0.000000,322,15.731579,23.334982,-0.0,23.334982,11.000000
322_CT_6-2,8,26.499179,0.000000,0.000000,1.000000,0.000000,0.000000,0.000000,10.767599,0.000000,0.000000,0.000000,0.000000,0.000000,322,15.731579,26.499179,-0.0,26.499179,11.000000
322_CT_6-3,8,27.894691,0.000000,0.000000,1.000000,0.000000,0.000000,0.000000,12.163111,0.000000,0.000000,0.000000,0.000000,0.000000,322,15.731579,27.894691,-0.0,27.894691,11.000000
323_CC_1-0,8,26.429209,0.000000,0.000000,1.000000,0.000000,0.000000,0.000000,0.000000,0.000000,10.697629,0.000000,0.000000,0.000000,323,15.731579,26.429209,-0.0,26.429209,170.000000
323_CC_1-1,8,26.429209,0.000000,0.000000,1.000000,0.000000,0.000000,0.000000,0.000000,0.000000,10.697629,0.000000,0.000000,0.000000,323,15.731579,26.429209,-0.0,26.429209,61.666667
323_CC_1-2,8,30.277557,0.000000,0.000000,1.000000,0.000000,0.000000,0.000000,3.848348,0.000000,10.697629,0.000000,0.000000,0.000000,323,15.731579,30.277557,-0.0,30.277557,61.666667
323_CC_1-3,8,31.727490,0.000000,0.000000,1.000000,0.000000,0.000000,0.000000,5.298281,0.000000,10.697629,0.000000,0.000000,0.000000,323,15.731579,31.727490,-0.0,31.727490,61.666667
323_CC_2-0,8,26.429209,0.000000,0.000000,1.000000,0.000000,0.000000,0.000000,0.000000,0.000000,10.697629,0.000000,0.000000,0.000000,323,15.731579,26.429209,-0.0,26.429209,170.000000
323_CC_2-1,8,26.429209,0.000000,0.000000,1.000000,0.000000,0.000000,0.000000,0.000000,0.000000,10.697629,0.000000,0.000000,0.000000,323,15.731579,26.429209,-0.0,26.429209,61.666667
323_CC_2-2,8,30.277557,0.000000,0.000000,1.000000,0.000000,0.000000,0.000000,3.848348,0.000000,10.697629,0.000000,0.000000,0.000000,323,15.731579,30.277557,-0.0,30.277557,61.666667
323_CC_2-3,8,31.727490,0.000000,0.000000,1.000000,0.000000,0.000000,0.000000,5.298281,0.000000,10.697629,0.000000,0.000000,0.000000,323,15.731579,31.727490,-0.0,31.727490,61.666667
322_HYDRO_1-0,8,0.000000,29.700000,0.000000,1.000000,0.000000,0.000000,15.731579,0.000000,0.000000,0.000000,0.000000,0.000000,0.000000,322,15.731579,0.000000,467.2278963,0.000000,29.700000
322_HYDRO_1-1,8,0.000000,0.000000,0.000000,1.000000,0.000000,0.000000,15.731579,0.000000,0.000000,0.000000,0.000000,0.000000,0.000000,322,15.731579,0.000000,0.0,0.000000,0.000000
322_HYDRO_1-2,8,0.000000,0.000000,0.000000,1.000000,0.000000,0.000000,15.731579,0.000000,0.000000,0.000000,0.000000,0.000000,0.000000,322,15.731579,0.000000,0.0,0.000000,0.000000
322_HYDRO_1-3,8,0.000000,0.000000,0.000000,1.000000,0.000000,0.000000,15.731579,0.000000,0.000000,0.000000,0.000000,0.000000,0.000000,322,15.731579,0.000000,0.0,0.000000,0.000000
322_HYDRO_2-0,8,0.000000,29.700000,0.000000,1.000000,0.000000,0.000000,15.731579,0.000000,0.000000,0.000000,0.000000,0.000000,0.000000,322,15.731579,0.000000,467.2278963,0.000000,29.700000
322_HYDRO_2-1,8,0.000000,0.000000,0.000000,1.000000,0.000000,0.000000,15.731579,0.000000,0.000000,0.000000,0.000000,0.000000,0.000000,322,15.731579,0.000000,0.0,0.000000,0.000000
322_HYDRO_2-2,8,0.000000,0.000000,0.000000,1.000000,0.000000,0.000000,15.731579,0.000000,0.000000,0.000000,0.000000,0.000000,0.000000,322,15.731579,0.000000,0.0,0.000000,0.000000
322_HYDRO_2-3,8,0.000000,0.000000,0.000000,1.000000,0.000000,0.000000,15.731579,0.000000,0.000000,0.000000,0.000000,0.000000,0.000000,322,15.731579,0.000000,0.0,0.000000,0.000000
322_HYDRO_3-0,8,0.000000,29.700000,0.000000,1.000000,0.000000,0.000000,15.731579,0.000000,0.000000,0.000000,0.000000,0.000000,0.000000,322,15.731579,0.000000,467.2278963,0.000000,29.700000
322_HYDRO_3-1,8,0.000000,0.000000,0.000000,1.000000,0.000000,0.000000,15.731579,0.000000,0.000000,0.000000,0.000000,0.000000,0.000000,322,15.731579,0.000000,0.0,0.000000,0.000000
322_HYDRO_3-2,8,0.000000,0.000000,0.000000,1.000000,0.000000,0.000000,15.731579,0.000000,0.000000,0.000000,0.000000,0.000000,0.000000,322,15.731579,0.000000,0.0,0.000000,0.000000
322_HYDRO_3-3,8,0.000000,0.000000,0.000000,1.000000,0.000000,0.000000,15.731579,0.000000,0.000000,0.000000,0.000000,0.000000,0.000000,322,15.731579,0.000000,0.0,0.000000,0.000000
322_HYDRO_4-0,8,0.000000,29.700000,0.000000,1.000000,0.000000,0.000000,15.731579,0.000000,0.000000,0.000000,0.000000,0.000000,0.000000,322,15.731579,0.000000,467.2278963,0.000000,29.700000
322_HYDRO_4-1,8,0.000000,0.000000,0.000000,1.000000,0.000000,0.000000,15.731579,0.000000,0.000000,0.000000,0.000000,0.000000,0.000000,322,15.731579,0.000000,0.0,0.000000,0.000000
322_HYDRO_4-2,8,0.000000,0.000000,0.000000,1.000000,0.000000,0.000000,15.731579,0.000000,0.000000,0.000000,0.000000,0.000000,0.000000,322,15.731579,0.000000,0.0,0.000000,0.000000
322_HYDRO_4-3,8,0.000000,0.000000,0.000000,1.000000,0.000000,0.000000,15.731579,0.000000,0.000000,0.000000,0.000000,0.000000,0.000000,322,15.731579,0.000000,0.0,0.000000,0.000000
301_CT_1-0,9,87.255791,0.000000,0.000000,1.000000,0.000000,0.000000,0.000000,0.000000,0.000000,63.361838,0.000000,0.000000,0.000000,301,23.893954,87.255791,-0.0,87.255791,8.000000
301_CT_1-1,9,87.255791,0.000000,0.000000,1.000000,0.000000,0.000000,0.000000,0.000000,0.000000,63.361838,0.000000,0.000000,0.000000,301,23.893954,87.255791,-0.0,87.255791,4.000000
301_CT_1-2,9,99.695770,0.000000,0.000000,1.000000,0.000000,0.000000,0.000000,12.439979,0.000000,63.361838,0.000000,0.000000,0.000000,301,23.893954,99.695770,-0.0,99.695770,4.000000
301_CT_1-3,9,105.367241,0.000000,0.000000,1.000000,0.000000,0.000000,0.000000,18.111450,0.000000,63.361838,0.000000,0.000000,0.000000,301,23.893954,105.367241,-0.0,105.367241,4.000000
301_CT_2-0,9,87.255791,0.000000,0.000000,1.000000,0.000000,0.000000,0.000000,0.000000,0.000000,63.361838,0.000000,0.000000,0.000000,301,23.893954,87.255791,-0.0,87.255791,8.000000
301_CT_2-1,9,87.255791,0.000000,0.000000,1.000000,0.000000,0.000000,0.000000,0.000000,0.000000,63.361838,0.000000,0.000000,0.000000,301,23.893954,87.255791,-0.0,87.255791,4.000000
301_CT_2-2,9,99.695770,0.000000,0.000000,1.000000,0.000000,0.000000,0.000000,12.439979,0.000000,63.361838,0.000000,0.000000,0.000000,301,23.893954,99.695770,-0.0,99.695770,4.000000
301_CT_2-3,9,105.367241,0.000000,0.000000,1.000000,0.000000,0.000000,0.000000,18.111450,0.000000,63.361838,0.000000,0.000000,0.000000,301,23.893954,105.367241,-0.0,105.367241,4.000000
301_CT_3-0,9,28.469999,0.000000,0.000000,1.000000,0.000000,0.000000,0.000000,0.000000,0.000000,4.576045,0.000000,0.000000,0.000000,301,23.893954,28.469999,-0.0,28.469999,22.000000
301_CT_3-1,9,28.469999,0.000000,0.000000,1.000000,0.000000,0.000000,0.000000,0.000000,0.000000,4.576045,0.000000,0.000000,0.000000,301,23.893954,28.469999,-0.0,28.469999,11.000000
301_CT_3-2,9,29.286315,0.000000,0.000000,1.000000,0.000000,0.000000,0.000000,0.816316,0.000000,4.576045,0.000000,0.000000,0.000000,301,23.893954,29.286315,-0.0,29.286315,11.000000
301_CT_3-3,9,43.742887,0.000000,0.000000,1.000000,0.000000,0.000000,0.000000,15.272887,0.000000,4.576045,0.000000,0.000000,0.000000,301,23.893954,43.742887,-0.0,43.742887,11.000000
301_CT_4-0,9,28.469999,0.000000,0.000000,1.000000,0.000000,0.000000,0.000000,0.000000,0.000000,4.576045,0.000000,0.000000,0.000000,301,23.893954,28.469999,-0.0,28.469999,22.000000
301_CT_4-1,9,28.469999,0.000000,0.000000,1.000000,0.000000,0.000000,0.000000,0.000000,0.000000,4.576045,0.000000,0.000000,0.000000,301,23.893954,28.469999,-0.0,28.469999,11.000000
301_CT_4-2,9,29.286315,0.000000,0.000000,1.000000,0.000000,0.000000,0.000000,0.816316,0.000000,4.576045,0.000000,0.000000,0.000000,301,23.893954,29.286315,-0.0,29.286315,11.000000
301_CT_4-3,9,43.742887,0.000000,0.000000,1.000000,0.000000,0.000000,0.000000,15.272887,0.000000,4.576045,0.000000,0.000000,0.000000,301,23.893954,43.742887,-0.0,43.742887,11.000000
302_CT_1-0,9,87.255791,0.000000,0.000000,1.000000,0.000000,0.000000,0.000000,0.000000,0.000000,63.361838,0.000000,0.000000,0.000000,302,23.893954,87.255791,-0.0,87.255791,8.000000
302_CT_1-1,9,87.255791,0.000000,0.000000,1.000000,0.000000,0.000000,0.000000,0.000000,0.000000,63.361838,0.000000,0.000000,0.000000,302,23.893954,87.255791,-0.0,87.255791,4.000000
302_CT_1-2,9,99.695770,0.000000,0.000000,1.000000,0.000000,0.000000,0.000000,12.439979,0.000000,63.361838,0.000000,0.000000,0.000000,302,23.893954,99.695770,-0.0,99.695770,4.000000
302_CT_1-3,9,105.367241,0.000000,0.000000,1.000000,0.000000,0.000000,0.000000,18.111450,0.000000,63.361838,0.000000,0.000000,0.000000,302,23.893954,105.367241,-0.0,105.367241,4.000000
302_CT_2-0,9,87.255791,0.000000,0.000000,1.000000,0.000000,0.000000,0.000000,0.000000,0.000000,63.361838,0.000000,0.000000,0.000000,302,23.893954,87.255791,-0.0,87.255791,8.000000
302_CT_2-1,9,87.255791,0.000000,0.000000,1.000000,0.000000,0.000000,0.000000,0.000000,0.000000,63.361838,0.000000,0.000000,0.000000,302,23.893954,87.255791,-0.0,87.255791,4.000000
302_CT_2-2,9,99.695770,0.000000,0.000000,1.000000,0.000000,0.000000,0.000000,12.439979,0.000000,63.361838,0.000000,0.000000,0.000000,302,23.893954,99.695770,-0.0,99.695770,4.000000
302_CT_2-3,9,105.367241,0.000000,0.000000,1.000000,0.000000,0.000000,0.000000,18.111450,0.000000,63.361838,0.000000,0.000000,0.000000,302,23.893954,105.367241,-0.0,105.367241,4.000000
302_CT_3-0,9,33.791603,0.000000,0.000000,1.000000,0.000000,0.000000,0.000000,0.000000,0.000000,9.897650,0.000000,0.000000,0.000000,302,23.893954,33.791603,-0.0,33.791603,22.000000
302_CT_3-1,9,33.791603,0.000000,0.000000,1.000000,0.000000,0.000000,0.000000,0.000000,0.000000,9.897650,0.000000,0.000000,0.000000,302,23.893954,33.791603,-0.0,33.791603,11.000000
302_CT_3-2,9,38.382410,0.000000,0.000000,1.000000,0.000000,0.000000,0.000000,4.590807,0.000000,9.897650,0.000000,0.000000,0.000000,302,23.893954,38.382410,-0.0,38.382410,11.000000
302_CT_3-3,9,38.635080,0.000000,0.000000,1.000000,0.000000,0.000000,0.000000,4.843476,0.000000,9.897650,0.000000,0.000000,0.000000,302,23.893954,38.635080,-0.0,38.635080,11.000000
302_CT_4-0,9,33.791603,0.000000,0.000000,1.000000,0.000000,0.000000,0.000000,0.000000,0.000000,9.897650,0.000000,0.000000,0.000000,302,23.893954,33.791603,-0.0,33.791603,22.000000
302_CT_4-1,9,33.791603,0.000000,0.000000,1.000000,0.000000,0.000000,0.000000,0.000000,0.000000,9.897650,0.000000,0.000000,0.000000,302,23.893954,33.791603,-0.0,33.791603,11.000000
302_CT_4-2,9,38.382410,0.000000,0.000000,1.000000,0.000000,0.000000,0.000000,4.590807,0.000000,9.897650,0.000000,0.000000,0.000000,302,23.893954,38.382410,-0.0,38.382410,11.000000
302_CT_4-3,9,38.635080,0.000000,0.000000,1.000000,0.000000,0.000000,0.000000,4.843476,0.000000,9.897650,0.000000,0.000000,0.000000,302,23.893954,38.635080,-0.0,38.635080,11.000000
307_CT_1-0,9,27.894691,0.000000,0.000000,1.000000,0.000000,0.000000,0.000000,0.000000,0.000000,4.000737,0.000000,0.000000,0.000000,307,23.893954,27.894691,-0.0,27.894691,22.000000
307_CT_1-1,9,27.894691,0.000000,0.000000,1.000000,0.000000,0.000000,0.000000,0.000000,0.000000,4.000737,0.000000,0.000000,0.000000,307,23.893954,27.894691,-0.0,27.894691,11.000000
307_CT_1-2,9,29.220233,0.000000,0.000000,1.000000,0.000000,0.000000,0.000000,1.325542,0.000000,4.000737,0.000000,0.000000,0.000000,307,23.893954,29.220233,-0.0,29.220233,11.000000
307_CT_1-3,9,35.474770,0.000000,0.000000,1.000000,0.000000,0.000000,0.000000,7.580079,0.000000,4.000737,0.000000,0.000000,0.000000,307,23.893954,35.474770,-0.0,35.474770,11.000000
307_CT_2-0,9,27.894691,0.000000,0.000000,1.000000,0.000000,0.000000,0.000000,0.000000,0.000000,4.000737,0.000000,0.000000,0.000000,307,23.893954,27.894691,-0.0,27.894691,22.000000
307_CT_2-1,9,27.894691,0.000000,0.000000,1.000000,0.000000,0.000000,0.000000,0.000000,0.000000,4.000737,0.000000,0.000000,0.000000,307,23.893954,27.894691,-0.0,27.894691,11.000000
307_CT_2-2,9,29.220233,0.000000,0.000000,1.000000,0.000000,0.000000,0.000000,1.325542,0.000000,4.000737,0.000000,0.000000,0.000000,307,23.893954,29.220233,-0.0,29.220233,11.000000
307_CT_2-3,9,35.474770,0.000000,0.000000,1.000000,0.000000,0.000000,0.000000,7.580079,0.000000,4.000737,0.000000,0.000000,0.000000,307,23.893954,35.474770,-0.0,35.474770,11.000000
313_CC_1-0,9,15.731579,170.000000,36.823878,1.000000,0.000000,0.000000,8.162375,0.000000,0.000000,0.000000,0.000000,0.000000,0.000000,313,23.893954,15.731579,1387.6037500000002,15.731579,170.000000
313_CC_1-1,9,15.731579,61.666667,13.357681,1.000000,0.000000,0.000000,8.162375,0.000000,0.000000,0.000000,0.000000,0.000000,0.000000,313,23.893954,15.731579,503.34646105412503,15.731579,61.666667
313_CC_1-2,9,26.755735,0.000000,0.000000,1.000000,0.000000,0.000000,0.000000,2.861781,0.000000,0.000000,0.000000,0.000000,0.000000,313,23.893954,26.755735,-0.0,26.755735,61.666667
313_CC_1-3,9,33.752731,0.000000,0.000000,1.000000,0.000000,0.000000,0.000000,9.858777,0.000000,0.000000,0.000000,0.000000,0.000000,313,23.893954,33.752731,-0.0,33.752731,61.666667
315_STEAM_1-0,9,75.436777,0.000000,0.000000,1.000000,0.000000,0.000000,0.000000,0.000000,0.000000,51.542823,0.000000,0.000000,0.000000,315,23.893954,75.436777,-0.0,75.436777,5.000000
315_STEAM_1-1,9,75.436777,0.000000,0.000000,1.000000,0.000000,0.000000,0.000000,0.000000,0.000000,51.542823,0.000000,0.000000,0.000000,315,23.893954,75.436777,-0.0,75.436777,2.333333
315_STEAM_1-2,9,100.399529,0.000000,0.000000,1.000000,0.000000,0.000000,0.000000,24.962753,0.000000,51.542823,0.000000,0.000000,0.000000,315,23.893954,100.399529,-0.0,100.399529,2.333333
315_STEAM_1-3,9,124.099655,0.000000,0.000000,1.000000,0.000000,0.000000,0.000000,48.662879,0.000000,51.542823,0.000000,0.000000,0.000000,315,23.893954,124.099655,-0.0,124.099655,2.333333
315_STEAM_2-0,9,75.436777,0.000000,0.000000,1.000000,0.000000,0.000000,0.000000,0.000000,0.000000,51.542823,0.000000,0.000000,0.000000,315,23.893954,75.436777,-0.0,75.436777,5.000000
315_STEAM_2-1,9,75.436777,0.000000,0.000000,1.000000,0.000000,0.000000,0.000000,0.000000,0.000000,51.542823,0.000000,0.000000,0.000000,315,23.893954,75.436777,-0.0,75.436777,2.333333
315_STEAM_2-2,9,100.399529,0.000000,0.000000,1.000000,0.000000,0.000000,0.000000,24.962753,0.000000,51.542823,0.000000,0.000000,0.000000,315,23.893954,100.399529,-0.0,100.399529,2.333333
315_STEAM_2-3,9,124.099655,0.000000,0.000000,1.000000,0.000000,0.000000,0.000000,48.662879,0.000000,51.542823,0.000000,0.000000,0.000000,315,23.893954,124.099655,-0.0,124.099655,2.333333
315_STEAM_3-0,9,75.436777,0.000000,0.000000,1.000000,0.000000,0.000000,0.000000,0.000000,0.000000,51.542823,0.000000,0.000000,0.000000,315,23.893954,75.436777,-0.0,75.436777,5.000000
315_STEAM_3-1,9,75.436777,0.000000,0.000000,1.000000,0.000000,0.000000,0.000000,0.000000,0.000000,51.542823,0.000000,0.000000,0.000000,315,23.893954,75.436777,-0.0,75.436777,2.333333
315_STEAM_3-2,9,100.399529,0.000000,0.000000,1.000000,0.000000,0.000000,0.000000,24.962753,0.000000,51.542823,0.000000,0.000000,0.000000,315,23.893954,100.399529,-0.0,100.399529,2.333333
315_STEAM_3-3,9,124.099655,0.000000,0.000000,1.000000,0.000000,0.000000,0.000000,48.662879,0.000000,51.542823,0.000000,0.000000,0.000000,315,23.893954,124.099655,-0.0,124.099655,2.333333
315_STEAM_4-0,9,75.436777,0.000000,0.000000,1.000000,0.000000,0.000000,0.000000,0.000000,0.000000,51.542823,0.000000,0.000000,0.000000,315,23.893954,75.436777,-0.0,75.436777,5.000000
315_STEAM_4-1,9,75.436777,0.000000,0.000000,1.000000,0.000000,0.000000,0.000000,0.000000,0.000000,51.542823,0.000000,0.000000,0.000000,315,23.893954,75.436777,-0.0,75.436777,2.333333
315_STEAM_4-2,9,100.399529,0.000000,0.000000,1.000000,0.000000,0.000000,0.000000,24.962753,0.000000,51.542823,0.000000,0.000000,0.000000,315,23.893954,100.399529,-0.0,100.399529,2.333333
315_STEAM_4-3,9,124.099655,0.000000,0.000000,1.000000,0.000000,0.000000,0.000000,48.662879,0.000000,51.542823,0.000000,0.000000,0.000000,315,23.893954,124.099655,-0.0,124.099655,2.333333
315_STEAM_5-0,9,75.436777,0.000000,0.000000,1.000000,0.000000,0.000000,0.000000,0.000000,0.000000,51.542823,0.000000,0.000000,0.000000,315,23.893954,75.436777,-0.0,75.436777,5.000000
315_STEAM_5-1,9,75.436777,0.000000,0.000000,1.000000,0.000000,0.000000,0.000000,0.000000,0.000000,51.542823,0.000000,0.000000,0.000000,315,23.893954,75.436777,-0.0,75.436777,2.333333
315_STEAM_5-2,9,100.399529,0.000000,0.000000,1.000000,0.000000,0.000000,0.000000,24.962753,0.000000,51.542823,0.000000,0.000000,0.000000,315,23.893954,100.399529,-0.0,100.399529,2.333333
315_STEAM_5-3,9,124.099655,0.000000,0.000000,1.000000,0.000000,0.000000,0.000000,48.662879,0.000000,51.542823,0.000000,0.000000,0.000000,315,23.893954,124.099655,-0.0,124.099655,2.333333
315_CT_6-0,9,26.401998,0.000000,0.000000,1.000000,0.000000,0.000000,0.000000,0.000000,0.000000,2.508044,0.000000,0.000000,0.000000,315,23.893954,26.401998,-0.0,26.401998,22.000000
315_CT_6-1,9,26.401998,0.000000,0.000000,1.000000,0.000000,0.000000,0.000000,0.000000,0.000000,2.508044,0.000000,0.000000,0.000000,315,23.893954,26.401998,-0.0,26.401998,11.000000
315_CT_6-2,9,26.895675,0.000000,0.000000,1.000000,0.000000,0.000000,0.000000,0.493677,0.000000,2.508044,0.000000,0.000000,0.000000,315,23.893954,26.895675,-0.0,26.895675,11.000000
315_CT_6-3,9,31.855768,0.000000,0.000000,1.000000,0.000000,0.000000,0.000000,5.453770,0.000000,2.508044,0.000000,0.000000,0.000000,315,23.893954,31.855768,-0.0,31.855768,11.000000
315_CT_7-0,9,26.401998,0.000000,0.000000,1.000000,0.000000,0.000000,0.000000,0.000000,0.000000,2.508044,0.000000,0.000000,0.000000,315,23.893954,26.401998,-0.0,26.401998,22.000000
315_CT_7-1,9,26.401998,0.000000,0.000000,1.000000,0.000000,0.000000,0.000000,0.000000,0.000000,2.508044,0.000000,0.000000,0.000000,315,23.893954,26.401998,-0.0,26.401998,11.000000
315_CT_7-2,9,26.895675,0.000000,0.000000,1.000000,0.000000,0.000000,0.000000,0.493677,0.000000,2.508044,0.000000,0.000000,0.000000,315,23.893954,26.895675,-0.0,26.895675,11.000000
315_CT_7-3,9,31.855768,0.000000,0.000000,1.000000,0.000000,0.000000,0.000000,5.453770,0.000000,2.508044,0.000000,0.000000,0.000000,315,23.893954,31.855768,-0.0,31.855768,11.000000
315_CT_8-0,9,26.401998,0.000000,0.000000,1.000000,0.000000,0.000000,0.000000,0.000000,0.000000,2.508044,0.000000,0.000000,0.000000,315,23.893954,26.401998,-0.0,26.401998,22.000000
315_CT_8-1,9,26.401998,0.000000,0.000000,1.000000,0.000000,0.000000,0.000000,0.000000,0.000000,2.508044,0.000000,0.000000,0.000000,315,23.893954,26.401998,-0.0,26.401998,11.000000
315_CT_8-2,9,26.895675,0.000000,0.000000,1.000000,0.000000,0.000000,0.000000,0.493677,0.000000,2.508044,0.000000,0.000000,0.000000,315,23.893954,26.895675,-0.0,26.895675,11.000000
315_CT_8-3,9,31.855768,0.000000,0.000000,1.000000,0.000000,0.000000,0.000000,5.453770,0.000000,2.508044,0.000000,0.000000,0.000000,315,23.893954,31.855768,-0.0,31.855768,11.000000
316_STEAM_1-0,9,21.116646,62.000000,58.992715,1.000000,0.000000,0.000000,2.777308,0.000000,0.000000,0.000000,0.000000,0.000000,0.000000,316,23.893954,21.116646,172.19309600000008,21.116646,62.000000
316_STEAM_1-1,9,21.116646,31.000000,29.496357,1.000000,0.000000,0.000000,2.777308,0.000000,0.000000,0.000000,0.000000,0.000000,0.000000,316,23.893954,21.116646,86.09654800000004,21.116646,31.000000
316_STEAM_1-2,9,21.287879,31.000000,29.735541,1.000000,0.000000,0.000000,2.606075,0.000000,0.000000,0.000000,0.000000,0.000000,0.000000,316,23.893954,21.287879,80.78832500000001,21.287879,31.000000
316_STEAM_1-3,9,27.274699,0.000000,0.000000,1.000000,0.000000,0.000000,0.000000,3.380745,0.000000,0.000000,0.000000,0.000000,0.000000,316,23.893954,27.274699,-0.0,27.274699,31.000000
318_CC_1-0,9,26.845141,0.000000,0.000000,1.000000,0.000000,0.000000,0.000000,0.000000,0.000000,2.951187,0.000000,0.000000,0.000000,318,23.893954,26.845141,-0.0,26.845141,170.000000
318_CC_1-1,9,26.845141,0.000000,0.000000,1.000000,0.000000,0.000000,0.000000,0.000000,0.000000,2.951187,0.000000,0.000000,0.000000,318,23.893954,26.845141,-0.0,26.845141,61.666667
318_CC_1-2,9,27.276623,0.000000,0.000000,1.000000,0.000000,0.000000,0.000000,0.431481,0.000000,2.951187,0.000000,0.000000,0.000000,318,23.893954,27.276623,-0.0,27.276623,61.666667
318_CC_1-3,9,31.529241,0.000000,0.000000,1.000000,0.000000,0.000000,0.000000,4.684100,0.000000,2.951187,0.000000,0.000000,0.000000,318,23.893954,31.529241,-0.0,31.529241,61.666667
321_CC_1-0,9,22.732463,170.000000,53.211277,1.000000,0.000000,0.000000,1.161491,0.000000,0.000000,0.000000,0.000000,0.000000,0.000000,321,23.893954,22.732463,197.45347000000027,22.732463,170.000000
321_CC_1-1,9,22.732463,61.666667,19.302130,1.000000,0.000000,0.000000,1.161491,0.000000,0.000000,0.000000,0.000000,0.000000,0.000000,321,23.893954,22.732463,71.62527872049709,22.732463,61.666667
321_CC_1-2,9,25.908321,0.000000,0.000000,1.000000,0.000000,0.000000,0.000000,2.014367,0.000000,0.000000,0.000000,0.000000,0.000000,321,23.893954,25.908321,-0.0,25.908321,61.666667
321_CC_1-3,9,33.947092,0.000000,0.000000,1.000000,0.000000,0.000000,0.000000,10.053138,0.000000,0.000000,0.000000,0.000000,0.000000,321,23.893954,33.947092,-0.0,33.947092,61.666667
322_CT_5-0,9,23.334982,22.000000,7.068682,1.000000,0.000000,0.000000,0.558972,0.000000,0.000000,0.000000,0.000000,0.000000,0.000000,322,23.893954,23.334982,12.297384000000015,23.334982,22.000000
322_CT_5-1,9,23.334982,11.000000,3.534341,1.000000,0.000000,0.000000,0.558972,0.000000,0.000000,0.000000,0.000000,0.000000,0.000000,322,23.893954,23.334982,6.148692000000008,23.334982,11.000000
322_CT_5-2,9,26.499179,0.000000,0.000000,1.000000,0.000000,0.000000,0.000000,2.605225,0.000000,0.000000,0.000000,0.000000,0.000000,322,23.893954,26.499179,-0.0,26.499179,11.000000
322_CT_5-3,9,27.894691,0.000000,0.000000,1.000000,0.000000,0.000000,0.000000,4.000737,0.000000,0.000000,0.000000,0.000000,0.000000,322,23.893954,27.894691,-0.0,27.894691,11.000000
322_CT_6-0,9,23.334982,22.000000,7.068682,1.000000,0.000000,0.000000,0.558972,0.000000,0.000000,0.000000,0.000000,0.000000,0.000000,322,23.893954,23.334982,12.297384000000015,23.334982,22.000000
322_CT_6-1,9,23.334982,11.000000,3.534341,1.000000,0.000000,0.000000,0.558972,0.000000,0.000000,0.000000,0.000000,0.000000,0.000000,322,23.893954,23.334982,6.148692000000008,23.334982,11.000000
322_CT_6-2,9,26.499179,0.000000,0.000000,1.000000,0.000000,0.000000,0.000000,2.605225,0.000000,0.000000,0.000000,0.000000,0.000000,322,23.893954,26.499179,-0.0,26.499179,11.000000
322_CT_6-3,9,27.894691,0.000000,0.000000,1.000000,0.000000,0.000000,0.000000,4.000737,0.000000,0.000000,0.000000,0.000000,0.000000,322,23.893954,27.894691,-0.0,27.894691,11.000000
323_CC_1-0,9,26.429209,0.000000,0.000000,1.000000,0.000000,0.000000,0.000000,0.000000,0.000000,2.535255,0.000000,0.000000,0.000000,323,23.893954,26.429209,-0.0,26.429209,170.000000
323_CC_1-1,9,26.429209,0.000000,0.000000,1.000000,0.000000,0.000000,0.000000,0.000000,0.000000,2.535255,0.000000,0.000000,0.000000,323,23.893954,26.429209,-0.0,26.429209,61.666667
323_CC_1-2,9,30.277557,0.000000,0.000000,1.000000,0.000000,0.000000,0.000000,3.848348,0.000000,2.535255,0.000000,0.000000,0.000000,323,23.893954,30.277557,-0.0,30.277557,61.666667
323_CC_1-3,9,31.727490,0.000000,0.000000,1.000000,0.000000,0.000000,0.000000,5.298281,0.000000,2.535255,0.000000,0.000000,0.000000,323,23.893954,31.727490,-0.0,31.727490,61.666667
323_CC_2-0,9,26.429209,0.000000,0.000000,1.000000,0.000000,0.000000,0.000000,0.000000,0.000000,2.535255,0.000000,0.000000,0.000000,323,23.893954,26.429209,-0.0,26.429209,170.000000
323_CC_2-1,9,26.429209,0.000000,0.000000,1.000000,0.000000,0.000000,0.000000,0.000000,0.000000,2.535255,0.000000,0.000000,0.000000,323,23.893954,26.429209,-0.0,26.429209,61.666667
323_CC_2-2,9,30.277557,0.000000,0.000000,1.000000,0.000000,0.000000,0.000000,3.848348,0.000000,2.535255,0.000000,0.000000,0.000000,323,23.893954,30.277557,-0.0,30.277557,61.666667
323_CC_2-3,9,31.727490,0.000000,0.000000,1.000000,0.000000,0.000000,0.000000,5.298281,0.000000,2.535255,0.000000,0.000000,0.000000,323,23.893954,31.727490,-0.0,31.727490,61.666667
322_HYDRO_1-0,9,0.000000,30.458333,0.000000,1.000000,0.000000,0.000000,23.893954,0.000000,0.000000,0.000000,0.000000,0.000000,0.000000,322,23.893954,0.000000,727.770007618682,0.000000,30.458333
322_HYDRO_1-1,9,0.000000,0.000000,0.000000,1.000000,0.000000,0.000000,23.893954,0.000000,0.000000,0.000000,0.000000,0.000000,0.000000,322,23.893954,0.000000,0.0,0.000000,0.000000
322_HYDRO_1-2,9,0.000000,0.000000,0.000000,1.000000,0.000000,0.000000,23.893954,0.000000,0.000000,0.000000,0.000000,0.000000,0.000000,322,23.893954,0.000000,0.0,0.000000,0.000000
322_HYDRO_1-3,9,0.000000,0.000000,0.000000,1.000000,0.000000,0.000000,23.893954,0.000000,0.000000,0.000000,0.000000,0.000000,0.000000,322,23.893954,0.000000,0.0,0.000000,0.000000
322_HYDRO_2-0,9,0.000000,30.458333,0.000000,1.000000,0.000000,0.000000,23.893954,0.000000,0.000000,0.000000,0.000000,0.000000,0.000000,322,23.893954,0.000000,727.770007618682,0.000000,30.458333
322_HYDRO_2-1,9,0.000000,0.000000,0.000000,1.000000,0.000000,0.000000,23.893954,0.000000,0.000000,0.000000,0.000000,0.000000,0.000000,322,23.893954,0.000000,0.0,0.000000,0.000000
322_HYDRO_2-2,9,0.000000,0.000000,0.000000,1.000000,0.000000,0.000000,23.893954,0.000000,0.000000,0.000000,0.000000,0.000000,0.000000,322,23.893954,0.000000,0.0,0.000000,0.000000
322_HYDRO_2-3,9,0.000000,0.000000,0.000000,1.000000,0.000000,0.000000,23.893954,0.000000,0.000000,0.000000,0.000000,0.000000,0.000000,322,23.893954,0.000000,0.0,0.000000,0.000000
322_HYDRO_3-0,9,0.000000,30.458333,0.000000,1.000000,0.000000,0.000000,23.893954,0.000000,0.000000,0.000000,0.000000,0.000000,0.000000,322,23.893954,0.000000,727.770007618682,0.000000,30.458333
322_HYDRO_3-1,9,0.000000,0.000000,0.000000,1.000000,0.000000,0.000000,23.893954,0.000000,0.000000,0.000000,0.000000,0.000000,0.000000,322,23.893954,0.000000,0.0,0.000000,0.000000
322_HYDRO_3-2,9,0.000000,0.000000,0.000000,1.000000,0.000000,0.000000,23.893954,0.000000,0.000000,0.000000,0.000000,0.000000,0.000000,322,23.893954,0.000000,0.0,0.000000,0.000000
322_HYDRO_3-3,9,0.000000,0.000000,0.000000,1.000000,0.000000,0.000000,23.893954,0.000000,0.000000,0.000000,0.000000,0.000000,0.000000,322,23.893954,0.000000,0.0,0.000000,0.000000
322_HYDRO_4-0,9,0.000000,30.458333,0.000000,1.000000,0.000000,0.000000,23.893954,0.000000,0.000000,0.000000,0.000000,0.000000,0.000000,322,23.893954,0.000000,727.770007618682,0.000000,30.458333
322_HYDRO_4-1,9,0.000000,0.000000,0.000000,1.000000,0.000000,0.000000,23.893954,0.000000,0.000000,0.000000,0.000000,0.000000,0.000000,322,23.893954,0.000000,0.0,0.000000,0.000000
322_HYDRO_4-2,9,0.000000,0.000000,0.000000,1.000000,0.000000,0.000000,23.893954,0.000000,0.000000,0.000000,0.000000,0.000000,0.000000,322,23.893954,0.000000,0.0,0.000000,0.000000
322_HYDRO_4-3,9,0.000000,0.000000,0.000000,1.000000,0.000000,0.000000,23.893954,0.000000,0.000000,0.000000,0.000000,0.000000,0.000000,322,23.893954,0.000000,0.0,0.000000,0.000000
301_CT_1-0,10,87.255791,0.000000,0.000000,1.000000,0.000000,0.000000,0.000000,0.000000,0.000000,60.840917,0.000000,0.000000,0.000000,301,26.414875,87.255791,-0.0,87.255791,8.000000
301_CT_1-1,10,87.255791,0.000000,0.000000,1.000000,0.000000,0.000000,0.000000,0.000000,0.000000,60.840917,0.000000,0.000000,0.000000,301,26.414875,87.255791,-0.0,87.255791,4.000000
301_CT_1-2,10,99.695770,0.000000,0.000000,1.000000,0.000000,0.000000,0.000000,12.439979,0.000000,60.840917,0.000000,0.000000,0.000000,301,26.414875,99.695770,-0.0,99.695770,4.000000
301_CT_1-3,10,105.367241,0.000000,0.000000,1.000000,0.000000,0.000000,0.000000,18.111450,0.000000,60.840917,0.000000,0.000000,0.000000,301,26.414875,105.367241,-0.0,105.367241,4.000000
301_CT_2-0,10,87.255791,0.000000,0.000000,1.000000,0.000000,0.000000,0.000000,0.000000,0.000000,60.840917,0.000000,0.000000,0.000000,301,26.414875,87.255791,-0.0,87.255791,8.000000
301_CT_2-1,10,87.255791,0.000000,0.000000,1.000000,0.000000,0.000000,0.000000,0.000000,0.000000,60.840917,0.000000,0.000000,0.000000,301,26.414875,87.255791,-0.0,87.255791,4.000000
301_CT_2-2,10,99.695770,0.000000,0.000000,1.000000,0.000000,0.000000,0.000000,12.439979,0.000000,60.840917,0.000000,0.000000,0.000000,301,26.414875,99.695770,-0.0,99.695770,4.000000
301_CT_2-3,10,105.367241,0.000000,0.000000,1.000000,0.000000,0.000000,0.000000,18.111450,0.000000,60.840917,0.000000,0.000000,0.000000,301,26.414875,105.367241,-0.0,105.367241,4.000000
301_CT_3-0,10,28.469999,0.000000,0.000000,1.000000,0.000000,0.000000,0.000000,0.000000,0.000000,2.055125,0.000000,0.000000,0.000000,301,26.414875,28.469999,-0.0,28.469999,22.000000
301_CT_3-1,10,28.469999,0.000000,0.000000,1.000000,0.000000,0.000000,0.000000,0.000000,0.000000,2.055125,0.000000,0.000000,0.000000,301,26.414875,28.469999,-0.0,28.469999,11.000000
301_CT_3-2,10,29.286315,0.000000,0.000000,1.000000,0.000000,0.000000,0.000000,0.816316,0.000000,2.055125,0.000000,0.000000,0.000000,301,26.414875,29.286315,-0.0,29.286315,11.000000
301_CT_3-3,10,43.742887,0.000000,0.000000,1.000000,0.000000,0.000000,0.000000,15.272887,0.000000,2.055125,0.000000,0.000000,0.000000,301,26.414875,43.742887,-0.0,43.742887,11.000000
301_CT_4-0,10,28.469999,0.000000,0.000000,1.000000,0.000000,0.000000,0.000000,0.000000,0.000000,2.055125,0.000000,0.000000,0.000000,301,26.414875,28.469999,-0.0,28.469999,22.000000
301_CT_4-1,10,28.469999,0.000000,0.000000,1.000000,0.000000,0.000000,0.000000,0.000000,0.000000,2.055125,0.000000,0.000000,0.000000,301,26.414875,28.469999,-0.0,28.469999,11.000000
301_CT_4-2,10,29.286315,0.000000,0.000000,1.000000,0.000000,0.000000,0.000000,0.816316,0.000000,2.055125,0.000000,0.000000,0.000000,301,26.414875,29.286315,-0.0,29.286315,11.000000
301_CT_4-3,10,43.742887,0.000000,0.000000,1.000000,0.000000,0.000000,0.000000,15.272887,0.000000,2.055125,0.000000,0.000000,0.000000,301,26.414875,43.742887,-0.0,43.742887,11.000000
302_CT_1-0,10,87.255791,0.000000,0.000000,1.000000,0.000000,0.000000,0.000000,0.000000,0.000000,60.836135,0.000000,0.000000,0.000000,302,26.419656,87.255791,-0.0,87.255791,8.000000
302_CT_1-1,10,87.255791,0.000000,0.000000,1.000000,0.000000,0.000000,0.000000,0.000000,0.000000,60.836135,0.000000,0.000000,0.000000,302,26.419656,87.255791,-0.0,87.255791,4.000000
302_CT_1-2,10,99.695770,0.000000,0.000000,1.000000,0.000000,0.000000,0.000000,12.439979,0.000000,60.836135,0.000000,0.000000,0.000000,302,26.419656,99.695770,-0.0,99.695770,4.000000
302_CT_1-3,10,105.367241,0.000000,0.000000,1.000000,0.000000,0.000000,0.000000,18.111450,0.000000,60.836135,0.000000,0.000000,0.000000,302,26.419656,105.367241,-0.0,105.367241,4.000000
302_CT_2-0,10,87.255791,0.000000,0.000000,1.000000,0.000000,0.000000,0.000000,0.000000,0.000000,60.836135,0.000000,0.000000,0.000000,302,26.419656,87.255791,-0.0,87.255791,8.000000
302_CT_2-1,10,87.255791,0.000000,0.000000,1.000000,0.000000,0.000000,0.000000,0.000000,0.000000,60.836135,0.000000,0.000000,0.000000,302,26.419656,87.255791,-0.0,87.255791,4.000000
302_CT_2-2,10,99.695770,0.000000,0.000000,1.000000,0.000000,0.000000,0.000000,12.439979,0.000000,60.836135,0.000000,0.000000,0.000000,302,26.419656,99.695770,-0.0,99.695770,4.000000
302_CT_2-3,10,105.367241,0.000000,0.000000,1.000000,0.000000,0.000000,0.000000,18.111450,0.000000,60.836135,0.000000,0.000000,0.000000,302,26.419656,105.367241,-0.0,105.367241,4.000000
302_CT_3-0,10,33.791603,0.000000,0.000000,1.000000,0.000000,0.000000,0.000000,0.000000,0.000000,7.371947,0.000000,0.000000,0.000000,302,26.419656,33.791603,-0.0,33.791603,22.000000
302_CT_3-1,10,33.791603,0.000000,0.000000,1.000000,0.000000,0.000000,0.000000,0.000000,0.000000,7.371947,0.000000,0.000000,0.000000,302,26.419656,33.791603,-0.0,33.791603,11.000000
302_CT_3-2,10,38.382410,0.000000,0.000000,1.000000,0.000000,0.000000,0.000000,4.590807,0.000000,7.371947,0.000000,0.000000,0.000000,302,26.419656,38.382410,-0.0,38.382410,11.000000
302_CT_3-3,10,38.635080,0.000000,0.000000,1.000000,0.000000,0.000000,0.000000,4.843476,0.000000,7.371947,0.000000,0.000000,0.000000,302,26.419656,38.635080,-0.0,38.635080,11.000000
302_CT_4-0,10,33.791603,0.000000,0.000000,1.000000,0.000000,0.000000,0.000000,0.000000,0.000000,7.371947,0.000000,0.000000,0.000000,302,26.419656,33.791603,-0.0,33.791603,22.000000
302_CT_4-1,10,33.791603,0.000000,0.000000,1.000000,0.000000,0.000000,0.000000,0.000000,0.000000,7.371947,0.000000,0.000000,0.000000,302,26.419656,33.791603,-0.0,33.791603,11.000000
302_CT_4-2,10,38.382410,0.000000,0.000000,1.000000,0.000000,0.000000,0.000000,4.590807,0.000000,7.371947,0.000000,0.000000,0.000000,302,26.419656,38.382410,-0.0,38.382410,11.000000
302_CT_4-3,10,38.635080,0.000000,0.000000,1.000000,0.000000,0.000000,0.000000,4.843476,0.000000,7.371947,0.000000,0.000000,0.000000,302,26.419656,38.635080,-0.0,38.635080,11.000000
307_CT_1-0,10,27.894691,0.000000,0.000000,1.000000,0.000000,0.000000,0.000000,0.000000,0.000000,1.434667,0.000000,0.000000,0.000000,307,26.460024,27.894691,-0.0,27.894691,22.000000
307_CT_1-1,10,27.894691,0.000000,0.000000,1.000000,0.000000,0.000000,0.000000,0.000000,0.000000,1.434667,0.000000,0.000000,0.000000,307,26.460024,27.894691,-0.0,27.894691,11.000000
307_CT_1-2,10,29.220233,0.000000,0.000000,1.000000,0.000000,0.000000,0.000000,1.325542,0.000000,1.434667,0.000000,0.000000,0.000000,307,26.460024,29.220233,-0.0,29.220233,11.000000
307_CT_1-3,10,35.474770,0.000000,0.000000,1.000000,0.000000,0.000000,0.000000,7.580079,0.000000,1.434667,0.000000,0.000000,0.000000,307,26.460024,35.474770,-0.0,35.474770,11.000000
307_CT_2-0,10,27.894691,0.000000,0.000000,1.000000,0.000000,0.000000,0.000000,0.000000,0.000000,1.434667,0.000000,0.000000,0.000000,307,26.460024,27.894691,-0.0,27.894691,22.000000
307_CT_2-1,10,27.894691,0.000000,0.000000,1.000000,0.000000,0.000000,0.000000,0.000000,0.000000,1.434667,0.000000,0.000000,0.000000,307,26.460024,27.894691,-0.0,27.894691,11.000000
307_CT_2-2,10,29.220233,0.000000,0.000000,1.000000,0.000000,0.000000,0.000000,1.325542,0.000000,1.434667,0.000000,0.000000,0.000000,307,26.460024,29.220233,-0.0,29.220233,11.000000
307_CT_2-3,10,35.474770,0.000000,0.000000,1.000000,0.000000,0.000000,0.000000,7.580079,0.000000,1.434667,0.000000,0.000000,0.000000,307,26.460024,35.474770,-0.0,35.474770,11.000000
313_CC_1-0,10,15.731579,170.000000,36.823878,1.000000,0.000000,0.000000,10.710545,0.000000,0.000000,0.000000,0.000000,0.000000,0.000000,313,26.442125,15.731579,1820.7928200000001,15.731579,170.000000
313_CC_1-1,10,15.731579,61.666667,13.357681,1.000000,0.000000,0.000000,10.710545,0.000000,0.000000,0.000000,0.000000,0.000000,0.000000,313,26.442125,15.731579,660.483673570182,15.731579,61.666667
313_CC_1-2,10,26.755735,0.000000,0.000000,1.000000,0.000000,0.000000,0.000000,0.313611,0.000000,0.000000,0.000000,0.000000,0.000000,313,26.442125,26.755735,-0.0,26.755735,61.666667
313_CC_1-3,10,33.752731,0.000000,0.000000,1.000000,0.000000,0.000000,0.000000,7.310607,0.000000,0.000000,0.000000,0.000000,0.000000,313,26.442125,33.752731,-0.0,33.752731,61.666667
315_STEAM_1-0,10,75.436777,0.000000,0.000000,1.000000,0.000000,0.000000,0.000000,0.000000,0.000000,49.034778,0.000000,0.000000,0.000000,315,26.401998,75.436777,-0.0,75.436777,5.000000
315_STEAM_1-1,10,75.436777,0.000000,0.000000,1.000000,0.000000,0.000000,0.000000,0.000000,0.000000,49.034778,0.000000,0.000000,0.000000,315,26.401998,75.436777,-0.0,75.436777,2.333333
315_STEAM_1-2,10,100.399529,0.000000,0.000000,1.000000,0.000000,0.000000,0.000000,24.962753,0.000000,49.034778,0.000000,0.000000,0.000000,315,26.401998,100.399529,-0.0,100.399529,2.333333
315_STEAM_1-3,10,124.099655,0.000000,0.000000,1.000000,0.000000,0.000000,0.000000,48.662879,0.000000,49.034778,0.000000,0.000000,0.000000,315,26.401998,124.099655,-0.0,124.099655,2.333333
315_STEAM_2-0,10,75.436777,0.000000,0.000000,1.000000,0.000000,0.000000,0.000000,0.000000,0.000000,49.034778,0.000000,0.000000,0.000000,315,26.401998,75.436777,-0.0,75.436777,5.000000
315_STEAM_2-1,10,75.436777,0.000000,0.000000,1.000000,0.000000,0.000000,0.000000,0.000000,0.000000,49.034778,0.000000,0.000000,0.000000,315,26.401998,75.436777,-0.0,75.436777,2.333333
315_STEAM_2-2,10,100.399529,0.000000,0.000000,1.000000,0.000000,0.000000,0.000000,24.962753,0.000000,49.034778,0.000000,0.000000,0.000000,315,26.401998,100.399529,-0.0,100.399529,2.333333
315_STEAM_2-3,10,124.099655,0.000000,0.000000,1.000000,0.000000,0.000000,0.000000,48.662879,0.000000,49.034778,0.000000,0.000000,0.000000,315,26.401998,124.099655,-0.0,124.099655,2.333333
315_STEAM_3-0,10,75.436777,0.000000,0.000000,1.000000,0.000000,0.000000,0.000000,0.000000,0.000000,49.034778,0.000000,0.000000,0.000000,315,26.401998,75.436777,-0.0,75.436777,5.000000
315_STEAM_3-1,10,75.436777,0.000000,0.000000,1.000000,0.000000,0.000000,0.000000,0.000000,0.000000,49.034778,0.000000,0.000000,0.000000,315,26.401998,75.436777,-0.0,75.436777,2.333333
315_STEAM_3-2,10,100.399529,0.000000,0.000000,1.000000,0.000000,0.000000,0.000000,24.962753,0.000000,49.034778,0.000000,0.000000,0.000000,315,26.401998,100.399529,-0.0,100.399529,2.333333
315_STEAM_3-3,10,124.099655,0.000000,0.000000,1.000000,0.000000,0.000000,0.000000,48.662879,0.000000,49.034778,0.000000,0.000000,0.000000,315,26.401998,124.099655,-0.0,124.099655,2.333333
315_STEAM_4-0,10,75.436777,0.000000,0.000000,1.000000,0.000000,0.000000,0.000000,0.000000,0.000000,49.034778,0.000000,0.000000,0.000000,315,26.401998,75.436777,-0.0,75.436777,5.000000
315_STEAM_4-1,10,75.436777,0.000000,0.000000,1.000000,0.000000,0.000000,0.000000,0.000000,0.000000,49.034778,0.000000,0.000000,0.000000,315,26.401998,75.436777,-0.0,75.436777,2.333333
315_STEAM_4-2,10,100.399529,0.000000,0.000000,1.000000,0.000000,0.000000,0.000000,24.962753,0.000000,49.034778,0.000000,0.000000,0.000000,315,26.401998,100.399529,-0.0,100.399529,2.333333
315_STEAM_4-3,10,124.099655,0.000000,0.000000,1.000000,0.000000,0.000000,0.000000,48.662879,0.000000,49.034778,0.000000,0.000000,0.000000,315,26.401998,124.099655,-0.0,124.099655,2.333333
315_STEAM_5-0,10,75.436777,0.000000,0.000000,1.000000,0.000000,0.000000,0.000000,0.000000,0.000000,49.034778,0.000000,0.000000,0.000000,315,26.401998,75.436777,-0.0,75.436777,5.000000
315_STEAM_5-1,10,75.436777,0.000000,0.000000,1.000000,0.000000,0.000000,0.000000,0.000000,0.000000,49.034778,0.000000,0.000000,0.000000,315,26.401998,75.436777,-0.0,75.436777,2.333333
315_STEAM_5-2,10,100.399529,0.000000,0.000000,1.000000,0.000000,0.000000,0.000000,24.962753,0.000000,49.034778,0.000000,0.000000,0.000000,315,26.401998,100.399529,-0.0,100.399529,2.333333
315_STEAM_5-3,10,124.099655,0.000000,0.000000,1.000000,0.000000,0.000000,0.000000,48.662879,0.000000,49.034778,0.000000,0.000000,0.000000,315,26.401998,124.099655,-0.0,124.099655,2.333333
315_CT_6-0,10,26.401998,0.000000,0.000000,1.000000,0.000000,0.000000,0.000000,0.000000,0.000000,0.000000,0.000000,0.000000,0.000000,315,26.401998,26.401998,0.0,26.401998,22.000000
315_CT_6-1,10,26.401998,0.000000,0.000000,1.000000,0.000000,0.000000,0.000000,0.000000,0.000000,0.000000,0.000000,0.000000,0.000000,315,26.401998,26.401998,0.0,26.401998,11.000000
315_CT_6-2,10,26.895675,0.000000,0.000000,1.000000,0.000000,0.000000,0.000000,0.493677,0.000000,0.000000,0.000000,0.000000,0.000000,315,26.401998,26.895675,-0.0,26.895675,11.000000
315_CT_6-3,10,31.855768,0.000000,0.000000,1.000000,0.000000,0.000000,0.000000,5.453770,0.000000,0.000000,0.000000,0.000000,0.000000,315,26.401998,31.855768,-0.0,31.855768,11.000000
315_CT_7-0,10,26.401998,0.000000,0.000000,1.000000,0.000000,0.000000,0.000000,0.000000,0.000000,0.000000,0.000000,0.000000,0.000000,315,26.401998,26.401998,0.0,26.401998,22.000000
315_CT_7-1,10,26.401998,0.000000,0.000000,1.000000,0.000000,0.000000,0.000000,0.000000,0.000000,0.000000,0.000000,0.000000,0.000000,315,26.401998,26.401998,0.0,26.401998,11.000000
315_CT_7-2,10,26.895675,0.000000,0.000000,1.000000,0.000000,0.000000,0.000000,0.493677,0.000000,0.000000,0.000000,0.000000,0.000000,315,26.401998,26.895675,-0.0,26.895675,11.000000
315_CT_7-3,10,31.855768,0.000000,0.000000,1.000000,0.000000,0.000000,0.000000,5.453770,0.000000,0.000000,0.000000,0.000000,0.000000,315,26.401998,31.855768,-0.0,31.855768,11.000000
315_CT_8-0,10,26.401998,0.000000,0.000000,1.000000,0.000000,0.000000,0.000000,0.000000,0.000000,0.000000,0.000000,0.000000,0.000000,315,26.401998,26.401998,0.0,26.401998,22.000000
315_CT_8-1,10,26.401998,0.000000,0.000000,1.000000,0.000000,0.000000,0.000000,0.000000,0.000000,0.000000,0.000000,0.000000,0.000000,315,26.401998,26.401998,0.0,26.401998,11.000000
315_CT_8-2,10,26.895675,0.000000,0.000000,1.000000,0.000000,0.000000,0.000000,0.493677,0.000000,0.000000,0.000000,0.000000,0.000000,315,26.401998,26.895675,-0.0,26.895675,11.000000
315_CT_8-3,10,31.855768,0.000000,0.000000,1.000000,0.000000,0.000000,0.000000,5.453770,0.000000,0.000000,0.000000,0.000000,0.000000,315,26.401998,31.855768,-0.0,31.855768,11.000000
316_STEAM_1-0,10,21.116646,62.000000,58.992715,1.000000,0.000000,0.000000,5.294488,0.000000,0.000000,0.000000,0.000000,0.000000,0.000000,316,26.411134,21.116646,328.2582560000001,21.116646,62.000000
316_STEAM_1-1,10,21.116646,31.000000,29.496357,1.000000,0.000000,0.000000,5.294488,0.000000,0.000000,0.000000,0.000000,0.000000,0.000000,316,26.411134,21.116646,164.12912800000004,21.116646,31.000000
316_STEAM_1-2,10,21.287879,31.000000,29.735541,1.000000,0.000000,0.000000,5.123255,0.000000,0.000000,0.000000,0.000000,0.000000,0.000000,316,26.411134,21.287879,158.820905,21.287879,31.000000
316_STEAM_1-3,10,27.274699,0.000000,0.000000,1.000000,0.000000,0.000000,0.000000,0.863565,0.000000,0.000000,0.000000,0.000000,0.000000,316,26.411134,27.274699,-0.0,27.274699,31.000000
318_CC_1-0,10,26.845141,0.000000,0.000000,1.000000,0.000000,0.000000,0.000000,0.000000,0.000000,0.438721,0.000000,0.000000,0.000000,318,26.406420,26.845141,-0.0,26.845141,170.000000
318_CC_1-1,10,26.845141,0.000000,0.000000,1.000000,0.000000,0.000000,0.000000,0.000000,0.000000,0.438721,0.000000,0.000000,0.000000,318,26.406420,26.845141,-0.0,26.845141,61.666667
318_CC_1-2,10,27.276623,0.000000,0.000000,1.000000,0.000000,0.000000,0.000000,0.431481,0.000000,0.438721,0.000000,0.000000,0.000000,318,26.406420,27.276623,-0.0,27.276623,61.666667
318_CC_1-3,10,31.529241,0.000000,0.000000,1.000000,0.000000,0.000000,0.000000,4.684100,0.000000,0.438721,0.000000,0.000000,0.000000,318,26.406420,31.529241,-0.0,31.529241,61.666667
321_CC_1-0,10,22.732463,170.000000,53.211277,1.000000,0.000000,0.000000,3.672566,0.000000,0.000000,0.000000,0.000000,0.000000,0.000000,321,26.405029,22.732463,624.3362199999999,22.732463,170.000000
321_CC_1-1,10,22.732463,61.666667,19.302130,1.000000,0.000000,0.000000,3.672566,0.000000,0.000000,0.000000,0.000000,0.000000,0.000000,321,26.405029,22.732463,226.47490455752197,22.732463,61.666667
321_CC_1-2,10,25.908321,61.666667,21.998751,1.000000,0.000000,0.000000,0.496708,0.000000,0.000000,0.000000,0.000000,0.000000,0.000000,321,26.405029,25.908321,30.630326832235884,25.908321,61.666667
321_CC_1-3,10,33.947092,0.000000,0.000000,1.000000,0.000000,0.000000,0.000000,7.542063,0.000000,0.000000,0.000000,0.000000,0.000000,321,26.405029,33.947092,-0.0,33.947092,61.666667
322_CT_5-0,10,23.334982,22.000000,7.068682,1.000000,0.000000,0.000000,3.071183,0.000000,0.000000,0.000000,0.000000,0.000000,0.000000,322,26.406164,23.334982,67.566004,23.334982,22.000000
322_CT_5-1,10,23.334982,11.000000,3.534341,1.000000,0.000000,0.000000,3.071183,0.000000,0.000000,0.000000,0.000000,0.000000,0.000000,322,26.406164,23.334982,33.783002,23.334982,11.000000
322_CT_5-2,10,26.499179,0.000000,0.000000,1.000000,0.000000,0.000000,0.000000,0.093014,0.000000,0.000000,0.000000,0.000000,0.000000,322,26.406164,26.499179,-0.0,26.499179,11.000000
322_CT_5-3,10,27.894691,0.000000,0.000000,1.000000,0.000000,0.000000,0.000000,1.488526,0.000000,0.000000,0.000000,0.000000,0.000000,322,26.406164,27.894691,-0.0,27.894691,11.000000
322_CT_6-0,10,23.334982,22.000000,7.068682,1.000000,0.000000,0.000000,3.071183,0.000000,0.000000,0.000000,0.000000,0.000000,0.000000,322,26.406164,23.334982,67.566004,23.334982,22.000000
322_CT_6-1,10,23.334982,11.000000,3.534341,1.000000,0.000000,0.000000,3.071183,0.000000,0.000000,0.000000,0.000000,0.000000,0.000000,322,26.406164,23.334982,33.783002,23.334982,11.000000
322_CT_6-2,10,26.499179,0.000000,0.000000,1.000000,0.000000,0.000000,0.000000,0.093014,0.000000,0.000000,0.000000,0.000000,0.000000,322,26.406164,26.499179,-0.0,26.499179,11.000000
322_CT_6-3,10,27.894691,0.000000,0.000000,1.000000,0.000000,0.000000,0.000000,1.488526,0.000000,0.000000,0.000000,0.000000,0.000000,322,26.406164,27.894691,-0.0,27.894691,11.000000
323_CC_1-0,10,26.429209,0.000000,0.000000,1.000000,0.000000,0.000000,0.000000,0.000000,0.000000,0.000000,0.000000,0.000000,0.000000,323,26.429209,26.429209,0.0,26.429209,170.000000
323_CC_1-1,10,26.429209,0.000000,0.000000,1.000000,0.000000,0.000000,0.000000,0.000000,0.000000,0.000000,0.000000,0.000000,0.000000,323,26.429209,26.429209,0.0,26.429209,61.666667
323_CC_1-2,10,30.277557,0.000000,0.000000,1.000000,0.000000,0.000000,0.000000,3.848348,0.000000,0.000000,0.000000,0.000000,0.000000,323,26.429209,30.277557,-0.0,30.277557,61.666667
323_CC_1-3,10,31.727490,0.000000,0.000000,1.000000,0.000000,0.000000,0.000000,5.298281,0.000000,0.000000,0.000000,0.000000,0.000000,323,26.429209,31.727490,-0.0,31.727490,61.666667
323_CC_2-0,10,26.429209,77.067274,28.045451,1.000000,0.000000,0.000000,0.000000,0.000000,0.000000,0.000000,0.000000,0.000000,0.000000,323,26.429209,26.429209,0.0,26.429209,170.000000
323_CC_2-1,10,26.429209,0.000000,0.000000,1.000000,0.000000,0.000000,0.000000,0.000000,0.000000,0.000000,0.000000,0.000000,0.000000,323,26.429209,26.429209,0.0,26.429209,61.666667
323_CC_2-2,10,30.277557,0.000000,0.000000,1.000000,0.000000,0.000000,0.000000,3.848348,0.000000,0.000000,0.000000,0.000000,0.000000,323,26.429209,30.277557,-0.0,30.277557,61.666667
323_CC_2-3,10,31.727490,0.000000,0.000000,1.000000,0.000000,0.000000,0.000000,5.298281,0.000000,0.000000,0.000000,0.000000,0.000000,323,26.429209,31.727490,-0.0,31.727490,61.666667
322_HYDRO_1-0,10,0.000000,31.804167,0.000000,1.000000,0.000000,0.000000,26.406164,0.000000,0.000000,0.000000,0.000000,0.000000,0.000000,322,26.406164,0.000000,839.826049685388,0.000000,31.804167
322_HYDRO_1-1,10,0.000000,0.000000,0.000000,1.000000,0.000000,0.000000,26.406164,0.000000,0.000000,0.000000,0.000000,0.000000,0.000000,322,26.406164,0.000000,0.0,0.000000,0.000000
322_HYDRO_1-2,10,0.000000,0.000000,0.000000,1.000000,0.000000,0.000000,26.406164,0.000000,0.000000,0.000000,0.000000,0.000000,0.000000,322,26.406164,0.000000,0.0,0.000000,0.000000
322_HYDRO_1-3,10,0.000000,0.000000,0.000000,1.000000,0.000000,0.000000,26.406164,0.000000,0.000000,0.000000,0.000000,0.000000,0.000000,322,26.406164,0.000000,0.0,0.000000,0.000000
322_HYDRO_2-0,10,0.000000,31.804167,0.000000,1.000000,0.000000,0.000000,26.406164,0.000000,0.000000,0.000000,0.000000,0.000000,0.000000,322,26.406164,0.000000,839.826049685388,0.000000,31.804167
322_HYDRO_2-1,10,0.000000,0.000000,0.000000,1.000000,0.000000,0.000000,26.406164,0.000000,0.000000,0.000000,0.000000,0.000000,0.000000,322,26.406164,0.000000,0.0,0.000000,0.000000
322_HYDRO_2-2,10,0.000000,0.000000,0.000000,1.000000,0.000000,0.000000,26.406164,0.000000,0.000000,0.000000,0.000000,0.000000,0.000000,322,26.406164,0.000000,0.0,0.000000,0.000000
322_HYDRO_2-3,10,0.000000,0.000000,0.000000,1.000000,0.000000,0.000000,26.406164,0.000000,0.000000,0.000000,0.000000,0.000000,0.000000,322,26.406164,0.000000,0.0,0.000000,0.000000
322_HYDRO_3-0,10,0.000000,31.804167,0.000000,1.000000,0.000000,0.000000,26.406164,0.000000,0.000000,0.000000,0.000000,0.000000,0.000000,322,26.406164,0.000000,839.826049685388,0.000000,31.804167
322_HYDRO_3-1,10,0.000000,0.000000,0.000000,1.000000,0.000000,0.000000,26.406164,0.000000,0.000000,0.000000,0.000000,0.000000,0.000000,322,26.406164,0.000000,0.0,0.000000,0.000000
322_HYDRO_3-2,10,0.000000,0.000000,0.000000,1.000000,0.000000,0.000000,26.406164,0.000000,0.000000,0.000000,0.000000,0.000000,0.000000,322,26.406164,0.000000,0.0,0.000000,0.000000
322_HYDRO_3-3,10,0.000000,0.000000,0.000000,1.000000,0.000000,0.000000,26.406164,0.000000,0.000000,0.000000,0.000000,0.000000,0.000000,322,26.406164,0.000000,0.0,0.000000,0.000000
322_HYDRO_4-0,10,0.000000,31.804167,0.000000,1.000000,0.000000,0.000000,26.406164,0.000000,0.000000,0.000000,0.000000,0.000000,0.000000,322,26.406164,0.000000,839.826049685388,0.000000,31.804167
322_HYDRO_4-1,10,0.000000,0.000000,0.000000,1.000000,0.000000,0.000000,26.406164,0.000000,0.000000,0.000000,0.000000,0.000000,0.000000,322,26.406164,0.000000,0.0,0.000000,0.000000
322_HYDRO_4-2,10,0.000000,0.000000,0.000000,1.000000,0.000000,0.000000,26.406164,0.000000,0.000000,0.000000,0.000000,0.000000,0.000000,322,26.406164,0.000000,0.0,0.000000,0.000000
322_HYDRO_4-3,10,0.000000,0.000000,0.000000,1.000000,0.000000,0.000000,26.406164,0.000000,0.000000,0.000000,0.000000,0.000000,0.000000,322,26.406164,0.000000,0.0,0.000000,0.000000
301_CT_1-0,11,87.255791,0.000000,0.000000,1.000000,0.000000,0.000000,0.000000,0.000000,0.000000,61.508279,0.000000,0.000000,0.000000,301,25.747512,87.255791,-0.0,87.255791,8.000000
301_CT_1-1,11,87.255791,0.000000,0.000000,1.000000,0.000000,0.000000,0.000000,0.000000,0.000000,61.508279,0.000000,0.000000,0.000000,301,25.747512,87.255791,-0.0,87.255791,4.000000
301_CT_1-2,11,99.695770,0.000000,0.000000,1.000000,0.000000,0.000000,0.000000,12.439979,0.000000,61.508279,0.000000,0.000000,0.000000,301,25.747512,99.695770,-0.0,99.695770,4.000000
301_CT_1-3,11,105.367241,0.000000,0.000000,1.000000,0.000000,0.000000,0.000000,18.111450,0.000000,61.508279,0.000000,0.000000,0.000000,301,25.747512,105.367241,-0.0,105.367241,4.000000
301_CT_2-0,11,87.255791,0.000000,0.000000,1.000000,0.000000,0.000000,0.000000,0.000000,0.000000,61.508279,0.000000,0.000000,0.000000,301,25.747512,87.255791,-0.0,87.255791,8.000000
301_CT_2-1,11,87.255791,0.000000,0.000000,1.000000,0.000000,0.000000,0.000000,0.000000,0.000000,61.508279,0.000000,0.000000,0.000000,301,25.747512,87.255791,-0.0,87.255791,4.000000
301_CT_2-2,11,99.695770,0.000000,0.000000,1.000000,0.000000,0.000000,0.000000,12.439979,0.000000,61.508279,0.000000,0.000000,0.000000,301,25.747512,99.695770,-0.0,99.695770,4.000000
301_CT_2-3,11,105.367241,0.000000,0.000000,1.000000,0.000000,0.000000,0.000000,18.111450,0.000000,61.508279,0.000000,0.000000,0.000000,301,25.747512,105.367241,-0.0,105.367241,4.000000
301_CT_3-0,11,28.469999,0.000000,0.000000,1.000000,0.000000,0.000000,0.000000,0.000000,0.000000,2.722487,0.000000,0.000000,0.000000,301,25.747512,28.469999,-0.0,28.469999,22.000000
301_CT_3-1,11,28.469999,0.000000,0.000000,1.000000,0.000000,0.000000,0.000000,0.000000,0.000000,2.722487,0.000000,0.000000,0.000000,301,25.747512,28.469999,-0.0,28.469999,11.000000
301_CT_3-2,11,29.286315,0.000000,0.000000,1.000000,0.000000,0.000000,0.000000,0.816316,0.000000,2.722487,0.000000,0.000000,0.000000,301,25.747512,29.286315,-0.0,29.286315,11.000000
301_CT_3-3,11,43.742887,0.000000,0.000000,1.000000,0.000000,0.000000,0.000000,15.272887,0.000000,2.722487,0.000000,0.000000,0.000000,301,25.747512,43.742887,-0.0,43.742887,11.000000
301_CT_4-0,11,28.469999,0.000000,0.000000,1.000000,0.000000,0.000000,0.000000,0.000000,0.000000,2.722487,0.000000,0.000000,0.000000,301,25.747512,28.469999,-0.0,28.469999,22.000000
301_CT_4-1,11,28.469999,0.000000,0.000000,1.000000,0.000000,0.000000,0.000000,0.000000,0.000000,2.722487,0.000000,0.000000,0.000000,301,25.747512,28.469999,-0.0,28.469999,11.000000
301_CT_4-2,11,29.286315,0.000000,0.000000,1.000000,0.000000,0.000000,0.000000,0.816316,0.000000,2.722487,0.000000,0.000000,0.000000,301,25.747512,29.286315,-0.0,29.286315,11.000000
301_CT_4-3,11,43.742887,0.000000,0.000000,1.000000,0.000000,0.000000,0.000000,15.272887,0.000000,2.722487,0.000000,0.000000,0.000000,301,25.747512,43.742887,-0.0,43.742887,11.000000
302_CT_1-0,11,87.255791,0.000000,0.000000,1.000000,0.000000,0.000000,0.000000,0.000000,0.000000,61.280865,0.000000,0.000000,0.000000,302,25.974926,87.255791,-0.0,87.255791,8.000000
302_CT_1-1,11,87.255791,0.000000,0.000000,1.000000,0.000000,0.000000,0.000000,0.000000,0.000000,61.280865,0.000000,0.000000,0.000000,302,25.974926,87.255791,-0.0,87.255791,4.000000
302_CT_1-2,11,99.695770,0.000000,0.000000,1.000000,0.000000,0.000000,0.000000,12.439979,0.000000,61.280865,0.000000,0.000000,0.000000,302,25.974926,99.695770,-0.0,99.695770,4.000000
302_CT_1-3,11,105.367241,0.000000,0.000000,1.000000,0.000000,0.000000,0.000000,18.111450,0.000000,61.280865,0.000000,0.000000,0.000000,302,25.974926,105.367241,-0.0,105.367241,4.000000
302_CT_2-0,11,87.255791,0.000000,0.000000,1.000000,0.000000,0.000000,0.000000,0.000000,0.000000,61.280865,0.000000,0.000000,0.000000,302,25.974926,87.255791,-0.0,87.255791,8.000000
302_CT_2-1,11,87.255791,0.000000,0.000000,1.000000,0.000000,0.000000,0.000000,0.000000,0.000000,61.280865,0.000000,0.000000,0.000000,302,25.974926,87.255791,-0.0,87.255791,4.000000
302_CT_2-2,11,99.695770,0.000000,0.000000,1.000000,0.000000,0.000000,0.000000,12.439979,0.000000,61.280865,0.000000,0.000000,0.000000,302,25.974926,99.695770,-0.0,99.695770,4.000000
302_CT_2-3,11,105.367241,0.000000,0.000000,1.000000,0.000000,0.000000,0.000000,18.111450,0.000000,61.280865,0.000000,0.000000,0.000000,302,25.974926,105.367241,-0.0,105.367241,4.000000
302_CT_3-0,11,33.791603,0.000000,0.000000,1.000000,0.000000,0.000000,0.000000,0.000000,0.000000,7.816677,0.000000,0.000000,0.000000,302,25.974926,33.791603,-0.0,33.791603,22.000000
302_CT_3-1,11,33.791603,0.000000,0.000000,1.000000,0.000000,0.000000,0.000000,0.000000,0.000000,7.816677,0.000000,0.000000,0.000000,302,25.974926,33.791603,-0.0,33.791603,11.000000
302_CT_3-2,11,38.382410,0.000000,0.000000,1.000000,0.000000,0.000000,0.000000,4.590807,0.000000,7.816677,0.000000,0.000000,0.000000,302,25.974926,38.382410,-0.0,38.382410,11.000000
302_CT_3-3,11,38.635080,0.000000,0.000000,1.000000,0.000000,0.000000,0.000000,4.843476,0.000000,7.816677,0.000000,0.000000,0.000000,302,25.974926,38.635080,-0.0,38.635080,11.000000
302_CT_4-0,11,33.791603,0.000000,0.000000,1.000000,0.000000,0.000000,0.000000,0.000000,0.000000,7.816677,0.000000,0.000000,0.000000,302,25.974926,33.791603,-0.0,33.791603,22.000000
302_CT_4-1,11,33.791603,0.000000,0.000000,1.000000,0.000000,0.000000,0.000000,0.000000,0.000000,7.816677,0.000000,0.000000,0.000000,302,25.974926,33.791603,-0.0,33.791603,11.000000
302_CT_4-2,11,38.382410,0.000000,0.000000,1.000000,0.000000,0.000000,0.000000,4.590807,0.000000,7.816677,0.000000,0.000000,0.000000,302,25.974926,38.382410,-0.0,38.382410,11.000000
302_CT_4-3,11,38.635080,0.000000,0.000000,1.000000,0.000000,0.000000,0.000000,4.843476,0.000000,7.816677,0.000000,0.000000,0.000000,302,25.974926,38.635080,-0.0,38.635080,11.000000
307_CT_1-0,11,27.894691,0.000000,0.000000,1.000000,0.000000,0.000000,0.000000,0.000000,0.000000,0.000000,0.000000,0.000000,0.000000,307,27.894691,27.894691,0.0,27.894691,22.000000
307_CT_1-1,11,27.894691,7.248329,2.783990,1.000000,0.000000,0.000000,0.000000,0.000000,0.000000,0.000000,0.000000,0.000000,0.000000,307,27.894691,27.894691,0.0,27.894691,11.000000
307_CT_1-2,11,29.220233,0.000000,0.000000,1.000000,0.000000,0.000000,0.000000,1.325542,0.000000,0.000000,0.000000,0.000000,0.000000,307,27.894691,29.220233,-0.0,29.220233,11.000000
307_CT_1-3,11,35.474770,0.000000,0.000000,1.000000,0.000000,0.000000,0.000000,7.580079,0.000000,0.000000,0.000000,0.000000,0.000000,307,27.894691,35.474770,-0.0,35.474770,11.000000
307_CT_2-0,11,27.894691,0.000000,0.000000,1.000000,0.000000,0.000000,0.000000,0.000000,0.000000,0.000000,0.000000,0.000000,0.000000,307,27.894691,27.894691,0.0,27.894691,22.000000
307_CT_2-1,11,27.894691,11.000000,4.224959,1.000000,0.000000,0.000000,0.000000,0.000000,0.000000,0.000000,0.000000,0.000000,0.000000,307,27.894691,27.894691,0.0,27.894691,11.000000
307_CT_2-2,11,29.220233,0.000000,0.000000,1.000000,0.000000,0.000000,0.000000,1.325542,0.000000,0.000000,0.000000,0.000000,0.000000,307,27.894691,29.220233,-0.0,29.220233,11.000000
307_CT_2-3,11,35.474770,0.000000,0.000000,1.000000,0.000000,0.000000,0.000000,7.580079,0.000000,0.000000,0.000000,0.000000,0.000000,307,27.894691,35.474770,-0.0,35.474770,11.000000
313_CC_1-0,11,15.731579,170.000000,36.823878,1.000000,0.000000,0.000000,11.311872,0.000000,0.000000,0.000000,0.000000,0.000000,0.000000,313,27.043452,15.731579,1923.0184099999997,15.731579,170.000000
313_CC_1-1,11,15.731579,61.666667,13.357681,1.000000,0.000000,0.000000,11.311872,0.000000,0.000000,0.000000,0.000000,0.000000,0.000000,313,27.043452,15.731579,697.5655054372909,15.731579,61.666667
313_CC_1-2,11,26.755735,61.666667,22.718290,1.000000,0.000000,0.000000,0.287716,0.000000,0.000000,0.000000,0.000000,0.000000,0.000000,313,27.043452,26.755735,17.74254842923882,26.755735,61.666667
313_CC_1-3,11,33.752731,0.000000,0.000000,1.000000,0.000000,0.000000,0.000000,6.709280,0.000000,0.000000,0.000000,0.000000,0.000000,313,27.043452,33.752731,-0.0,33.752731,61.666667
315_STEAM_1-0,11,75.436777,0.000000,0.000000,1.000000,0.000000,0.000000,0.000000,0.000000,0.000000,50.301625,0.000000,0.000000,0.000000,315,25.135152,75.436777,-0.0,75.436777,5.000000
315_STEAM_1-1,11,75.436777,0.000000,0.000000,1.000000,0.000000,0.000000,0.000000,0.000000,0.000000,50.301625,0.000000,0.000000,0.000000,315,25.135152,75.436777,-0.0,75.436777,2.333333
315_STEAM_1-2,11,100.399529,0.000000,0.000000,1.000000,0.000000,0.000000,0.000000,24.962753,0.000000,50.301625,0.000000,0.000000,0.000000,315,25.135152,100.399529,-0.0,100.399529,2.333333
315_STEAM_1-3,11,124.099655,0.000000,0.000000,1.000000,0.000000,0.000000,0.000000,48.662879,0.000000,50.301625,0.000000,0.000000,0.000000,315,25.135152,124.099655,-0.0,124.099655,2.333333
315_STEAM_2-0,11,75.436777,0.000000,0.000000,1.000000,0.000000,0.000000,0.000000,0.000000,0.000000,50.301625,0.000000,0.000000,0.000000,315,25.135152,75.436777,-0.0,75.436777,5.000000
315_STEAM_2-1,11,75.436777,0.000000,0.000000,1.000000,0.000000,0.000000,0.000000,0.000000,0.000000,50.301625,0.000000,0.000000,0.000000,315,25.135152,75.436777,-0.0,75.436777,2.333333
315_STEAM_2-2,11,100.399529,0.000000,0.000000,1.000000,0.000000,0.000000,0.000000,24.962753,0.000000,50.301625,0.000000,0.000000,0.000000,315,25.135152,100.399529,-0.0,100.399529,2.333333
315_STEAM_2-3,11,124.099655,0.000000,0.000000,1.000000,0.000000,0.000000,0.000000,48.662879,0.000000,50.301625,0.000000,0.000000,0.000000,315,25.135152,124.099655,-0.0,124.099655,2.333333
315_STEAM_3-0,11,75.436777,0.000000,0.000000,1.000000,0.000000,0.000000,0.000000,0.000000,0.000000,50.301625,0.000000,0.000000,0.000000,315,25.135152,75.436777,-0.0,75.436777,5.000000
315_STEAM_3-1,11,75.436777,0.000000,0.000000,1.000000,0.000000,0.000000,0.000000,0.000000,0.000000,50.301625,0.000000,0.000000,0.000000,315,25.135152,75.436777,-0.0,75.436777,2.333333
315_STEAM_3-2,11,100.399529,0.000000,0.000000,1.000000,0.000000,0.000000,0.000000,24.962753,0.000000,50.301625,0.000000,0.000000,0.000000,315,25.135152,100.399529,-0.0,100.399529,2.333333
315_STEAM_3-3,11,124.099655,0.000000,0.000000,1.000000,0.000000,0.000000,0.000000,48.662879,0.000000,50.301625,0.000000,0.000000,0.000000,315,25.135152,124.099655,-0.0,124.099655,2.333333
315_STEAM_4-0,11,75.436777,0.000000,0.000000,1.000000,0.000000,0.000000,0.000000,0.000000,0.000000,50.301625,0.000000,0.000000,0.000000,315,25.135152,75.436777,-0.0,75.436777,5.000000
315_STEAM_4-1,11,75.436777,0.000000,0.000000,1.000000,0.000000,0.000000,0.000000,0.000000,0.000000,50.301625,0.000000,0.000000,0.000000,315,25.135152,75.436777,-0.0,75.436777,2.333333
315_STEAM_4-2,11,100.399529,0.000000,0.000000,1.000000,0.000000,0.000000,0.000000,24.962753,0.000000,50.301625,0.000000,0.000000,0.000000,315,25.135152,100.399529,-0.0,100.399529,2.333333
315_STEAM_4-3,11,124.099655,0.000000,0.000000,1.000000,0.000000,0.000000,0.000000,48.662879,0.000000,50.301625,0.000000,0.000000,0.000000,315,25.135152,124.099655,-0.0,124.099655,2.333333
315_STEAM_5-0,11,75.436777,0.000000,0.000000,1.000000,0.000000,0.000000,0.000000,0.000000,0.000000,50.301625,0.000000,0.000000,0.000000,315,25.135152,75.436777,-0.0,75.436777,5.000000
315_STEAM_5-1,11,75.436777,0.000000,0.000000,1.000000,0.000000,0.000000,0.000000,0.000000,0.000000,50.301625,0.000000,0.000000,0.000000,315,25.135152,75.436777,-0.0,75.436777,2.333333
315_STEAM_5-2,11,100.399529,0.000000,0.000000,1.000000,0.000000,0.000000,0.000000,24.962753,0.000000,50.301625,0.000000,0.000000,0.000000,315,25.135152,100.399529,-0.0,100.399529,2.333333
315_STEAM_5-3,11,124.099655,0.000000,0.000000,1.000000,0.000000,0.000000,0.000000,48.662879,0.000000,50.301625,0.000000,0.000000,0.000000,315,25.135152,124.099655,-0.0,124.099655,2.333333
315_CT_6-0,11,26.401998,0.000000,0.000000,1.000000,0.000000,0.000000,0.000000,0.000000,0.000000,1.266847,0.000000,0.000000,0.000000,315,25.135152,26.401998,-0.0,26.401998,22.000000
315_CT_6-1,11,26.401998,0.000000,0.000000,1.000000,0.000000,0.000000,0.000000,0.000000,0.000000,1.266847,0.000000,0.000000,0.000000,315,25.135152,26.401998,-0.0,26.401998,11.000000
315_CT_6-2,11,26.895675,0.000000,0.000000,1.000000,0.000000,0.000000,0.000000,0.493677,0.000000,1.266847,0.000000,0.000000,0.000000,315,25.135152,26.895675,-0.0,26.895675,11.000000
315_CT_6-3,11,31.855768,0.000000,0.000000,1.000000,0.000000,0.000000,0.000000,5.453770,0.000000,1.266847,0.000000,0.000000,0.000000,315,25.135152,31.855768,-0.0,31.855768,11.000000
315_CT_7-0,11,26.401998,0.000000,0.000000,1.000000,0.000000,0.000000,0.000000,0.000000,0.000000,1.266847,0.000000,0.000000,0.000000,315,25.135152,26.401998,-0.0,26.401998,22.000000
315_CT_7-1,11,26.401998,0.000000,0.000000,1.000000,0.000000,0.000000,0.000000,0.000000,0.000000,1.266847,0.000000,0.000000,0.000000,315,25.135152,26.401998,-0.0,26.401998,11.000000
315_CT_7-2,11,26.895675,0.000000,0.000000,1.000000,0.000000,0.000000,0.000000,0.493677,0.000000,1.266847,0.000000,0.000000,0.000000,315,25.135152,26.895675,-0.0,26.895675,11.000000
315_CT_7-3,11,31.855768,0.000000,0.000000,1.000000,0.000000,0.000000,0.000000,5.453770,0.000000,1.266847,0.000000,0.000000,0.000000,315,25.135152,31.855768,-0.0,31.855768,11.000000
315_CT_8-0,11,26.401998,0.000000,0.000000,1.000000,0.000000,0.000000,0.000000,0.000000,0.000000,1.266847,0.000000,0.000000,0.000000,315,25.135152,26.401998,-0.0,26.401998,22.000000
315_CT_8-1,11,26.401998,0.000000,0.000000,1.000000,0.000000,0.000000,0.000000,0.000000,0.000000,1.266847,0.000000,0.000000,0.000000,315,25.135152,26.401998,-0.0,26.401998,11.000000
315_CT_8-2,11,26.895675,0.000000,0.000000,1.000000,0.000000,0.000000,0.000000,0.493677,0.000000,1.266847,0.000000,0.000000,0.000000,315,25.135152,26.895675,-0.0,26.895675,11.000000
315_CT_8-3,11,31.855768,0.000000,0.000000,1.000000,0.000000,0.000000,0.000000,5.453770,0.000000,1.266847,0.000000,0.000000,0.000000,315,25.135152,31.855768,-0.0,31.855768,11.000000
316_STEAM_1-0,11,21.116646,62.000000,58.992715,1.000000,0.000000,0.000000,4.452983,0.000000,0.000000,0.000000,0.000000,0.000000,0.000000,316,25.569629,21.116646,276.084946,21.116646,62.000000
316_STEAM_1-1,11,21.116646,31.000000,29.496357,1.000000,0.000000,0.000000,4.452983,0.000000,0.000000,0.000000,0.000000,0.000000,0.000000,316,25.569629,21.116646,138.042473,21.116646,31.000000
316_STEAM_1-2,11,21.287879,31.000000,29.735541,1.000000,0.000000,0.000000,4.281750,0.000000,0.000000,0.000000,0.000000,0.000000,0.000000,316,25.569629,21.287879,132.73424999999997,21.287879,31.000000
316_STEAM_1-3,11,27.274699,0.000000,0.000000,1.000000,0.000000,0.000000,0.000000,1.705070,0.000000,0.000000,0.000000,0.000000,0.000000,316,25.569629,27.274699,-0.0,27.274699,31.000000
318_CC_1-0,11,26.845141,0.000000,0.000000,1.000000,0.000000,0.000000,0.000000,0.000000,0.000000,1.499707,0.000000,0.000000,0.000000,318,25.345434,26.845141,-0.0,26.845141,170.000000
318_CC_1-1,11,26.845141,0.000000,0.000000,1.000000,0.000000,0.000000,0.000000,0.000000,0.000000,1.499707,0.000000,0.000000,0.000000,318,25.345434,26.845141,-0.0,26.845141,61.666667
318_CC_1-2,11,27.276623,0.000000,0.000000,1.000000,0.000000,0.000000,0.000000,0.431481,0.000000,1.499707,0.000000,0.000000,0.000000,318,25.345434,27.276623,-0.0,27.276623,61.666667
318_CC_1-3,11,31.529241,0.000000,0.000000,1.000000,0.000000,0.000000,0.000000,4.684100,0.000000,1.499707,0.000000,0.000000,0.000000,318,25.345434,31.529241,-0.0,31.529241,61.666667
321_CC_1-0,11,22.732463,170.000000,53.211277,1.000000,0.000000,0.000000,2.546819,0.000000,0.000000,0.000000,0.000000,0.000000,0.000000,321,25.279281,22.732463,432.9590600000003,22.732463,170.000000
321_CC_1-1,11,22.732463,61.666667,19.302130,1.000000,0.000000,0.000000,2.546819,0.000000,0.000000,0.000000,0.000000,0.000000,0.000000,321,25.279281,22.732463,157.0537775156061,22.732463,61.666667
321_CC_1-2,11,25.908321,0.000000,0.000000,1.000000,0.000000,0.000000,0.000000,0.629040,0.000000,0.000000,0.000000,0.000000,0.000000,321,25.279281,25.908321,-0.0,25.908321,61.666667
321_CC_1-3,11,33.947092,0.000000,0.000000,1.000000,0.000000,0.000000,0.000000,8.667811,0.000000,0.000000,0.000000,0.000000,0.000000,321,25.279281,33.947092,-0.0,33.947092,61.666667
322_CT_5-0,11,23.334982,22.000000,7.068682,1.000000,0.000000,0.000000,1.998304,0.000000,0.000000,0.000000,0.000000,0.000000,0.000000,322,25.333286,23.334982,43.96268800000002,23.334982,22.000000
322_CT_5-1,11,23.334982,11.000000,3.534341,1.000000,0.000000,0.000000,1.998304,0.000000,0.000000,0.000000,0.000000,0.000000,0.000000,322,25.333286,23.334982,21.98134400000001,23.334982,11.000000
322_CT_5-2,11,26.499179,0.000000,0.000000,1.000000,0.000000,0.000000,0.000000,1.165893,0.000000,0.000000,0.000000,0.000000,0.000000,322,25.333286,26.499179,-0.0,26.499179,11.000000
322_CT_5-3,11,27.894691,0.000000,0.000000,1.000000,0.000000,0.000000,0.000000,2.561405,0.000000,0.000000,0.000000,0.000000,0.000000,322,25.333286,27.894691,-0.0,27.894691,11.000000
322_CT_6-0,11,23.334982,22.000000,7.068682,1.000000,0.000000,0.000000,1.998304,0.000000,0.000000,0.000000,0.000000,0.000000,0.000000,322,25.333286,23.334982,43.96268800000002,23.334982,22.000000
322_CT_6-1,11,23.334982,11.000000,3.534341,1.000000,0.000000,0.000000,1.998304,0.000000,0.000000,0.000000,0.000000,0.000000,0.000000,322,25.333286,23.334982,21.98134400000001,23.334982,11.000000
322_CT_6-2,11,26.499179,0.000000,0.000000,1.000000,0.000000,0.000000,0.000000,1.165893,0.000000,0.000000,0.000000,0.000000,0.000000,322,25.333286,26.499179,-0.0,26.499179,11.000000
322_CT_6-3,11,27.894691,0.000000,0.000000,1.000000,0.000000,0.000000,0.000000,2.561405,0.000000,0.000000,0.000000,0.000000,0.000000,322,25.333286,27.894691,-0.0,27.894691,11.000000
323_CC_1-0,11,26.429209,0.000000,0.000000,1.000000,0.000000,0.000000,0.000000,0.000000,0.000000,0.000000,0.000000,0.000000,0.000000,323,26.429209,26.429209,0.0,26.429209,170.000000
323_CC_1-1,11,26.429209,0.000000,0.000000,1.000000,0.000000,0.000000,0.000000,0.000000,0.000000,0.000000,0.000000,0.000000,0.000000,323,26.429209,26.429209,0.0,26.429209,61.666667
323_CC_1-2,11,30.277557,0.000000,0.000000,1.000000,0.000000,0.000000,0.000000,3.848348,0.000000,0.000000,0.000000,0.000000,0.000000,323,26.429209,30.277557,-0.0,30.277557,61.666667
323_CC_1-3,11,31.727490,0.000000,0.000000,1.000000,0.000000,0.000000,0.000000,5.298281,0.000000,0.000000,0.000000,0.000000,0.000000,323,26.429209,31.727490,-0.0,31.727490,61.666667
323_CC_2-0,11,26.429209,16.653263,6.060267,1.000000,0.000000,0.000000,0.000000,0.000000,0.000000,0.000000,0.000000,0.000000,0.000000,323,26.429209,26.429209,0.0,26.429209,170.000000
323_CC_2-1,11,26.429209,0.000000,0.000000,1.000000,0.000000,0.000000,0.000000,0.000000,0.000000,0.000000,0.000000,0.000000,0.000000,323,26.429209,26.429209,0.0,26.429209,61.666667
323_CC_2-2,11,30.277557,0.000000,0.000000,1.000000,0.000000,0.000000,0.000000,3.848348,0.000000,0.000000,0.000000,0.000000,0.000000,323,26.429209,30.277557,-0.0,30.277557,61.666667
323_CC_2-3,11,31.727490,0.000000,0.000000,1.000000,0.000000,0.000000,0.000000,5.298281,0.000000,0.000000,0.000000,0.000000,0.000000,323,26.429209,31.727490,-0.0,31.727490,61.666667
322_HYDRO_1-0,11,0.000000,32.129167,0.000000,1.000000,0.000000,0.000000,25.333286,0.000000,0.000000,0.000000,0.000000,0.000000,0.000000,322,25.333286,0.000000,813.9373765527621,0.000000,32.129167
322_HYDRO_1-1,11,0.000000,0.000000,0.000000,1.000000,0.000000,0.000000,25.333286,0.000000,0.000000,0.000000,0.000000,0.000000,0.000000,322,25.333286,0.000000,0.0,0.000000,0.000000
322_HYDRO_1-2,11,0.000000,0.000000,0.000000,1.000000,0.000000,0.000000,25.333286,0.000000,0.000000,0.000000,0.000000,0.000000,0.000000,322,25.333286,0.000000,0.0,0.000000,0.000000
322_HYDRO_1-3,11,0.000000,0.000000,0.000000,1.000000,0.000000,0.000000,25.333286,0.000000,0.000000,0.000000,0.000000,0.000000,0.000000,322,25.333286,0.000000,0.0,0.000000,0.000000
322_HYDRO_2-0,11,0.000000,32.129167,0.000000,1.000000,0.000000,0.000000,25.333286,0.000000,0.000000,0.000000,0.000000,0.000000,0.000000,322,25.333286,0.000000,813.9373765527621,0.000000,32.129167
322_HYDRO_2-1,11,0.000000,0.000000,0.000000,1.000000,0.000000,0.000000,25.333286,0.000000,0.000000,0.000000,0.000000,0.000000,0.000000,322,25.333286,0.000000,0.0,0.000000,0.000000
322_HYDRO_2-2,11,0.000000,0.000000,0.000000,1.000000,0.000000,0.000000,25.333286,0.000000,0.000000,0.000000,0.000000,0.000000,0.000000,322,25.333286,0.000000,0.0,0.000000,0.000000
322_HYDRO_2-3,11,0.000000,0.000000,0.000000,1.000000,0.000000,0.000000,25.333286,0.000000,0.000000,0.000000,0.000000,0.000000,0.000000,322,25.333286,0.000000,0.0,0.000000,0.000000
322_HYDRO_3-0,11,0.000000,32.129167,0.000000,1.000000,0.000000,0.000000,25.333286,0.000000,0.000000,0.000000,0.000000,0.000000,0.000000,322,25.333286,0.000000,813.9373765527621,0.000000,32.129167
322_HYDRO_3-1,11,0.000000,0.000000,0.000000,1.000000,0.000000,0.000000,25.333286,0.000000,0.000000,0.000000,0.000000,0.000000,0.000000,322,25.333286,0.000000,0.0,0.000000,0.000000
322_HYDRO_3-2,11,0.000000,0.000000,0.000000,1.000000,0.000000,0.000000,25.333286,0.000000,0.000000,0.000000,0.000000,0.000000,0.000000,322,25.333286,0.000000,0.0,0.000000,0.000000
322_HYDRO_3-3,11,0.000000,0.000000,0.000000,1.000000,0.000000,0.000000,25.333286,0.000000,0.000000,0.000000,0.000000,0.000000,0.000000,322,25.333286,0.000000,0.0,0.000000,0.000000
322_HYDRO_4-0,11,0.000000,32.129167,0.000000,1.000000,0.000000,0.000000,25.333286,0.000000,0.000000,0.000000,0.000000,0.000000,0.000000,322,25.333286,0.000000,813.9373765527621,0.000000,32.129167
322_HYDRO_4-1,11,0.000000,0.000000,0.000000,1.000000,0.000000,0.000000,25.333286,0.000000,0.000000,0.000000,0.000000,0.000000,0.000000,322,25.333286,0.000000,0.0,0.000000,0.000000
322_HYDRO_4-2,11,0.000000,0.000000,0.000000,1.000000,0.000000,0.000000,25.333286,0.000000,0.000000,0.000000,0.000000,0.000000,0.000000,322,25.333286,0.000000,0.0,0.000000,0.000000
322_HYDRO_4-3,11,0.000000,0.000000,0.000000,1.000000,0.000000,0.000000,25.333286,0.000000,0.000000,0.000000,0.000000,0.000000,0.000000,322,25.333286,0.000000,0.0,0.000000,0.000000
301_CT_1-0,12,87.255791,0.000000,0.000000,1.000000,0.000000,0.000000,0.000000,0.000000,0.000000,63.361838,0.000000,0.000000,0.000000,301,23.893954,87.255791,-0.0,87.255791,8.000000
301_CT_1-1,12,87.255791,0.000000,0.000000,1.000000,0.000000,0.000000,0.000000,0.000000,0.000000,63.361838,0.000000,0.000000,0.000000,301,23.893954,87.255791,-0.0,87.255791,4.000000
301_CT_1-2,12,99.695770,0.000000,0.000000,1.000000,0.000000,0.000000,0.000000,12.439979,0.000000,63.361838,0.000000,0.000000,0.000000,301,23.893954,99.695770,-0.0,99.695770,4.000000
301_CT_1-3,12,105.367241,0.000000,0.000000,1.000000,0.000000,0.000000,0.000000,18.111450,0.000000,63.361838,0.000000,0.000000,0.000000,301,23.893954,105.367241,-0.0,105.367241,4.000000
301_CT_2-0,12,87.255791,0.000000,0.000000,1.000000,0.000000,0.000000,0.000000,63.361838,0.000000,0.000000,0.000000,0.000000,0.000000,301,23.893954,87.255791,-0.0,87.255791,8.000000
301_CT_2-1,12,87.255791,0.000000,0.000000,1.000000,0.000000,0.000000,0.000000,63.361838,0.000000,0.000000,0.000000,0.000000,0.000000,301,23.893954,87.255791,-0.0,87.255791,4.000000
301_CT_2-2,12,99.695770,0.000000,0.000000,1.000000,0.000000,0.000000,0.000000,75.801816,0.000000,0.000000,0.000000,0.000000,0.000000,301,23.893954,99.695770,-0.0,99.695770,4.000000
301_CT_2-3,12,105.367241,0.000000,0.000000,1.000000,0.000000,0.000000,0.000000,81.473288,0.000000,0.000000,0.000000,0.000000,0.000000,301,23.893954,105.367241,-0.0,105.367241,4.000000
301_CT_3-0,12,28.469999,0.000000,0.000000,1.000000,0.000000,0.000000,0.000000,0.000000,0.000000,4.576045,0.000000,0.000000,0.000000,301,23.893954,28.469999,-0.0,28.469999,22.000000
301_CT_3-1,12,28.469999,0.000000,0.000000,1.000000,0.000000,0.000000,0.000000,0.000000,0.000000,4.576045,0.000000,0.000000,0.000000,301,23.893954,28.469999,-0.0,28.469999,11.000000
301_CT_3-2,12,29.286315,0.000000,0.000000,1.000000,0.000000,0.000000,0.000000,0.816316,0.000000,4.576045,0.000000,0.000000,0.000000,301,23.893954,29.286315,-0.0,29.286315,11.000000
301_CT_3-3,12,43.742887,0.000000,0.000000,1.000000,0.000000,0.000000,0.000000,15.272887,0.000000,4.576045,0.000000,0.000000,0.000000,301,23.893954,43.742887,-0.0,43.742887,11.000000
301_CT_4-0,12,28.469999,0.000000,0.000000,1.000000,0.000000,0.000000,0.000000,0.000000,0.000000,4.576045,0.000000,0.000000,0.000000,301,23.893954,28.469999,-0.0,28.469999,22.000000
301_CT_4-1,12,28.469999,0.000000,0.000000,1.000000,0.000000,0.000000,0.000000,0.000000,0.000000,4.576045,0.000000,0.000000,0.000000,301,23.893954,28.469999,-0.0,28.469999,11.000000
301_CT_4-2,12,29.286315,0.000000,0.000000,1.000000,0.000000,0.000000,0.000000,0.816316,0.000000,4.576045,0.000000,0.000000,0.000000,301,23.893954,29.286315,-0.0,29.286315,11.000000
301_CT_4-3,12,43.742887,0.000000,0.000000,1.000000,0.000000,0.000000,0.000000,15.272887,0.000000,4.576045,0.000000,0.000000,0.000000,301,23.893954,43.742887,-0.0,43.742887,11.000000
302_CT_1-0,12,87.255791,0.000000,0.000000,1.000000,0.000000,0.000000,0.000000,0.000000,0.000000,62.797716,0.000000,0.000000,0.000000,302,24.458076,87.255791,-0.0,87.255791,8.000000
302_CT_1-1,12,87.255791,0.000000,0.000000,1.000000,0.000000,0.000000,0.000000,0.000000,0.000000,62.797716,0.000000,0.000000,0.000000,302,24.458076,87.255791,-0.0,87.255791,4.000000
302_CT_1-2,12,99.695770,0.000000,0.000000,1.000000,0.000000,0.000000,0.000000,12.439979,0.000000,62.797716,0.000000,0.000000,0.000000,302,24.458076,99.695770,-0.0,99.695770,4.000000
302_CT_1-3,12,105.367241,0.000000,0.000000,1.000000,0.000000,0.000000,0.000000,18.111450,0.000000,62.797716,0.000000,0.000000,0.000000,302,24.458076,105.367241,-0.0,105.367241,4.000000
302_CT_2-0,12,87.255791,0.000000,0.000000,1.000000,0.000000,0.000000,0.000000,0.000000,0.000000,62.797716,0.000000,0.000000,0.000000,302,24.458076,87.255791,-0.0,87.255791,8.000000
302_CT_2-1,12,87.255791,0.000000,0.000000,1.000000,0.000000,0.000000,0.000000,0.000000,0.000000,62.797716,0.000000,0.000000,0.000000,302,24.458076,87.255791,-0.0,87.255791,4.000000
302_CT_2-2,12,99.695770,0.000000,0.000000,1.000000,0.000000,0.000000,0.000000,12.439979,0.000000,62.797716,0.000000,0.000000,0.000000,302,24.458076,99.695770,-0.0,99.695770,4.000000
302_CT_2-3,12,105.367241,0.000000,0.000000,1.000000,0.000000,0.000000,0.000000,18.111450,0.000000,62.797716,0.000000,0.000000,0.000000,302,24.458076,105.367241,-0.0,105.367241,4.000000
302_CT_3-0,12,33.791603,0.000000,0.000000,1.000000,0.000000,0.000000,0.000000,0.000000,0.000000,9.333528,0.000000,0.000000,0.000000,302,24.458076,33.791603,-0.0,33.791603,22.000000
302_CT_3-1,12,33.791603,0.000000,0.000000,1.000000,0.000000,0.000000,0.000000,0.000000,0.000000,9.333528,0.000000,0.000000,0.000000,302,24.458076,33.791603,-0.0,33.791603,11.000000
302_CT_3-2,12,38.382410,0.000000,0.000000,1.000000,0.000000,0.000000,0.000000,4.590807,0.000000,9.333528,0.000000,0.000000,0.000000,302,24.458076,38.382410,-0.0,38.382410,11.000000
302_CT_3-3,12,38.635080,0.000000,0.000000,1.000000,0.000000,0.000000,0.000000,4.843476,0.000000,9.333528,0.000000,0.000000,0.000000,302,24.458076,38.635080,-0.0,38.635080,11.000000
302_CT_4-0,12,33.791603,0.000000,0.000000,1.000000,0.000000,0.000000,0.000000,0.000000,0.000000,9.333528,0.000000,0.000000,0.000000,302,24.458076,33.791603,-0.0,33.791603,22.000000
302_CT_4-1,12,33.791603,0.000000,0.000000,1.000000,0.000000,0.000000,0.000000,0.000000,0.000000,9.333528,0.000000,0.000000,0.000000,302,24.458076,33.791603,-0.0,33.791603,11.000000
302_CT_4-2,12,38.382410,0.000000,0.000000,1.000000,0.000000,0.000000,0.000000,4.590807,0.000000,9.333528,0.000000,0.000000,0.000000,302,24.458076,38.382410,-0.0,38.382410,11.000000
302_CT_4-3,12,38.635080,0.000000,0.000000,1.000000,0.000000,0.000000,0.000000,4.843476,0.000000,9.333528,0.000000,0.000000,0.000000,302,24.458076,38.635080,-0.0,38.635080,11.000000
307_CT_1-0,12,27.894691,22.000000,8.449918,1.000000,0.000000,0.000000,1.325542,0.000000,0.000000,0.000000,0.000000,0.000000,0.000000,307,29.220233,27.894691,29.16192399999997,27.894691,22.000000
307_CT_1-1,12,27.894691,11.000000,4.224959,1.000000,0.000000,0.000000,1.325542,0.000000,0.000000,0.000000,0.000000,0.000000,0.000000,307,29.220233,27.894691,14.580961999999985,27.894691,11.000000
307_CT_1-2,12,29.220233,0.000000,0.000000,1.000000,0.000000,0.000000,0.000000,0.000000,0.000000,0.000000,0.000000,0.000000,0.000000,307,29.220233,29.220233,0.0,29.220233,11.000000
307_CT_1-3,12,35.474770,0.000000,0.000000,1.000000,0.000000,0.000000,0.000000,6.254537,0.000000,0.000000,0.000000,0.000000,0.000000,307,29.220233,35.474770,-0.0,35.474770,11.000000
307_CT_2-0,12,27.894691,22.000000,8.449918,1.000000,0.000000,0.000000,1.325542,0.000000,0.000000,0.000000,0.000000,0.000000,0.000000,307,29.220233,27.894691,29.16192399999997,27.894691,22.000000
307_CT_2-1,12,27.894691,11.000000,4.224959,1.000000,0.000000,0.000000,1.325542,0.000000,0.000000,0.000000,0.000000,0.000000,0.000000,307,29.220233,27.894691,14.580961999999985,27.894691,11.000000
307_CT_2-2,12,29.220233,10.902830,4.386632,1.000000,0.000000,0.000000,0.000000,0.000000,0.000000,0.000000,0.000000,0.000000,0.000000,307,29.220233,29.220233,0.0,29.220233,11.000000
307_CT_2-3,12,35.474770,0.000000,0.000000,1.000000,0.000000,0.000000,0.000000,6.254537,0.000000,0.000000,0.000000,0.000000,0.000000,307,29.220233,35.474770,-0.0,35.474770,11.000000
313_CC_1-0,12,15.731579,170.000000,36.823878,1.000000,0.000000,0.000000,11.377074,0.000000,0.000000,0.000000,0.000000,0.000000,0.000000,313,27.108654,15.731579,1934.1027500000002,15.731579,170.000000
313_CC_1-1,12,15.731579,61.666667,13.357681,1.000000,0.000000,0.000000,11.377074,0.000000,0.000000,0.000000,0.000000,0.000000,0.000000,313,27.108654,15.731579,701.586295459025,15.731579,61.666667
313_CC_1-2,12,26.755735,61.666667,22.718290,1.000000,0.000000,0.000000,0.352918,0.000000,0.000000,0.000000,0.000000,0.000000,0.000000,313,27.108654,26.755735,21.763338450973,26.755735,61.666667
313_CC_1-3,12,33.752731,0.000000,0.000000,1.000000,0.000000,0.000000,0.000000,6.644078,0.000000,0.000000,0.000000,0.000000,0.000000,313,27.108654,33.752731,-0.0,33.752731,61.666667
315_STEAM_1-0,12,75.436777,0.000000,0.000000,1.000000,0.000000,0.000000,0.000000,0.000000,0.000000,53.061842,0.000000,0.000000,0.000000,315,22.374935,75.436777,-0.0,75.436777,5.000000
315_STEAM_1-1,12,75.436777,0.000000,0.000000,1.000000,0.000000,0.000000,0.000000,0.000000,0.000000,53.061842,0.000000,0.000000,0.000000,315,22.374935,75.436777,-0.0,75.436777,2.333333
315_STEAM_1-2,12,100.399529,0.000000,0.000000,1.000000,0.000000,0.000000,0.000000,24.962753,0.000000,53.061842,0.000000,0.000000,0.000000,315,22.374935,100.399529,-0.0,100.399529,2.333333
315_STEAM_1-3,12,124.099655,0.000000,0.000000,1.000000,0.000000,0.000000,0.000000,48.662879,0.000000,53.061842,0.000000,0.000000,0.000000,315,22.374935,124.099655,-0.0,124.099655,2.333333
315_STEAM_2-0,12,75.436777,0.000000,0.000000,1.000000,0.000000,0.000000,0.000000,0.000000,0.000000,53.061842,0.000000,0.000000,0.000000,315,22.374935,75.436777,-0.0,75.436777,5.000000
315_STEAM_2-1,12,75.436777,0.000000,0.000000,1.000000,0.000000,0.000000,0.000000,0.000000,0.000000,53.061842,0.000000,0.000000,0.000000,315,22.374935,75.436777,-0.0,75.436777,2.333333
315_STEAM_2-2,12,100.399529,0.000000,0.000000,1.000000,0.000000,0.000000,0.000000,24.962753,0.000000,53.061842,0.000000,0.000000,0.000000,315,22.374935,100.399529,-0.0,100.399529,2.333333
315_STEAM_2-3,12,124.099655,0.000000,0.000000,1.000000,0.000000,0.000000,0.000000,48.662879,0.000000,53.061842,0.000000,0.000000,0.000000,315,22.374935,124.099655,-0.0,124.099655,2.333333
315_STEAM_3-0,12,75.436777,0.000000,0.000000,1.000000,0.000000,0.000000,0.000000,0.000000,0.000000,53.061842,0.000000,0.000000,0.000000,315,22.374935,75.436777,-0.0,75.436777,5.000000
315_STEAM_3-1,12,75.436777,0.000000,0.000000,1.000000,0.000000,0.000000,0.000000,0.000000,0.000000,53.061842,0.000000,0.000000,0.000000,315,22.374935,75.436777,-0.0,75.436777,2.333333
315_STEAM_3-2,12,100.399529,0.000000,0.000000,1.000000,0.000000,0.000000,0.000000,24.962753,0.000000,53.061842,0.000000,0.000000,0.000000,315,22.374935,100.399529,-0.0,100.399529,2.333333
315_STEAM_3-3,12,124.099655,0.000000,0.000000,1.000000,0.000000,0.000000,0.000000,48.662879,0.000000,53.061842,0.000000,0.000000,0.000000,315,22.374935,124.099655,-0.0,124.099655,2.333333
315_STEAM_4-0,12,75.436777,0.000000,0.000000,1.000000,0.000000,0.000000,0.000000,0.000000,0.000000,53.061842,0.000000,0.000000,0.000000,315,22.374935,75.436777,-0.0,75.436777,5.000000
315_STEAM_4-1,12,75.436777,0.000000,0.000000,1.000000,0.000000,0.000000,0.000000,0.000000,0.000000,53.061842,0.000000,0.000000,0.000000,315,22.374935,75.436777,-0.0,75.436777,2.333333
315_STEAM_4-2,12,100.399529,0.000000,0.000000,1.000000,0.000000,0.000000,0.000000,24.962753,0.000000,53.061842,0.000000,0.000000,0.000000,315,22.374935,100.399529,-0.0,100.399529,2.333333
315_STEAM_4-3,12,124.099655,0.000000,0.000000,1.000000,0.000000,0.000000,0.000000,48.662879,0.000000,53.061842,0.000000,0.000000,0.000000,315,22.374935,124.099655,-0.0,124.099655,2.333333
315_STEAM_5-0,12,75.436777,0.000000,0.000000,1.000000,0.000000,0.000000,0.000000,0.000000,0.000000,53.061842,0.000000,0.000000,0.000000,315,22.374935,75.436777,-0.0,75.436777,5.000000
315_STEAM_5-1,12,75.436777,0.000000,0.000000,1.000000,0.000000,0.000000,0.000000,0.000000,0.000000,53.061842,0.000000,0.000000,0.000000,315,22.374935,75.436777,-0.0,75.436777,2.333333
315_STEAM_5-2,12,100.399529,0.000000,0.000000,1.000000,0.000000,0.000000,0.000000,24.962753,0.000000,53.061842,0.000000,0.000000,0.000000,315,22.374935,100.399529,-0.0,100.399529,2.333333
315_STEAM_5-3,12,124.099655,0.000000,0.000000,1.000000,0.000000,0.000000,0.000000,48.662879,0.000000,53.061842,0.000000,0.000000,0.000000,315,22.374935,124.099655,-0.0,124.099655,2.333333
315_CT_6-0,12,26.401998,0.000000,0.000000,1.000000,0.000000,0.000000,0.000000,0.000000,0.000000,4.027063,0.000000,0.000000,0.000000,315,22.374935,26.401998,-0.0,26.401998,22.000000
315_CT_6-1,12,26.401998,0.000000,0.000000,1.000000,0.000000,0.000000,0.000000,0.000000,0.000000,4.027063,0.000000,0.000000,0.000000,315,22.374935,26.401998,-0.0,26.401998,11.000000
315_CT_6-2,12,26.895675,0.000000,0.000000,1.000000,0.000000,0.000000,0.000000,0.493677,0.000000,4.027063,0.000000,0.000000,0.000000,315,22.374935,26.895675,-0.0,26.895675,11.000000
315_CT_6-3,12,31.855768,0.000000,0.000000,1.000000,0.000000,0.000000,0.000000,5.453770,0.000000,4.027063,0.000000,0.000000,0.000000,315,22.374935,31.855768,-0.0,31.855768,11.000000
315_CT_7-0,12,26.401998,0.000000,0.000000,1.000000,0.000000,0.000000,0.000000,0.000000,0.000000,4.027063,0.000000,0.000000,0.000000,315,22.374935,26.401998,-0.0,26.401998,22.000000
315_CT_7-1,12,26.401998,0.000000,0.000000,1.000000,0.000000,0.000000,0.000000,0.000000,0.000000,4.027063,0.000000,0.000000,0.000000,315,22.374935,26.401998,-0.0,26.401998,11.000000
315_CT_7-2,12,26.895675,0.000000,0.000000,1.000000,0.000000,0.000000,0.000000,0.493677,0.000000,4.027063,0.000000,0.000000,0.000000,315,22.374935,26.895675,-0.0,26.895675,11.000000
315_CT_7-3,12,31.855768,0.000000,0.000000,1.000000,0.000000,0.000000,0.000000,5.453770,0.000000,4.027063,0.000000,0.000000,0.000000,315,22.374935,31.855768,-0.0,31.855768,11.000000
315_CT_8-0,12,26.401998,0.000000,0.000000,1.000000,0.000000,0.000000,0.000000,0.000000,0.000000,4.027063,0.000000,0.000000,0.000000,315,22.374935,26.401998,-0.0,26.401998,22.000000
315_CT_8-1,12,26.401998,0.000000,0.000000,1.000000,0.000000,0.000000,0.000000,0.000000,0.000000,4.027063,0.000000,0.000000,0.000000,315,22.374935,26.401998,-0.0,26.401998,11.000000
315_CT_8-2,12,26.895675,0.000000,0.000000,1.000000,0.000000,0.000000,0.000000,0.493677,0.000000,4.027063,0.000000,0.000000,0.000000,315,22.374935,26.895675,-0.0,26.895675,11.000000
315_CT_8-3,12,31.855768,0.000000,0.000000,1.000000,0.000000,0.000000,0.000000,5.453770,0.000000,4.027063,0.000000,0.000000,0.000000,315,22.374935,31.855768,-0.0,31.855768,11.000000
316_STEAM_1-0,12,21.116646,62.000000,58.992715,1.000000,0.000000,0.000000,2.336052,0.000000,0.000000,0.000000,0.000000,0.000000,0.000000,316,23.452698,21.116646,144.83522400000015,21.116646,62.000000
316_STEAM_1-1,12,21.116646,31.000000,29.496357,1.000000,0.000000,0.000000,2.336052,0.000000,0.000000,0.000000,0.000000,0.000000,0.000000,316,23.452698,21.116646,72.41761200000008,21.116646,31.000000
316_STEAM_1-2,12,21.287879,31.000000,29.735541,1.000000,0.000000,0.000000,2.164819,0.000000,0.000000,0.000000,0.000000,0.000000,0.000000,316,23.452698,21.287879,67.10938900000005,21.287879,31.000000
316_STEAM_1-3,12,27.274699,0.000000,0.000000,1.000000,0.000000,0.000000,0.000000,3.822001,0.000000,0.000000,0.000000,0.000000,0.000000,316,23.452698,27.274699,-0.0,27.274699,31.000000
318_CC_1-0,12,26.845141,0.000000,0.000000,1.000000,0.000000,0.000000,0.000000,0.000000,0.000000,3.948581,0.000000,0.000000,0.000000,318,22.896560,26.845141,-0.0,26.845141,170.000000
318_CC_1-1,12,26.845141,0.000000,0.000000,1.000000,0.000000,0.000000,0.000000,0.000000,0.000000,3.948581,0.000000,0.000000,0.000000,318,22.896560,26.845141,-0.0,26.845141,61.666667
318_CC_1-2,12,27.276623,0.000000,0.000000,1.000000,0.000000,0.000000,0.000000,0.431481,0.000000,3.948581,0.000000,0.000000,0.000000,318,22.896560,27.276623,-0.0,27.276623,61.666667
318_CC_1-3,12,31.529241,0.000000,0.000000,1.000000,0.000000,0.000000,0.000000,4.684100,0.000000,3.948581,0.000000,0.000000,0.000000,318,22.896560,31.529241,-0.0,31.529241,61.666667
321_CC_1-0,12,22.732463,92.265302,28.879732,1.000000,0.000000,0.000000,0.000000,0.000000,0.000000,0.000000,0.000000,0.000000,0.000000,321,22.732463,22.732463,0.0,22.732463,170.000000
321_CC_1-1,12,22.732463,61.666667,19.302130,1.000000,0.000000,0.000000,0.000000,0.000000,0.000000,0.000000,0.000000,0.000000,0.000000,321,22.732463,22.732463,0.0,22.732463,61.666667
321_CC_1-2,12,25.908321,0.000000,0.000000,1.000000,0.000000,0.000000,0.000000,3.175859,0.000000,0.000000,0.000000,0.000000,0.000000,321,22.732463,25.908321,-0.0,25.908321,61.666667
321_CC_1-3,12,33.947092,0.000000,0.000000,1.000000,0.000000,0.000000,0.000000,11.214630,0.000000,0.000000,0.000000,0.000000,0.000000,321,22.732463,33.947092,-0.0,33.947092,61.666667
322_CT_5-0,12,23.334982,0.000000,0.000000,1.000000,0.000000,0.000000,0.000000,0.468556,0.000000,0.000000,0.000000,0.000000,0.000000,322,22.866426,23.334982,-0.0,23.334982,22.000000
322_CT_5-1,12,23.334982,0.000000,0.000000,1.000000,0.000000,0.000000,0.000000,0.468556,0.000000,0.000000,0.000000,0.000000,0.000000,322,22.866426,23.334982,-0.0,23.334982,11.000000
322_CT_5-2,12,26.499179,0.000000,0.000000,1.000000,0.000000,0.000000,0.000000,3.632753,0.000000,0.000000,0.000000,0.000000,0.000000,322,22.866426,26.499179,-0.0,26.499179,11.000000
322_CT_5-3,12,27.894691,0.000000,0.000000,1.000000,0.000000,0.000000,0.000000,5.028265,0.000000,0.000000,0.000000,0.000000,0.000000,322,22.866426,27.894691,-0.0,27.894691,11.000000
322_CT_6-0,12,23.334982,0.000000,0.000000,1.000000,0.000000,0.000000,0.000000,0.468556,0.000000,0.000000,0.000000,0.000000,0.000000,322,22.866426,23.334982,-0.0,23.334982,22.000000
322_CT_6-1,12,23.334982,0.000000,0.000000,1.000000,0.000000,0.000000,0.000000,0.468556,0.000000,0.000000,0.000000,0.000000,0.000000,322,22.866426,23.334982,-0.0,23.334982,11.000000
322_CT_6-2,12,26.499179,0.000000,0.000000,1.000000,0.000000,0.000000,0.000000,3.632753,0.000000,0.000000,0.000000,0.000000,0.000000,322,22.866426,26.499179,-0.0,26.499179,11.000000
322_CT_6-3,12,27.894691,0.000000,0.000000,1.000000,0.000000,0.000000,0.000000,5.028265,0.000000,0.000000,0.000000,0.000000,0.000000,322,22.866426,27.894691,-0.0,27.894691,11.000000
323_CC_1-0,12,26.429209,0.000000,0.000000,1.000000,0.000000,0.000000,0.000000,0.000000,0.000000,0.844243,0.000000,0.000000,0.000000,323,25.584966,26.429209,-0.0,26.429209,170.000000
323_CC_1-1,12,26.429209,0.000000,0.000000,1.000000,0.000000,0.000000,0.000000,0.000000,0.000000,0.844243,0.000000,0.000000,0.000000,323,25.584966,26.429209,-0.0,26.429209,61.666667
323_CC_1-2,12,30.277557,0.000000,0.000000,1.000000,0.000000,0.000000,0.000000,3.848348,0.000000,0.844243,0.000000,0.000000,0.000000,323,25.584966,30.277557,-0.0,30.277557,61.666667
323_CC_1-3,12,31.727490,0.000000,0.000000,1.000000,0.000000,0.000000,0.000000,5.298281,0.000000,0.844243,0.000000,0.000000,0.000000,323,25.584966,31.727490,-0.0,31.727490,61.666667
323_CC_2-0,12,26.429209,0.000000,0.000000,1.000000,0.000000,0.000000,0.000000,0.000000,0.000000,0.844243,0.000000,0.000000,0.000000,323,25.584966,26.429209,-0.0,26.429209,170.000000
323_CC_2-1,12,26.429209,0.000000,0.000000,1.000000,0.000000,0.000000,0.000000,0.000000,0.000000,0.844243,0.000000,0.000000,0.000000,323,25.584966,26.429209,-0.0,26.429209,61.666667
323_CC_2-2,12,30.277557,0.000000,0.000000,1.000000,0.000000,0.000000,0.000000,3.848348,0.000000,0.844243,0.000000,0.000000,0.000000,323,25.584966,30.277557,-0.0,30.277557,61.666667
323_CC_2-3,12,31.727490,0.000000,0.000000,1.000000,0.000000,0.000000,0.000000,5.298281,0.000000,0.844243,0.000000,0.000000,0.000000,323,25.584966,31.727490,-0.0,31.727490,61.666667
322_HYDRO_1-0,12,0.000000,33.416667,0.000000,1.000000,0.000000,0.000000,22.866426,0.000000,0.000000,0.000000,0.000000,0.000000,0.000000,322,22.866426,0.000000,764.1197431221419,0.000000,33.416667
322_HYDRO_1-1,12,0.000000,0.000000,0.000000,1.000000,0.000000,0.000000,22.866426,0.000000,0.000000,0.000000,0.000000,0.000000,0.000000,322,22.866426,0.000000,0.0,0.000000,0.000000
322_HYDRO_1-2,12,0.000000,0.000000,0.000000,1.000000,0.000000,0.000000,22.866426,0.000000,0.000000,0.000000,0.000000,0.000000,0.000000,322,22.866426,0.000000,0.0,0.000000,0.000000
322_HYDRO_1-3,12,0.000000,0.000000,0.000000,1.000000,0.000000,0.000000,22.866426,0.000000,0.000000,0.000000,0.000000,0.000000,0.000000,322,22.866426,0.000000,0.0,0.000000,0.000000
322_HYDRO_2-0,12,0.000000,33.416667,0.000000,1.000000,0.000000,0.000000,22.866426,0.000000,0.000000,0.000000,0.000000,0.000000,0.000000,322,22.866426,0.000000,764.1197431221419,0.000000,33.416667
322_HYDRO_2-1,12,0.000000,0.000000,0.000000,1.000000,0.000000,0.000000,22.866426,0.000000,0.000000,0.000000,0.000000,0.000000,0.000000,322,22.866426,0.000000,0.0,0.000000,0.000000
322_HYDRO_2-2,12,0.000000,0.000000,0.000000,1.000000,0.000000,0.000000,22.866426,0.000000,0.000000,0.000000,0.000000,0.000000,0.000000,322,22.866426,0.000000,0.0,0.000000,0.000000
322_HYDRO_2-3,12,0.000000,0.000000,0.000000,1.000000,0.000000,0.000000,22.866426,0.000000,0.000000,0.000000,0.000000,0.000000,0.000000,322,22.866426,0.000000,0.0,0.000000,0.000000
322_HYDRO_3-0,12,0.000000,33.416667,0.000000,1.000000,0.000000,0.000000,22.866426,0.000000,0.000000,0.000000,0.000000,0.000000,0.000000,322,22.866426,0.000000,764.1197431221419,0.000000,33.416667
322_HYDRO_3-1,12,0.000000,0.000000,0.000000,1.000000,0.000000,0.000000,22.866426,0.000000,0.000000,0.000000,0.000000,0.000000,0.000000,322,22.866426,0.000000,0.0,0.000000,0.000000
322_HYDRO_3-2,12,0.000000,0.000000,0.000000,1.000000,0.000000,0.000000,22.866426,0.000000,0.000000,0.000000,0.000000,0.000000,0.000000,322,22.866426,0.000000,0.0,0.000000,0.000000
322_HYDRO_3-3,12,0.000000,0.000000,0.000000,1.000000,0.000000,0.000000,22.866426,0.000000,0.000000,0.000000,0.000000,0.000000,0.000000,322,22.866426,0.000000,0.0,0.000000,0.000000
322_HYDRO_4-0,12,0.000000,33.416667,0.000000,1.000000,0.000000,0.000000,22.866426,0.000000,0.000000,0.000000,0.000000,0.000000,0.000000,322,22.866426,0.000000,764.1197431221419,0.000000,33.416667
322_HYDRO_4-1,12,0.000000,0.000000,0.000000,1.000000,0.000000,0.000000,22.866426,0.000000,0.000000,0.000000,0.000000,0.000000,0.000000,322,22.866426,0.000000,0.0,0.000000,0.000000
322_HYDRO_4-2,12,0.000000,0.000000,0.000000,1.000000,0.000000,0.000000,22.866426,0.000000,0.000000,0.000000,0.000000,0.000000,0.000000,322,22.866426,0.000000,0.0,0.000000,0.000000
322_HYDRO_4-3,12,0.000000,0.000000,0.000000,1.000000,0.000000,0.000000,22.866426,0.000000,0.000000,0.000000,0.000000,0.000000,0.000000,322,22.866426,0.000000,0.0,0.000000,0.000000
301_CT_1-0,13,87.255791,0.000000,0.000000,1.000000,0.000000,0.000000,0.000000,0.000000,0.000000,63.920810,0.000000,0.000000,0.000000,301,23.334982,87.255791,-0.0,87.255791,8.000000
301_CT_1-1,13,87.255791,0.000000,0.000000,1.000000,0.000000,0.000000,0.000000,0.000000,0.000000,63.920810,0.000000,0.000000,0.000000,301,23.334982,87.255791,-0.0,87.255791,4.000000
301_CT_1-2,13,99.695770,0.000000,0.000000,1.000000,0.000000,0.000000,0.000000,12.439979,0.000000,63.920810,0.000000,0.000000,0.000000,301,23.334982,99.695770,-0.0,99.695770,4.000000
301_CT_1-3,13,105.367241,0.000000,0.000000,1.000000,0.000000,0.000000,0.000000,18.111450,0.000000,63.920810,0.000000,0.000000,0.000000,301,23.334982,105.367241,-0.0,105.367241,4.000000
301_CT_2-0,13,87.255791,0.000000,0.000000,1.000000,0.000000,0.000000,0.000000,0.000000,0.000000,63.920810,0.000000,0.000000,0.000000,301,23.334982,87.255791,-0.0,87.255791,8.000000
301_CT_2-1,13,87.255791,0.000000,0.000000,1.000000,0.000000,0.000000,0.000000,0.000000,0.000000,63.920810,0.000000,0.000000,0.000000,301,23.334982,87.255791,-0.0,87.255791,4.000000
301_CT_2-2,13,99.695770,0.000000,0.000000,1.000000,0.000000,0.000000,0.000000,12.439979,0.000000,63.920810,0.000000,0.000000,0.000000,301,23.334982,99.695770,-0.0,99.695770,4.000000
301_CT_2-3,13,105.367241,0.000000,0.000000,1.000000,0.000000,0.000000,0.000000,18.111450,0.000000,63.920810,0.000000,0.000000,0.000000,301,23.334982,105.367241,-0.0,105.367241,4.000000
301_CT_3-0,13,28.469999,0.000000,0.000000,1.000000,0.000000,0.000000,0.000000,0.000000,0.000000,5.135018,0.000000,0.000000,0.000000,301,23.334982,28.469999,-0.0,28.469999,22.000000
301_CT_3-1,13,28.469999,0.000000,0.000000,1.000000,0.000000,0.000000,0.000000,0.000000,0.000000,5.135018,0.000000,0.000000,0.000000,301,23.334982,28.469999,-0.0,28.469999,11.000000
301_CT_3-2,13,29.286315,0.000000,0.000000,1.000000,0.000000,0.000000,0.000000,0.816316,0.000000,5.135018,0.000000,0.000000,0.000000,301,23.334982,29.286315,-0.0,29.286315,11.000000
301_CT_3-3,13,43.742887,0.000000,0.000000,1.000000,0.000000,0.000000,0.000000,15.272887,0.000000,5.135018,0.000000,0.000000,0.000000,301,23.334982,43.742887,-0.0,43.742887,11.000000
301_CT_4-0,13,28.469999,0.000000,0.000000,1.000000,0.000000,0.000000,0.000000,0.000000,0.000000,5.135018,0.000000,0.000000,0.000000,301,23.334982,28.469999,-0.0,28.469999,22.000000
301_CT_4-1,13,28.469999,0.000000,0.000000,1.000000,0.000000,0.000000,0.000000,0.000000,0.000000,5.135018,0.000000,0.000000,0.000000,301,23.334982,28.469999,-0.0,28.469999,11.000000
301_CT_4-2,13,29.286315,0.000000,0.000000,1.000000,0.000000,0.000000,0.000000,0.816316,0.000000,5.135018,0.000000,0.000000,0.000000,301,23.334982,29.286315,-0.0,29.286315,11.000000
301_CT_4-3,13,43.742887,0.000000,0.000000,1.000000,0.000000,0.000000,0.000000,15.272887,0.000000,5.135018,0.000000,0.000000,0.000000,301,23.334982,43.742887,-0.0,43.742887,11.000000
302_CT_1-0,13,87.255791,0.000000,0.000000,1.000000,0.000000,0.000000,0.000000,0.000000,0.000000,63.920810,0.000000,0.000000,0.000000,302,23.334982,87.255791,-0.0,87.255791,8.000000
302_CT_1-1,13,87.255791,0.000000,0.000000,1.000000,0.000000,0.000000,0.000000,0.000000,0.000000,63.920810,0.000000,0.000000,0.000000,302,23.334982,87.255791,-0.0,87.255791,4.000000
302_CT_1-2,13,99.695770,0.000000,0.000000,1.000000,0.000000,0.000000,0.000000,12.439979,0.000000,63.920810,0.000000,0.000000,0.000000,302,23.334982,99.695770,-0.0,99.695770,4.000000
302_CT_1-3,13,105.367241,0.000000,0.000000,1.000000,0.000000,0.000000,0.000000,18.111450,0.000000,63.920810,0.000000,0.000000,0.000000,302,23.334982,105.367241,-0.0,105.367241,4.000000
302_CT_2-0,13,87.255791,0.000000,0.000000,1.000000,0.000000,0.000000,0.000000,0.000000,0.000000,63.920810,0.000000,0.000000,0.000000,302,23.334982,87.255791,-0.0,87.255791,8.000000
302_CT_2-1,13,87.255791,0.000000,0.000000,1.000000,0.000000,0.000000,0.000000,0.000000,0.000000,63.920810,0.000000,0.000000,0.000000,302,23.334982,87.255791,-0.0,87.255791,4.000000
302_CT_2-2,13,99.695770,0.000000,0.000000,1.000000,0.000000,0.000000,0.000000,12.439979,0.000000,63.920810,0.000000,0.000000,0.000000,302,23.334982,99.695770,-0.0,99.695770,4.000000
302_CT_2-3,13,105.367241,0.000000,0.000000,1.000000,0.000000,0.000000,0.000000,18.111450,0.000000,63.920810,0.000000,0.000000,0.000000,302,23.334982,105.367241,-0.0,105.367241,4.000000
302_CT_3-0,13,33.791603,0.000000,0.000000,1.000000,0.000000,0.000000,0.000000,0.000000,0.000000,10.456622,0.000000,0.000000,0.000000,302,23.334982,33.791603,-0.0,33.791603,22.000000
302_CT_3-1,13,33.791603,0.000000,0.000000,1.000000,0.000000,0.000000,0.000000,0.000000,0.000000,10.456622,0.000000,0.000000,0.000000,302,23.334982,33.791603,-0.0,33.791603,11.000000
302_CT_3-2,13,38.382410,0.000000,0.000000,1.000000,0.000000,0.000000,0.000000,4.590807,0.000000,10.456622,0.000000,0.000000,0.000000,302,23.334982,38.382410,-0.0,38.382410,11.000000
302_CT_3-3,13,38.635080,0.000000,0.000000,1.000000,0.000000,0.000000,0.000000,4.843476,0.000000,10.456622,0.000000,0.000000,0.000000,302,23.334982,38.635080,-0.0,38.635080,11.000000
302_CT_4-0,13,33.791603,0.000000,0.000000,1.000000,0.000000,0.000000,0.000000,0.000000,0.000000,10.456622,0.000000,0.000000,0.000000,302,23.334982,33.791603,-0.0,33.791603,22.000000
302_CT_4-1,13,33.791603,0.000000,0.000000,1.000000,0.000000,0.000000,0.000000,0.000000,0.000000,10.456622,0.000000,0.000000,0.000000,302,23.334982,33.791603,-0.0,33.791603,11.000000
302_CT_4-2,13,38.382410,0.000000,0.000000,1.000000,0.000000,0.000000,0.000000,4.590807,0.000000,10.456622,0.000000,0.000000,0.000000,302,23.334982,38.382410,-0.0,38.382410,11.000000
302_CT_4-3,13,38.635080,0.000000,0.000000,1.000000,0.000000,0.000000,0.000000,4.843476,0.000000,10.456622,0.000000,0.000000,0.000000,302,23.334982,38.635080,-0.0,38.635080,11.000000
307_CT_1-0,13,27.894691,0.000000,0.000000,1.000000,0.000000,0.000000,0.000000,0.000000,0.000000,4.559709,0.000000,0.000000,0.000000,307,23.334982,27.894691,-0.0,27.894691,22.000000
307_CT_1-1,13,27.894691,0.000000,0.000000,1.000000,0.000000,0.000000,0.000000,0.000000,0.000000,4.559709,0.000000,0.000000,0.000000,307,23.334982,27.894691,-0.0,27.894691,11.000000
307_CT_1-2,13,29.220233,0.000000,0.000000,1.000000,0.000000,0.000000,0.000000,1.325542,0.000000,4.559709,0.000000,0.000000,0.000000,307,23.334982,29.220233,-0.0,29.220233,11.000000
307_CT_1-3,13,35.474770,0.000000,0.000000,1.000000,0.000000,0.000000,0.000000,7.580079,0.000000,4.559709,0.000000,0.000000,0.000000,307,23.334982,35.474770,-0.0,35.474770,11.000000
307_CT_2-0,13,27.894691,0.000000,0.000000,1.000000,0.000000,0.000000,0.000000,0.000000,0.000000,4.559709,0.000000,0.000000,0.000000,307,23.334982,27.894691,-0.0,27.894691,22.000000
307_CT_2-1,13,27.894691,0.000000,0.000000,1.000000,0.000000,0.000000,0.000000,0.000000,0.000000,4.559709,0.000000,0.000000,0.000000,307,23.334982,27.894691,-0.0,27.894691,11.000000
307_CT_2-2,13,29.220233,0.000000,0.000000,1.000000,0.000000,0.000000,0.000000,1.325542,0.000000,4.559709,0.000000,0.000000,0.000000,307,23.334982,29.220233,-0.0,29.220233,11.000000
307_CT_2-3,13,35.474770,0.000000,0.000000,1.000000,0.000000,0.000000,0.000000,7.580079,0.000000,4.559709,0.000000,0.000000,0.000000,307,23.334982,35.474770,-0.0,35.474770,11.000000
313_CC_1-0,13,15.731579,170.000000,36.823878,1.000000,0.000000,0.000000,7.603402,0.000000,0.000000,0.000000,0.000000,0.000000,0.000000,313,23.334982,15.731579,1292.57851,15.731579,170.000000
313_CC_1-1,13,15.731579,61.666667,13.357681,1.000000,0.000000,0.000000,7.603402,0.000000,0.000000,0.000000,0.000000,0.000000,0.000000,313,23.334982,15.731579,468.876520867801,15.731579,61.666667
313_CC_1-2,13,26.755735,0.000000,0.000000,1.000000,0.000000,0.000000,0.000000,3.420754,0.000000,0.000000,0.000000,0.000000,0.000000,313,23.334982,26.755735,-0.0,26.755735,61.666667
313_CC_1-3,13,33.752731,0.000000,0.000000,1.000000,0.000000,0.000000,0.000000,10.417750,0.000000,0.000000,0.000000,0.000000,0.000000,313,23.334982,33.752731,-0.0,33.752731,61.666667
315_STEAM_1-0,13,75.436777,0.000000,0.000000,1.000000,0.000000,0.000000,0.000000,0.000000,0.000000,52.101795,0.000000,0.000000,0.000000,315,23.334982,75.436777,-0.0,75.436777,5.000000
315_STEAM_1-1,13,75.436777,0.000000,0.000000,1.000000,0.000000,0.000000,0.000000,0.000000,0.000000,52.101795,0.000000,0.000000,0.000000,315,23.334982,75.436777,-0.0,75.436777,2.333333
315_STEAM_1-2,13,100.399529,0.000000,0.000000,1.000000,0.000000,0.000000,0.000000,24.962753,0.000000,52.101795,0.000000,0.000000,0.000000,315,23.334982,100.399529,-0.0,100.399529,2.333333
315_STEAM_1-3,13,124.099655,0.000000,0.000000,1.000000,0.000000,0.000000,0.000000,48.662879,0.000000,52.101795,0.000000,0.000000,0.000000,315,23.334982,124.099655,-0.0,124.099655,2.333333
315_STEAM_2-0,13,75.436777,0.000000,0.000000,1.000000,0.000000,0.000000,0.000000,0.000000,0.000000,52.101795,0.000000,0.000000,0.000000,315,23.334982,75.436777,-0.0,75.436777,5.000000
315_STEAM_2-1,13,75.436777,0.000000,0.000000,1.000000,0.000000,0.000000,0.000000,0.000000,0.000000,52.101795,0.000000,0.000000,0.000000,315,23.334982,75.436777,-0.0,75.436777,2.333333
315_STEAM_2-2,13,100.399529,0.000000,0.000000,1.000000,0.000000,0.000000,0.000000,24.962753,0.000000,52.101795,0.000000,0.000000,0.000000,315,23.334982,100.399529,-0.0,100.399529,2.333333
315_STEAM_2-3,13,124.099655,0.000000,0.000000,1.000000,0.000000,0.000000,0.000000,48.662879,0.000000,52.101795,0.000000,0.000000,0.000000,315,23.334982,124.099655,-0.0,124.099655,2.333333
315_STEAM_3-0,13,75.436777,0.000000,0.000000,1.000000,0.000000,0.000000,0.000000,0.000000,0.000000,52.101795,0.000000,0.000000,0.000000,315,23.334982,75.436777,-0.0,75.436777,5.000000
315_STEAM_3-1,13,75.436777,0.000000,0.000000,1.000000,0.000000,0.000000,0.000000,0.000000,0.000000,52.101795,0.000000,0.000000,0.000000,315,23.334982,75.436777,-0.0,75.436777,2.333333
315_STEAM_3-2,13,100.399529,0.000000,0.000000,1.000000,0.000000,0.000000,0.000000,24.962753,0.000000,52.101795,0.000000,0.000000,0.000000,315,23.334982,100.399529,-0.0,100.399529,2.333333
315_STEAM_3-3,13,124.099655,0.000000,0.000000,1.000000,0.000000,0.000000,0.000000,48.662879,0.000000,52.101795,0.000000,0.000000,0.000000,315,23.334982,124.099655,-0.0,124.099655,2.333333
315_STEAM_4-0,13,75.436777,0.000000,0.000000,1.000000,0.000000,0.000000,0.000000,0.000000,0.000000,52.101795,0.000000,0.000000,0.000000,315,23.334982,75.436777,-0.0,75.436777,5.000000
315_STEAM_4-1,13,75.436777,0.000000,0.000000,1.000000,0.000000,0.000000,0.000000,0.000000,0.000000,52.101795,0.000000,0.000000,0.000000,315,23.334982,75.436777,-0.0,75.436777,2.333333
315_STEAM_4-2,13,100.399529,0.000000,0.000000,1.000000,0.000000,0.000000,0.000000,24.962753,0.000000,52.101795,0.000000,0.000000,0.000000,315,23.334982,100.399529,-0.0,100.399529,2.333333
315_STEAM_4-3,13,124.099655,0.000000,0.000000,1.000000,0.000000,0.000000,0.000000,48.662879,0.000000,52.101795,0.000000,0.000000,0.000000,315,23.334982,124.099655,-0.0,124.099655,2.333333
315_STEAM_5-0,13,75.436777,0.000000,0.000000,1.000000,0.000000,0.000000,0.000000,0.000000,0.000000,52.101795,0.000000,0.000000,0.000000,315,23.334982,75.436777,-0.0,75.436777,5.000000
315_STEAM_5-1,13,75.436777,0.000000,0.000000,1.000000,0.000000,0.000000,0.000000,0.000000,0.000000,52.101795,0.000000,0.000000,0.000000,315,23.334982,75.436777,-0.0,75.436777,2.333333
315_STEAM_5-2,13,100.399529,0.000000,0.000000,1.000000,0.000000,0.000000,0.000000,24.962753,0.000000,52.101795,0.000000,0.000000,0.000000,315,23.334982,100.399529,-0.0,100.399529,2.333333
315_STEAM_5-3,13,124.099655,0.000000,0.000000,1.000000,0.000000,0.000000,0.000000,48.662879,0.000000,52.101795,0.000000,0.000000,0.000000,315,23.334982,124.099655,-0.0,124.099655,2.333333
315_CT_6-0,13,26.401998,0.000000,0.000000,1.000000,0.000000,0.000000,0.000000,0.000000,0.000000,3.067017,0.000000,0.000000,0.000000,315,23.334982,26.401998,-0.0,26.401998,22.000000
315_CT_6-1,13,26.401998,0.000000,0.000000,1.000000,0.000000,0.000000,0.000000,0.000000,0.000000,3.067017,0.000000,0.000000,0.000000,315,23.334982,26.401998,-0.0,26.401998,11.000000
315_CT_6-2,13,26.895675,0.000000,0.000000,1.000000,0.000000,0.000000,0.000000,0.493677,0.000000,3.067017,0.000000,0.000000,0.000000,315,23.334982,26.895675,-0.0,26.895675,11.000000
315_CT_6-3,13,31.855768,0.000000,0.000000,1.000000,0.000000,0.000000,0.000000,5.453770,0.000000,3.067017,0.000000,0.000000,0.000000,315,23.334982,31.855768,-0.0,31.855768,11.000000
315_CT_7-0,13,26.401998,0.000000,0.000000,1.000000,0.000000,0.000000,0.000000,0.000000,0.000000,3.067017,0.000000,0.000000,0.000000,315,23.334982,26.401998,-0.0,26.401998,22.000000
315_CT_7-1,13,26.401998,0.000000,0.000000,1.000000,0.000000,0.000000,0.000000,0.000000,0.000000,3.067017,0.000000,0.000000,0.000000,315,23.334982,26.401998,-0.0,26.401998,11.000000
315_CT_7-2,13,26.895675,0.000000,0.000000,1.000000,0.000000,0.000000,0.000000,0.493677,0.000000,3.067017,0.000000,0.000000,0.000000,315,23.334982,26.895675,-0.0,26.895675,11.000000
315_CT_7-3,13,31.855768,0.000000,0.000000,1.000000,0.000000,0.000000,0.000000,5.453770,0.000000,3.067017,0.000000,0.000000,0.000000,315,23.334982,31.855768,-0.0,31.855768,11.000000
315_CT_8-0,13,26.401998,0.000000,0.000000,1.000000,0.000000,0.000000,0.000000,0.000000,0.000000,3.067017,0.000000,0.000000,0.000000,315,23.334982,26.401998,-0.0,26.401998,22.000000
315_CT_8-1,13,26.401998,0.000000,0.000000,1.000000,0.000000,0.000000,0.000000,0.000000,0.000000,3.067017,0.000000,0.000000,0.000000,315,23.334982,26.401998,-0.0,26.401998,11.000000
315_CT_8-2,13,26.895675,0.000000,0.000000,1.000000,0.000000,0.000000,0.000000,0.493677,0.000000,3.067017,0.000000,0.000000,0.000000,315,23.334982,26.895675,-0.0,26.895675,11.000000
315_CT_8-3,13,31.855768,0.000000,0.000000,1.000000,0.000000,0.000000,0.000000,5.453770,0.000000,3.067017,0.000000,0.000000,0.000000,315,23.334982,31.855768,-0.0,31.855768,11.000000
316_STEAM_1-0,13,21.116646,62.000000,58.992715,1.000000,0.000000,0.000000,2.218336,0.000000,0.000000,0.000000,0.000000,0.000000,0.000000,316,23.334982,21.116646,137.53683200000006,21.116646,62.000000
316_STEAM_1-1,13,21.116646,31.000000,29.496357,1.000000,0.000000,0.000000,2.218336,0.000000,0.000000,0.000000,0.000000,0.000000,0.000000,316,23.334982,21.116646,68.76841600000003,21.116646,31.000000
316_STEAM_1-2,13,21.287879,31.000000,29.735541,1.000000,0.000000,0.000000,2.047102,0.000000,0.000000,0.000000,0.000000,0.000000,0.000000,316,23.334982,21.287879,63.460193,21.287879,31.000000
316_STEAM_1-3,13,27.274699,0.000000,0.000000,1.000000,0.000000,0.000000,0.000000,3.939717,0.000000,0.000000,0.000000,0.000000,0.000000,316,23.334982,27.274699,-0.0,27.274699,31.000000
318_CC_1-0,13,26.845141,0.000000,0.000000,1.000000,0.000000,0.000000,0.000000,0.000000,0.000000,3.510160,0.000000,0.000000,0.000000,318,23.334982,26.845141,-0.0,26.845141,170.000000
318_CC_1-1,13,26.845141,0.000000,0.000000,1.000000,0.000000,0.000000,0.000000,0.000000,0.000000,3.510160,0.000000,0.000000,0.000000,318,23.334982,26.845141,-0.0,26.845141,61.666667
318_CC_1-2,13,27.276623,0.000000,0.000000,1.000000,0.000000,0.000000,0.000000,0.431481,0.000000,3.510160,0.000000,0.000000,0.000000,318,23.334982,27.276623,-0.0,27.276623,61.666667
318_CC_1-3,13,31.529241,0.000000,0.000000,1.000000,0.000000,0.000000,0.000000,4.684100,0.000000,3.510160,0.000000,0.000000,0.000000,318,23.334982,31.529241,-0.0,31.529241,61.666667
321_CC_1-0,13,22.732463,170.000000,53.211277,1.000000,0.000000,0.000000,0.602519,0.000000,0.000000,0.000000,0.000000,0.000000,0.000000,321,23.334982,22.732463,102.42823000000016,22.732463,170.000000
321_CC_1-1,13,22.732463,61.666667,19.302130,1.000000,0.000000,0.000000,0.602519,0.000000,0.000000,0.000000,0.000000,0.000000,0.000000,321,23.334982,22.732463,37.155338534173055,22.732463,61.666667
321_CC_1-2,13,25.908321,0.000000,0.000000,1.000000,0.000000,0.000000,0.000000,2.573340,0.000000,0.000000,0.000000,0.000000,0.000000,321,23.334982,25.908321,-0.0,25.908321,61.666667
321_CC_1-3,13,33.947092,0.000000,0.000000,1.000000,0.000000,0.000000,0.000000,10.612111,0.000000,0.000000,0.000000,0.000000,0.000000,321,23.334982,33.947092,-0.0,33.947092,61.666667
322_CT_5-0,13,23.334982,0.000000,0.000000,1.000000,0.000000,0.000000,0.000000,0.000000,0.000000,0.000000,0.000000,0.000000,0.000000,322,23.334982,23.334982,0.0,23.334982,22.000000
322_CT_5-1,13,23.334982,0.000000,0.000000,1.000000,0.000000,0.000000,0.000000,0.000000,0.000000,0.000000,0.000000,0.000000,0.000000,322,23.334982,23.334982,0.0,23.334982,11.000000
322_CT_5-2,13,26.499179,0.000000,0.000000,1.000000,0.000000,0.000000,0.000000,3.164197,0.000000,0.000000,0.000000,0.000000,0.000000,322,23.334982,26.499179,-0.0,26.499179,11.000000
322_CT_5-3,13,27.894691,0.000000,0.000000,1.000000,0.000000,0.000000,0.000000,4.559709,0.000000,0.000000,0.000000,0.000000,0.000000,322,23.334982,27.894691,-0.0,27.894691,11.000000
322_CT_6-0,13,23.334982,0.000000,0.000000,1.000000,0.000000,0.000000,0.000000,0.000000,0.000000,0.000000,0.000000,0.000000,0.000000,322,23.334982,23.334982,0.0,23.334982,22.000000
322_CT_6-1,13,23.334982,0.000000,0.000000,1.000000,0.000000,0.000000,0.000000,0.000000,0.000000,0.000000,0.000000,0.000000,0.000000,322,23.334982,23.334982,0.0,23.334982,11.000000
322_CT_6-2,13,26.499179,0.000000,0.000000,1.000000,0.000000,0.000000,0.000000,3.164197,0.000000,0.000000,0.000000,0.000000,0.000000,322,23.334982,26.499179,-0.0,26.499179,11.000000
322_CT_6-3,13,27.894691,0.000000,0.000000,1.000000,0.000000,0.000000,0.000000,4.559709,0.000000,0.000000,0.000000,0.000000,0.000000,322,23.334982,27.894691,-0.0,27.894691,11.000000
323_CC_1-0,13,26.429209,0.000000,0.000000,1.000000,0.000000,0.000000,0.000000,0.000000,0.000000,3.094227,0.000000,0.000000,0.000000,323,23.334982,26.429209,-0.0,26.429209,170.000000
323_CC_1-1,13,26.429209,0.000000,0.000000,1.000000,0.000000,0.000000,0.000000,0.000000,0.000000,3.094227,0.000000,0.000000,0.000000,323,23.334982,26.429209,-0.0,26.429209,61.666667
323_CC_1-2,13,30.277557,0.000000,0.000000,1.000000,0.000000,0.000000,0.000000,3.848348,0.000000,3.094227,0.000000,0.000000,0.000000,323,23.334982,30.277557,-0.0,30.277557,61.666667
323_CC_1-3,13,31.727490,0.000000,0.000000,1.000000,0.000000,0.000000,0.000000,5.298281,0.000000,3.094227,0.000000,0.000000,0.000000,323,23.334982,31.727490,-0.0,31.727490,61.666667
323_CC_2-0,13,26.429209,0.000000,0.000000,1.000000,0.000000,0.000000,0.000000,0.000000,0.000000,3.094227,0.000000,0.000000,0.000000,323,23.334982,26.429209,-0.0,26.429209,170.000000
323_CC_2-1,13,26.429209,0.000000,0.000000,1.000000,0.000000,0.000000,0.000000,0.000000,0.000000,3.094227,0.000000,0.000000,0.000000,323,23.334982,26.429209,-0.0,26.429209,61.666667
323_CC_2-2,13,30.277557,0.000000,0.000000,1.000000,0.000000,0.000000,0.000000,3.848348,0.000000,3.094227,0.000000,0.000000,0.000000,323,23.334982,30.277557,-0.0,30.277557,61.666667
323_CC_2-3,13,31.727490,0.000000,0.000000,1.000000,0.000000,0.000000,0.000000,5.298281,0.000000,3.094227,0.000000,0.000000,0.000000,323,23.334982,31.727490,-0.0,31.727490,61.666667
322_HYDRO_1-0,13,0.000000,33.670833,0.000000,1.000000,0.000000,0.000000,23.334982,0.000000,0.000000,0.000000,0.000000,0.000000,0.000000,322,23.334982,0.000000,785.7082819800061,0.000000,33.670833
322_HYDRO_1-1,13,0.000000,0.000000,0.000000,1.000000,0.000000,0.000000,23.334982,0.000000,0.000000,0.000000,0.000000,0.000000,0.000000,322,23.334982,0.000000,0.0,0.000000,0.000000
322_HYDRO_1-2,13,0.000000,0.000000,0.000000,1.000000,0.000000,0.000000,23.334982,0.000000,0.000000,0.000000,0.000000,0.000000,0.000000,322,23.334982,0.000000,0.0,0.000000,0.000000
322_HYDRO_1-3,13,0.000000,0.000000,0.000000,1.000000,0.000000,0.000000,23.334982,0.000000,0.000000,0.000000,0.000000,0.000000,0.000000,322,23.334982,0.000000,0.0,0.000000,0.000000
322_HYDRO_2-0,13,0.000000,33.670833,0.000000,1.000000,0.000000,0.000000,23.334982,0.000000,0.000000,0.000000,0.000000,0.000000,0.000000,322,23.334982,0.000000,785.7082819800061,0.000000,33.670833
322_HYDRO_2-1,13,0.000000,0.000000,0.000000,1.000000,0.000000,0.000000,23.334982,0.000000,0.000000,0.000000,0.000000,0.000000,0.000000,322,23.334982,0.000000,0.0,0.000000,0.000000
322_HYDRO_2-2,13,0.000000,0.000000,0.000000,1.000000,0.000000,0.000000,23.334982,0.000000,0.000000,0.000000,0.000000,0.000000,0.000000,322,23.334982,0.000000,0.0,0.000000,0.000000
322_HYDRO_2-3,13,0.000000,0.000000,0.000000,1.000000,0.000000,0.000000,23.334982,0.000000,0.000000,0.000000,0.000000,0.000000,0.000000,322,23.334982,0.000000,0.0,0.000000,0.000000
322_HYDRO_3-0,13,0.000000,33.670833,0.000000,1.000000,0.000000,0.000000,23.334982,0.000000,0.000000,0.000000,0.000000,0.000000,0.000000,322,23.334982,0.000000,785.7082819800061,0.000000,33.670833
322_HYDRO_3-1,13,0.000000,0.000000,0.000000,1.000000,0.000000,0.000000,23.334982,0.000000,0.000000,0.000000,0.000000,0.000000,0.000000,322,23.334982,0.000000,0.0,0.000000,0.000000
322_HYDRO_3-2,13,0.000000,0.000000,0.000000,1.000000,0.000000,0.000000,23.334982,0.000000,0.000000,0.000000,0.000000,0.000000,0.000000,322,23.334982,0.000000,0.0,0.000000,0.000000
322_HYDRO_3-3,13,0.000000,0.000000,0.000000,1.000000,0.000000,0.000000,23.334982,0.000000,0.000000,0.000000,0.000000,0.000000,0.000000,322,23.334982,0.000000,0.0,0.000000,0.000000
322_HYDRO_4-0,13,0.000000,33.670833,0.000000,1.000000,0.000000,0.000000,23.334982,0.000000,0.000000,0.000000,0.000000,0.000000,0.000000,322,23.334982,0.000000,785.7082819800061,0.000000,33.670833
322_HYDRO_4-1,13,0.000000,0.000000,0.000000,1.000000,0.000000,0.000000,23.334982,0.000000,0.000000,0.000000,0.000000,0.000000,0.000000,322,23.334982,0.000000,0.0,0.000000,0.000000
322_HYDRO_4-2,13,0.000000,0.000000,0.000000,1.000000,0.000000,0.000000,23.334982,0.000000,0.000000,0.000000,0.000000,0.000000,0.000000,322,23.334982,0.000000,0.0,0.000000,0.000000
322_HYDRO_4-3,13,0.000000,0.000000,0.000000,1.000000,0.000000,0.000000,23.334982,0.000000,0.000000,0.000000,0.000000,0.000000,0.000000,322,23.334982,0.000000,0.0,0.000000,0.000000
301_CT_1-0,14,87.255791,0.000000,0.000000,1.000000,0.000000,0.000000,0.000000,0.000000,0.000000,63.920810,0.000000,0.000000,0.000000,301,23.334982,87.255791,-0.0,87.255791,8.000000
301_CT_1-1,14,87.255791,0.000000,0.000000,1.000000,0.000000,0.000000,0.000000,0.000000,0.000000,63.920810,0.000000,0.000000,0.000000,301,23.334982,87.255791,-0.0,87.255791,4.000000
301_CT_1-2,14,99.695770,0.000000,0.000000,1.000000,0.000000,0.000000,0.000000,12.439979,0.000000,63.920810,0.000000,0.000000,0.000000,301,23.334982,99.695770,-0.0,99.695770,4.000000
301_CT_1-3,14,105.367241,0.000000,0.000000,1.000000,0.000000,0.000000,0.000000,18.111450,0.000000,63.920810,0.000000,0.000000,0.000000,301,23.334982,105.367241,-0.0,105.367241,4.000000
301_CT_2-0,14,87.255791,0.000000,0.000000,1.000000,0.000000,0.000000,0.000000,0.000000,0.000000,63.920810,0.000000,0.000000,0.000000,301,23.334982,87.255791,-0.0,87.255791,8.000000
301_CT_2-1,14,87.255791,0.000000,0.000000,1.000000,0.000000,0.000000,0.000000,0.000000,0.000000,63.920810,0.000000,0.000000,0.000000,301,23.334982,87.255791,-0.0,87.255791,4.000000
301_CT_2-2,14,99.695770,0.000000,0.000000,1.000000,0.000000,0.000000,0.000000,12.439979,0.000000,63.920810,0.000000,0.000000,0.000000,301,23.334982,99.695770,-0.0,99.695770,4.000000
301_CT_2-3,14,105.367241,0.000000,0.000000,1.000000,0.000000,0.000000,0.000000,18.111450,0.000000,63.920810,0.000000,0.000000,0.000000,301,23.334982,105.367241,-0.0,105.367241,4.000000
301_CT_3-0,14,28.469999,0.000000,0.000000,1.000000,0.000000,0.000000,0.000000,0.000000,0.000000,5.135018,0.000000,0.000000,0.000000,301,23.334982,28.469999,-0.0,28.469999,22.000000
301_CT_3-1,14,28.469999,0.000000,0.000000,1.000000,0.000000,0.000000,0.000000,0.000000,0.000000,5.135018,0.000000,0.000000,0.000000,301,23.334982,28.469999,-0.0,28.469999,11.000000
301_CT_3-2,14,29.286315,0.000000,0.000000,1.000000,0.000000,0.000000,0.000000,0.816316,0.000000,5.135018,0.000000,0.000000,0.000000,301,23.334982,29.286315,-0.0,29.286315,11.000000
301_CT_3-3,14,43.742887,0.000000,0.000000,1.000000,0.000000,0.000000,0.000000,15.272887,0.000000,5.135018,0.000000,0.000000,0.000000,301,23.334982,43.742887,-0.0,43.742887,11.000000
301_CT_4-0,14,28.469999,0.000000,0.000000,1.000000,0.000000,0.000000,0.000000,0.000000,0.000000,5.135018,0.000000,0.000000,0.000000,301,23.334982,28.469999,-0.0,28.469999,22.000000
301_CT_4-1,14,28.469999,0.000000,0.000000,1.000000,0.000000,0.000000,0.000000,0.000000,0.000000,5.135018,0.000000,0.000000,0.000000,301,23.334982,28.469999,-0.0,28.469999,11.000000
301_CT_4-2,14,29.286315,0.000000,0.000000,1.000000,0.000000,0.000000,0.000000,0.816316,0.000000,5.135018,0.000000,0.000000,0.000000,301,23.334982,29.286315,-0.0,29.286315,11.000000
301_CT_4-3,14,43.742887,0.000000,0.000000,1.000000,0.000000,0.000000,0.000000,15.272887,0.000000,5.135018,0.000000,0.000000,0.000000,301,23.334982,43.742887,-0.0,43.742887,11.000000
302_CT_1-0,14,87.255791,0.000000,0.000000,1.000000,0.000000,0.000000,0.000000,0.000000,0.000000,63.920810,0.000000,0.000000,0.000000,302,23.334982,87.255791,-0.0,87.255791,8.000000
302_CT_1-1,14,87.255791,0.000000,0.000000,1.000000,0.000000,0.000000,0.000000,0.000000,0.000000,63.920810,0.000000,0.000000,0.000000,302,23.334982,87.255791,-0.0,87.255791,4.000000
302_CT_1-2,14,99.695770,0.000000,0.000000,1.000000,0.000000,0.000000,0.000000,12.439979,0.000000,63.920810,0.000000,0.000000,0.000000,302,23.334982,99.695770,-0.0,99.695770,4.000000
302_CT_1-3,14,105.367241,0.000000,0.000000,1.000000,0.000000,0.000000,0.000000,18.111450,0.000000,63.920810,0.000000,0.000000,0.000000,302,23.334982,105.367241,-0.0,105.367241,4.000000
302_CT_2-0,14,87.255791,0.000000,0.000000,1.000000,0.000000,0.000000,0.000000,0.000000,0.000000,63.920810,0.000000,0.000000,0.000000,302,23.334982,87.255791,-0.0,87.255791,8.000000
302_CT_2-1,14,87.255791,0.000000,0.000000,1.000000,0.000000,0.000000,0.000000,0.000000,0.000000,63.920810,0.000000,0.000000,0.000000,302,23.334982,87.255791,-0.0,87.255791,4.000000
302_CT_2-2,14,99.695770,0.000000,0.000000,1.000000,0.000000,0.000000,0.000000,12.439979,0.000000,63.920810,0.000000,0.000000,0.000000,302,23.334982,99.695770,-0.0,99.695770,4.000000
302_CT_2-3,14,105.367241,0.000000,0.000000,1.000000,0.000000,0.000000,0.000000,18.111450,0.000000,63.920810,0.000000,0.000000,0.000000,302,23.334982,105.367241,-0.0,105.367241,4.000000
302_CT_3-0,14,33.791603,0.000000,0.000000,1.000000,0.000000,0.000000,0.000000,0.000000,0.000000,10.456622,0.000000,0.000000,0.000000,302,23.334982,33.791603,-0.0,33.791603,22.000000
302_CT_3-1,14,33.791603,0.000000,0.000000,1.000000,0.000000,0.000000,0.000000,0.000000,0.000000,10.456622,0.000000,0.000000,0.000000,302,23.334982,33.791603,-0.0,33.791603,11.000000
302_CT_3-2,14,38.382410,0.000000,0.000000,1.000000,0.000000,0.000000,0.000000,4.590807,0.000000,10.456622,0.000000,0.000000,0.000000,302,23.334982,38.382410,-0.0,38.382410,11.000000
302_CT_3-3,14,38.635080,0.000000,0.000000,1.000000,0.000000,0.000000,0.000000,4.843476,0.000000,10.456622,0.000000,0.000000,0.000000,302,23.334982,38.635080,-0.0,38.635080,11.000000
302_CT_4-0,14,33.791603,0.000000,0.000000,1.000000,0.000000,0.000000,0.000000,0.000000,0.000000,10.456622,0.000000,0.000000,0.000000,302,23.334982,33.791603,-0.0,33.791603,22.000000
302_CT_4-1,14,33.791603,0.000000,0.000000,1.000000,0.000000,0.000000,0.000000,0.000000,0.000000,10.456622,0.000000,0.000000,0.000000,302,23.334982,33.791603,-0.0,33.791603,11.000000
302_CT_4-2,14,38.382410,0.000000,0.000000,1.000000,0.000000,0.000000,0.000000,4.590807,0.000000,10.456622,0.000000,0.000000,0.000000,302,23.334982,38.382410,-0.0,38.382410,11.000000
302_CT_4-3,14,38.635080,0.000000,0.000000,1.000000,0.000000,0.000000,0.000000,4.843476,0.000000,10.456622,0.000000,0.000000,0.000000,302,23.334982,38.635080,-0.0,38.635080,11.000000
307_CT_1-0,14,27.894691,0.000000,0.000000,1.000000,0.000000,0.000000,0.000000,0.000000,0.000000,4.559709,0.000000,0.000000,0.000000,307,23.334982,27.894691,-0.0,27.894691,22.000000
307_CT_1-1,14,27.894691,0.000000,0.000000,1.000000,0.000000,0.000000,0.000000,0.000000,0.000000,4.559709,0.000000,0.000000,0.000000,307,23.334982,27.894691,-0.0,27.894691,11.000000
307_CT_1-2,14,29.220233,0.000000,0.000000,1.000000,0.000000,0.000000,0.000000,1.325542,0.000000,4.559709,0.000000,0.000000,0.000000,307,23.334982,29.220233,-0.0,29.220233,11.000000
307_CT_1-3,14,35.474770,0.000000,0.000000,1.000000,0.000000,0.000000,0.000000,7.580079,0.000000,4.559709,0.000000,0.000000,0.000000,307,23.334982,35.474770,-0.0,35.474770,11.000000
307_CT_2-0,14,27.894691,0.000000,0.000000,1.000000,0.000000,0.000000,0.000000,0.000000,0.000000,4.559709,0.000000,0.000000,0.000000,307,23.334982,27.894691,-0.0,27.894691,22.000000
307_CT_2-1,14,27.894691,0.000000,0.000000,1.000000,0.000000,0.000000,0.000000,0.000000,0.000000,4.559709,0.000000,0.000000,0.000000,307,23.334982,27.894691,-0.0,27.894691,11.000000
307_CT_2-2,14,29.220233,0.000000,0.000000,1.000000,0.000000,0.000000,0.000000,1.325542,0.000000,4.559709,0.000000,0.000000,0.000000,307,23.334982,29.220233,-0.0,29.220233,11.000000
307_CT_2-3,14,35.474770,0.000000,0.000000,1.000000,0.000000,0.000000,0.000000,7.580079,0.000000,4.559709,0.000000,0.000000,0.000000,307,23.334982,35.474770,-0.0,35.474770,11.000000
313_CC_1-0,14,15.731579,170.000000,36.823878,1.000000,0.000000,0.000000,7.603402,0.000000,0.000000,0.000000,0.000000,0.000000,0.000000,313,23.334982,15.731579,1292.57851,15.731579,170.000000
313_CC_1-1,14,15.731579,61.666667,13.357681,1.000000,0.000000,0.000000,7.603402,0.000000,0.000000,0.000000,0.000000,0.000000,0.000000,313,23.334982,15.731579,468.876520867801,15.731579,61.666667
313_CC_1-2,14,26.755735,0.000000,0.000000,1.000000,0.000000,0.000000,0.000000,3.420754,0.000000,0.000000,0.000000,0.000000,0.000000,313,23.334982,26.755735,-0.0,26.755735,61.666667
313_CC_1-3,14,33.752731,0.000000,0.000000,1.000000,0.000000,0.000000,0.000000,10.417750,0.000000,0.000000,0.000000,0.000000,0.000000,313,23.334982,33.752731,-0.0,33.752731,61.666667
315_STEAM_1-0,14,75.436777,0.000000,0.000000,1.000000,0.000000,0.000000,0.000000,0.000000,0.000000,52.101795,0.000000,0.000000,0.000000,315,23.334982,75.436777,-0.0,75.436777,5.000000
315_STEAM_1-1,14,75.436777,0.000000,0.000000,1.000000,0.000000,0.000000,0.000000,0.000000,0.000000,52.101795,0.000000,0.000000,0.000000,315,23.334982,75.436777,-0.0,75.436777,2.333333
315_STEAM_1-2,14,100.399529,0.000000,0.000000,1.000000,0.000000,0.000000,0.000000,24.962753,0.000000,52.101795,0.000000,0.000000,0.000000,315,23.334982,100.399529,-0.0,100.399529,2.333333
315_STEAM_1-3,14,124.099655,0.000000,0.000000,1.000000,0.000000,0.000000,0.000000,48.662879,0.000000,52.101795,0.000000,0.000000,0.000000,315,23.334982,124.099655,-0.0,124.099655,2.333333
315_STEAM_2-0,14,75.436777,0.000000,0.000000,1.000000,0.000000,0.000000,0.000000,0.000000,0.000000,52.101795,0.000000,0.000000,0.000000,315,23.334982,75.436777,-0.0,75.436777,5.000000
315_STEAM_2-1,14,75.436777,0.000000,0.000000,1.000000,0.000000,0.000000,0.000000,0.000000,0.000000,52.101795,0.000000,0.000000,0.000000,315,23.334982,75.436777,-0.0,75.436777,2.333333
315_STEAM_2-2,14,100.399529,0.000000,0.000000,1.000000,0.000000,0.000000,0.000000,24.962753,0.000000,52.101795,0.000000,0.000000,0.000000,315,23.334982,100.399529,-0.0,100.399529,2.333333
315_STEAM_2-3,14,124.099655,0.000000,0.000000,1.000000,0.000000,0.000000,0.000000,48.662879,0.000000,52.101795,0.000000,0.000000,0.000000,315,23.334982,124.099655,-0.0,124.099655,2.333333
315_STEAM_3-0,14,75.436777,0.000000,0.000000,1.000000,0.000000,0.000000,0.000000,0.000000,0.000000,52.101795,0.000000,0.000000,0.000000,315,23.334982,75.436777,-0.0,75.436777,5.000000
315_STEAM_3-1,14,75.436777,0.000000,0.000000,1.000000,0.000000,0.000000,0.000000,0.000000,0.000000,52.101795,0.000000,0.000000,0.000000,315,23.334982,75.436777,-0.0,75.436777,2.333333
315_STEAM_3-2,14,100.399529,0.000000,0.000000,1.000000,0.000000,0.000000,0.000000,24.962753,0.000000,52.101795,0.000000,0.000000,0.000000,315,23.334982,100.399529,-0.0,100.399529,2.333333
315_STEAM_3-3,14,124.099655,0.000000,0.000000,1.000000,0.000000,0.000000,0.000000,48.662879,0.000000,52.101795,0.000000,0.000000,0.000000,315,23.334982,124.099655,-0.0,124.099655,2.333333
315_STEAM_4-0,14,75.436777,0.000000,0.000000,1.000000,0.000000,0.000000,0.000000,0.000000,0.000000,52.101795,0.000000,0.000000,0.000000,315,23.334982,75.436777,-0.0,75.436777,5.000000
315_STEAM_4-1,14,75.436777,0.000000,0.000000,1.000000,0.000000,0.000000,0.000000,0.000000,0.000000,52.101795,0.000000,0.000000,0.000000,315,23.334982,75.436777,-0.0,75.436777,2.333333
315_STEAM_4-2,14,100.399529,0.000000,0.000000,1.000000,0.000000,0.000000,0.000000,24.962753,0.000000,52.101795,0.000000,0.000000,0.000000,315,23.334982,100.399529,-0.0,100.399529,2.333333
315_STEAM_4-3,14,124.099655,0.000000,0.000000,1.000000,0.000000,0.000000,0.000000,48.662879,0.000000,52.101795,0.000000,0.000000,0.000000,315,23.334982,124.099655,-0.0,124.099655,2.333333
315_STEAM_5-0,14,75.436777,0.000000,0.000000,1.000000,0.000000,0.000000,0.000000,0.000000,0.000000,52.101795,0.000000,0.000000,0.000000,315,23.334982,75.436777,-0.0,75.436777,5.000000
315_STEAM_5-1,14,75.436777,0.000000,0.000000,1.000000,0.000000,0.000000,0.000000,0.000000,0.000000,52.101795,0.000000,0.000000,0.000000,315,23.334982,75.436777,-0.0,75.436777,2.333333
315_STEAM_5-2,14,100.399529,0.000000,0.000000,1.000000,0.000000,0.000000,0.000000,24.962753,0.000000,52.101795,0.000000,0.000000,0.000000,315,23.334982,100.399529,-0.0,100.399529,2.333333
315_STEAM_5-3,14,124.099655,0.000000,0.000000,1.000000,0.000000,0.000000,0.000000,48.662879,0.000000,52.101795,0.000000,0.000000,0.000000,315,23.334982,124.099655,-0.0,124.099655,2.333333
315_CT_6-0,14,26.401998,0.000000,0.000000,1.000000,0.000000,0.000000,0.000000,0.000000,0.000000,3.067017,0.000000,0.000000,0.000000,315,23.334982,26.401998,-0.0,26.401998,22.000000
315_CT_6-1,14,26.401998,0.000000,0.000000,1.000000,0.000000,0.000000,0.000000,0.000000,0.000000,3.067017,0.000000,0.000000,0.000000,315,23.334982,26.401998,-0.0,26.401998,11.000000
315_CT_6-2,14,26.895675,0.000000,0.000000,1.000000,0.000000,0.000000,0.000000,0.493677,0.000000,3.067017,0.000000,0.000000,0.000000,315,23.334982,26.895675,-0.0,26.895675,11.000000
315_CT_6-3,14,31.855768,0.000000,0.000000,1.000000,0.000000,0.000000,0.000000,5.453770,0.000000,3.067017,0.000000,0.000000,0.000000,315,23.334982,31.855768,-0.0,31.855768,11.000000
315_CT_7-0,14,26.401998,0.000000,0.000000,1.000000,0.000000,0.000000,0.000000,0.000000,0.000000,3.067017,0.000000,0.000000,0.000000,315,23.334982,26.401998,-0.0,26.401998,22.000000
315_CT_7-1,14,26.401998,0.000000,0.000000,1.000000,0.000000,0.000000,0.000000,0.000000,0.000000,3.067017,0.000000,0.000000,0.000000,315,23.334982,26.401998,-0.0,26.401998,11.000000
315_CT_7-2,14,26.895675,0.000000,0.000000,1.000000,0.000000,0.000000,0.000000,0.493677,0.000000,3.067017,0.000000,0.000000,0.000000,315,23.334982,26.895675,-0.0,26.895675,11.000000
315_CT_7-3,14,31.855768,0.000000,0.000000,1.000000,0.000000,0.000000,0.000000,5.453770,0.000000,3.067017,0.000000,0.000000,0.000000,315,23.334982,31.855768,-0.0,31.855768,11.000000
315_CT_8-0,14,26.401998,0.000000,0.000000,1.000000,0.000000,0.000000,0.000000,0.000000,0.000000,3.067017,0.000000,0.000000,0.000000,315,23.334982,26.401998,-0.0,26.401998,22.000000
315_CT_8-1,14,26.401998,0.000000,0.000000,1.000000,0.000000,0.000000,0.000000,0.000000,0.000000,3.067017,0.000000,0.000000,0.000000,315,23.334982,26.401998,-0.0,26.401998,11.000000
315_CT_8-2,14,26.895675,0.000000,0.000000,1.000000,0.000000,0.000000,0.000000,0.493677,0.000000,3.067017,0.000000,0.000000,0.000000,315,23.334982,26.895675,-0.0,26.895675,11.000000
315_CT_8-3,14,31.855768,0.000000,0.000000,1.000000,0.000000,0.000000,0.000000,5.453770,0.000000,3.067017,0.000000,0.000000,0.000000,315,23.334982,31.855768,-0.0,31.855768,11.000000
316_STEAM_1-0,14,21.116646,62.000000,58.992715,1.000000,0.000000,0.000000,2.218336,0.000000,0.000000,0.000000,0.000000,0.000000,0.000000,316,23.334982,21.116646,137.53683200000006,21.116646,62.000000
316_STEAM_1-1,14,21.116646,31.000000,29.496357,1.000000,0.000000,0.000000,2.218336,0.000000,0.000000,0.000000,0.000000,0.000000,0.000000,316,23.334982,21.116646,68.76841600000003,21.116646,31.000000
316_STEAM_1-2,14,21.287879,31.000000,29.735541,1.000000,0.000000,0.000000,2.047102,0.000000,0.000000,0.000000,0.000000,0.000000,0.000000,316,23.334982,21.287879,63.460193,21.287879,31.000000
316_STEAM_1-3,14,27.274699,0.000000,0.000000,1.000000,0.000000,0.000000,0.000000,3.939717,0.000000,0.000000,0.000000,0.000000,0.000000,316,23.334982,27.274699,-0.0,27.274699,31.000000
318_CC_1-0,14,26.845141,0.000000,0.000000,1.000000,0.000000,0.000000,0.000000,0.000000,0.000000,3.510160,0.000000,0.000000,0.000000,318,23.334982,26.845141,-0.0,26.845141,170.000000
318_CC_1-1,14,26.845141,0.000000,0.000000,1.000000,0.000000,0.000000,0.000000,0.000000,0.000000,3.510160,0.000000,0.000000,0.000000,318,23.334982,26.845141,-0.0,26.845141,61.666667
318_CC_1-2,14,27.276623,0.000000,0.000000,1.000000,0.000000,0.000000,0.000000,0.431481,0.000000,3.510160,0.000000,0.000000,0.000000,318,23.334982,27.276623,-0.0,27.276623,61.666667
318_CC_1-3,14,31.529241,0.000000,0.000000,1.000000,0.000000,0.000000,0.000000,4.684100,0.000000,3.510160,0.000000,0.000000,0.000000,318,23.334982,31.529241,-0.0,31.529241,61.666667
321_CC_1-0,14,22.732463,170.000000,53.211277,1.000000,0.000000,0.000000,0.602519,0.000000,0.000000,0.000000,0.000000,0.000000,0.000000,321,23.334982,22.732463,102.42823000000016,22.732463,170.000000
321_CC_1-1,14,22.732463,61.666667,19.302130,1.000000,0.000000,0.000000,0.602519,0.000000,0.000000,0.000000,0.000000,0.000000,0.000000,321,23.334982,22.732463,37.155338534173055,22.732463,61.666667
321_CC_1-2,14,25.908321,0.000000,0.000000,1.000000,0.000000,0.000000,0.000000,2.573340,0.000000,0.000000,0.000000,0.000000,0.000000,321,23.334982,25.908321,-0.0,25.908321,61.666667
321_CC_1-3,14,33.947092,0.000000,0.000000,1.000000,0.000000,0.000000,0.000000,10.612111,0.000000,0.000000,0.000000,0.000000,0.000000,321,23.334982,33.947092,-0.0,33.947092,61.666667
322_CT_5-0,14,23.334982,0.000000,0.000000,1.000000,0.000000,0.000000,0.000000,0.000000,0.000000,0.000000,0.000000,0.000000,0.000000,322,23.334982,23.334982,0.0,23.334982,22.000000
322_CT_5-1,14,23.334982,0.000000,0.000000,1.000000,0.000000,0.000000,0.000000,0.000000,0.000000,0.000000,0.000000,0.000000,0.000000,322,23.334982,23.334982,0.0,23.334982,11.000000
322_CT_5-2,14,26.499179,0.000000,0.000000,1.000000,0.000000,0.000000,0.000000,3.164197,0.000000,0.000000,0.000000,0.000000,0.000000,322,23.334982,26.499179,-0.0,26.499179,11.000000
322_CT_5-3,14,27.894691,0.000000,0.000000,1.000000,0.000000,0.000000,0.000000,4.559709,0.000000,0.000000,0.000000,0.000000,0.000000,322,23.334982,27.894691,-0.0,27.894691,11.000000
322_CT_6-0,14,23.334982,0.000000,0.000000,1.000000,0.000000,0.000000,0.000000,0.000000,0.000000,0.000000,0.000000,0.000000,0.000000,322,23.334982,23.334982,0.0,23.334982,22.000000
322_CT_6-1,14,23.334982,0.000000,0.000000,1.000000,0.000000,0.000000,0.000000,0.000000,0.000000,0.000000,0.000000,0.000000,0.000000,322,23.334982,23.334982,0.0,23.334982,11.000000
322_CT_6-2,14,26.499179,0.000000,0.000000,1.000000,0.000000,0.000000,0.000000,3.164197,0.000000,0.000000,0.000000,0.000000,0.000000,322,23.334982,26.499179,-0.0,26.499179,11.000000
322_CT_6-3,14,27.894691,0.000000,0.000000,1.000000,0.000000,0.000000,0.000000,4.559709,0.000000,0.000000,0.000000,0.000000,0.000000,322,23.334982,27.894691,-0.0,27.894691,11.000000
323_CC_1-0,14,26.429209,0.000000,0.000000,1.000000,0.000000,0.000000,0.000000,0.000000,0.000000,3.094227,0.000000,0.000000,0.000000,323,23.334982,26.429209,-0.0,26.429209,170.000000
323_CC_1-1,14,26.429209,0.000000,0.000000,1.000000,0.000000,0.000000,0.000000,0.000000,0.000000,3.094227,0.000000,0.000000,0.000000,323,23.334982,26.429209,-0.0,26.429209,61.666667
323_CC_1-2,14,30.277557,0.000000,0.000000,1.000000,0.000000,0.000000,0.000000,3.848348,0.000000,3.094227,0.000000,0.000000,0.000000,323,23.334982,30.277557,-0.0,30.277557,61.666667
323_CC_1-3,14,31.727490,0.000000,0.000000,1.000000,0.000000,0.000000,0.000000,5.298281,0.000000,3.094227,0.000000,0.000000,0.000000,323,23.334982,31.727490,-0.0,31.727490,61.666667
323_CC_2-0,14,26.429209,0.000000,0.000000,1.000000,0.000000,0.000000,0.000000,0.000000,0.000000,3.094227,0.000000,0.000000,0.000000,323,23.334982,26.429209,-0.0,26.429209,170.000000
323_CC_2-1,14,26.429209,0.000000,0.000000,1.000000,0.000000,0.000000,0.000000,0.000000,0.000000,3.094227,0.000000,0.000000,0.000000,323,23.334982,26.429209,-0.0,26.429209,61.666667
323_CC_2-2,14,30.277557,0.000000,0.000000,1.000000,0.000000,0.000000,0.000000,3.848348,0.000000,3.094227,0.000000,0.000000,0.000000,323,23.334982,30.277557,-0.0,30.277557,61.666667
323_CC_2-3,14,31.727490,0.000000,0.000000,1.000000,0.000000,0.000000,0.000000,5.298281,0.000000,3.094227,0.000000,0.000000,0.000000,323,23.334982,31.727490,-0.0,31.727490,61.666667
322_HYDRO_1-0,14,0.000000,30.795833,0.000000,1.000000,0.000000,0.000000,23.334982,0.000000,0.000000,0.000000,0.000000,0.000000,0.000000,322,23.334982,0.000000,718.620208730006,0.000000,30.795833
322_HYDRO_1-1,14,0.000000,0.000000,0.000000,1.000000,0.000000,0.000000,23.334982,0.000000,0.000000,0.000000,0.000000,0.000000,0.000000,322,23.334982,0.000000,0.0,0.000000,0.000000
322_HYDRO_1-2,14,0.000000,0.000000,0.000000,1.000000,0.000000,0.000000,23.334982,0.000000,0.000000,0.000000,0.000000,0.000000,0.000000,322,23.334982,0.000000,0.0,0.000000,0.000000
322_HYDRO_1-3,14,0.000000,0.000000,0.000000,1.000000,0.000000,0.000000,23.334982,0.000000,0.000000,0.000000,0.000000,0.000000,0.000000,322,23.334982,0.000000,0.0,0.000000,0.000000
322_HYDRO_2-0,14,0.000000,30.795833,0.000000,1.000000,0.000000,0.000000,23.334982,0.000000,0.000000,0.000000,0.000000,0.000000,0.000000,322,23.334982,0.000000,718.620208730006,0.000000,30.795833
322_HYDRO_2-1,14,0.000000,0.000000,0.000000,1.000000,0.000000,0.000000,23.334982,0.000000,0.000000,0.000000,0.000000,0.000000,0.000000,322,23.334982,0.000000,0.0,0.000000,0.000000
322_HYDRO_2-2,14,0.000000,0.000000,0.000000,1.000000,0.000000,0.000000,23.334982,0.000000,0.000000,0.000000,0.000000,0.000000,0.000000,322,23.334982,0.000000,0.0,0.000000,0.000000
322_HYDRO_2-3,14,0.000000,0.000000,0.000000,1.000000,0.000000,0.000000,23.334982,0.000000,0.000000,0.000000,0.000000,0.000000,0.000000,322,23.334982,0.000000,0.0,0.000000,0.000000
322_HYDRO_3-0,14,0.000000,30.795833,0.000000,1.000000,0.000000,0.000000,23.334982,0.000000,0.000000,0.000000,0.000000,0.000000,0.000000,322,23.334982,0.000000,718.620208730006,0.000000,30.795833
322_HYDRO_3-1,14,0.000000,0.000000,0.000000,1.000000,0.000000,0.000000,23.334982,0.000000,0.000000,0.000000,0.000000,0.000000,0.000000,322,23.334982,0.000000,0.0,0.000000,0.000000
322_HYDRO_3-2,14,0.000000,0.000000,0.000000,1.000000,0.000000,0.000000,23.334982,0.000000,0.000000,0.000000,0.000000,0.000000,0.000000,322,23.334982,0.000000,0.0,0.000000,0.000000
322_HYDRO_3-3,14,0.000000,0.000000,0.000000,1.000000,0.000000,0.000000,23.334982,0.000000,0.000000,0.000000,0.000000,0.000000,0.000000,322,23.334982,0.000000,0.0,0.000000,0.000000
322_HYDRO_4-0,14,0.000000,30.795833,0.000000,1.000000,0.000000,0.000000,23.334982,0.000000,0.000000,0.000000,0.000000,0.000000,0.000000,322,23.334982,0.000000,718.620208730006,0.000000,30.795833
322_HYDRO_4-1,14,0.000000,0.000000,0.000000,1.000000,0.000000,0.000000,23.334982,0.000000,0.000000,0.000000,0.000000,0.000000,0.000000,322,23.334982,0.000000,0.0,0.000000,0.000000
322_HYDRO_4-2,14,0.000000,0.000000,0.000000,1.000000,0.000000,0.000000,23.334982,0.000000,0.000000,0.000000,0.000000,0.000000,0.000000,322,23.334982,0.000000,0.0,0.000000,0.000000
322_HYDRO_4-3,14,0.000000,0.000000,0.000000,1.000000,0.000000,0.000000,23.334982,0.000000,0.000000,0.000000,0.000000,0.000000,0.000000,322,23.334982,0.000000,0.0,0.000000,0.000000
301_CT_1-0,15,87.255791,0.000000,0.000000,1.000000,0.000000,0.000000,0.000000,0.000000,0.000000,64.523329,0.000000,0.000000,0.000000,301,22.732463,87.255791,-0.0,87.255791,8.000000
301_CT_1-1,15,87.255791,0.000000,0.000000,1.000000,0.000000,0.000000,0.000000,0.000000,0.000000,64.523329,0.000000,0.000000,0.000000,301,22.732463,87.255791,-0.0,87.255791,4.000000
301_CT_1-2,15,99.695770,0.000000,0.000000,1.000000,0.000000,0.000000,0.000000,12.439979,0.000000,64.523329,0.000000,0.000000,0.000000,301,22.732463,99.695770,-0.0,99.695770,4.000000
301_CT_1-3,15,105.367241,0.000000,0.000000,1.000000,0.000000,0.000000,0.000000,18.111450,0.000000,64.523329,0.000000,0.000000,0.000000,301,22.732463,105.367241,-0.0,105.367241,4.000000
301_CT_2-0,15,87.255791,0.000000,0.000000,1.000000,0.000000,0.000000,0.000000,0.000000,0.000000,64.523329,0.000000,0.000000,0.000000,301,22.732463,87.255791,-0.0,87.255791,8.000000
301_CT_2-1,15,87.255791,0.000000,0.000000,1.000000,0.000000,0.000000,0.000000,0.000000,0.000000,64.523329,0.000000,0.000000,0.000000,301,22.732463,87.255791,-0.0,87.255791,4.000000
301_CT_2-2,15,99.695770,0.000000,0.000000,1.000000,0.000000,0.000000,0.000000,12.439979,0.000000,64.523329,0.000000,0.000000,0.000000,301,22.732463,99.695770,-0.0,99.695770,4.000000
301_CT_2-3,15,105.367241,0.000000,0.000000,1.000000,0.000000,0.000000,0.000000,18.111450,0.000000,64.523329,0.000000,0.000000,0.000000,301,22.732463,105.367241,-0.0,105.367241,4.000000
301_CT_3-0,15,28.469999,0.000000,0.000000,1.000000,0.000000,0.000000,0.000000,0.000000,0.000000,5.737537,0.000000,0.000000,0.000000,301,22.732463,28.469999,-0.0,28.469999,22.000000
301_CT_3-1,15,28.469999,0.000000,0.000000,1.000000,0.000000,0.000000,0.000000,0.000000,0.000000,5.737537,0.000000,0.000000,0.000000,301,22.732463,28.469999,-0.0,28.469999,11.000000
301_CT_3-2,15,29.286315,0.000000,0.000000,1.000000,0.000000,0.000000,0.000000,0.816316,0.000000,5.737537,0.000000,0.000000,0.000000,301,22.732463,29.286315,-0.0,29.286315,11.000000
301_CT_3-3,15,43.742887,0.000000,0.000000,1.000000,0.000000,0.000000,0.000000,15.272887,0.000000,5.737537,0.000000,0.000000,0.000000,301,22.732463,43.742887,-0.0,43.742887,11.000000
301_CT_4-0,15,28.469999,0.000000,0.000000,1.000000,0.000000,0.000000,0.000000,0.000000,0.000000,5.737537,0.000000,0.000000,0.000000,301,22.732463,28.469999,-0.0,28.469999,22.000000
301_CT_4-1,15,28.469999,0.000000,0.000000,1.000000,0.000000,0.000000,0.000000,0.000000,0.000000,5.737537,0.000000,0.000000,0.000000,301,22.732463,28.469999,-0.0,28.469999,11.000000
301_CT_4-2,15,29.286315,0.000000,0.000000,1.000000,0.000000,0.000000,0.000000,0.816316,0.000000,5.737537,0.000000,0.000000,0.000000,301,22.732463,29.286315,-0.0,29.286315,11.000000
301_CT_4-3,15,43.742887,0.000000,0.000000,1.000000,0.000000,0.000000,0.000000,15.272887,0.000000,5.737537,0.000000,0.000000,0.000000,301,22.732463,43.742887,-0.0,43.742887,11.000000
302_CT_1-0,15,87.255791,0.000000,0.000000,1.000000,0.000000,0.000000,0.000000,0.000000,0.000000,64.523329,0.000000,0.000000,0.000000,302,22.732463,87.255791,-0.0,87.255791,8.000000
302_CT_1-1,15,87.255791,0.000000,0.000000,1.000000,0.000000,0.000000,0.000000,0.000000,0.000000,64.523329,0.000000,0.000000,0.000000,302,22.732463,87.255791,-0.0,87.255791,4.000000
302_CT_1-2,15,99.695770,0.000000,0.000000,1.000000,0.000000,0.000000,0.000000,12.439979,0.000000,64.523329,0.000000,0.000000,0.000000,302,22.732463,99.695770,-0.0,99.695770,4.000000
302_CT_1-3,15,105.367241,0.000000,0.000000,1.000000,0.000000,0.000000,0.000000,18.111450,0.000000,64.523329,0.000000,0.000000,0.000000,302,22.732463,105.367241,-0.0,105.367241,4.000000
302_CT_2-0,15,87.255791,0.000000,0.000000,1.000000,0.000000,0.000000,0.000000,0.000000,0.000000,64.523329,0.000000,0.000000,0.000000,302,22.732463,87.255791,-0.0,87.255791,8.000000
302_CT_2-1,15,87.255791,0.000000,0.000000,1.000000,0.000000,0.000000,0.000000,0.000000,0.000000,64.523329,0.000000,0.000000,0.000000,302,22.732463,87.255791,-0.0,87.255791,4.000000
302_CT_2-2,15,99.695770,0.000000,0.000000,1.000000,0.000000,0.000000,0.000000,12.439979,0.000000,64.523329,0.000000,0.000000,0.000000,302,22.732463,99.695770,-0.0,99.695770,4.000000
302_CT_2-3,15,105.367241,0.000000,0.000000,1.000000,0.000000,0.000000,0.000000,18.111450,0.000000,64.523329,0.000000,0.000000,0.000000,302,22.732463,105.367241,-0.0,105.367241,4.000000
302_CT_3-0,15,33.791603,0.000000,0.000000,1.000000,0.000000,0.000000,0.000000,0.000000,0.000000,11.059141,0.000000,0.000000,0.000000,302,22.732463,33.791603,-0.0,33.791603,22.000000
302_CT_3-1,15,33.791603,0.000000,0.000000,1.000000,0.000000,0.000000,0.000000,0.000000,0.000000,11.059141,0.000000,0.000000,0.000000,302,22.732463,33.791603,-0.0,33.791603,11.000000
302_CT_3-2,15,38.382410,0.000000,0.000000,1.000000,0.000000,0.000000,0.000000,4.590807,0.000000,11.059141,0.000000,0.000000,0.000000,302,22.732463,38.382410,-0.0,38.382410,11.000000
302_CT_3-3,15,38.635080,0.000000,0.000000,1.000000,0.000000,0.000000,0.000000,4.843476,0.000000,11.059141,0.000000,0.000000,0.000000,302,22.732463,38.635080,-0.0,38.635080,11.000000
302_CT_4-0,15,33.791603,0.000000,0.000000,1.000000,0.000000,0.000000,0.000000,0.000000,0.000000,11.059141,0.000000,0.000000,0.000000,302,22.732463,33.791603,-0.0,33.791603,22.000000
302_CT_4-1,15,33.791603,0.000000,0.000000,1.000000,0.000000,0.000000,0.000000,0.000000,0.000000,11.059141,0.000000,0.000000,0.000000,302,22.732463,33.791603,-0.0,33.791603,11.000000
302_CT_4-2,15,38.382410,0.000000,0.000000,1.000000,0.000000,0.000000,0.000000,4.590807,0.000000,11.059141,0.000000,0.000000,0.000000,302,22.732463,38.382410,-0.0,38.382410,11.000000
302_CT_4-3,15,38.635080,0.000000,0.000000,1.000000,0.000000,0.000000,0.000000,4.843476,0.000000,11.059141,0.000000,0.000000,0.000000,302,22.732463,38.635080,-0.0,38.635080,11.000000
307_CT_1-0,15,27.894691,0.000000,0.000000,1.000000,0.000000,0.000000,0.000000,0.000000,0.000000,5.162228,0.000000,0.000000,0.000000,307,22.732463,27.894691,-0.0,27.894691,22.000000
307_CT_1-1,15,27.894691,0.000000,0.000000,1.000000,0.000000,0.000000,0.000000,0.000000,0.000000,5.162228,0.000000,0.000000,0.000000,307,22.732463,27.894691,-0.0,27.894691,11.000000
307_CT_1-2,15,29.220233,0.000000,0.000000,1.000000,0.000000,0.000000,0.000000,1.325542,0.000000,5.162228,0.000000,0.000000,0.000000,307,22.732463,29.220233,-0.0,29.220233,11.000000
307_CT_1-3,15,35.474770,0.000000,0.000000,1.000000,0.000000,0.000000,0.000000,7.580079,0.000000,5.162228,0.000000,0.000000,0.000000,307,22.732463,35.474770,-0.0,35.474770,11.000000
307_CT_2-0,15,27.894691,0.000000,0.000000,1.000000,0.000000,0.000000,0.000000,0.000000,0.000000,5.162228,0.000000,0.000000,0.000000,307,22.732463,27.894691,-0.0,27.894691,22.000000
307_CT_2-1,15,27.894691,0.000000,0.000000,1.000000,0.000000,0.000000,0.000000,0.000000,0.000000,5.162228,0.000000,0.000000,0.000000,307,22.732463,27.894691,-0.0,27.894691,11.000000
307_CT_2-2,15,29.220233,0.000000,0.000000,1.000000,0.000000,0.000000,0.000000,1.325542,0.000000,5.162228,0.000000,0.000000,0.000000,307,22.732463,29.220233,-0.0,29.220233,11.000000
307_CT_2-3,15,35.474770,0.000000,0.000000,1.000000,0.000000,0.000000,0.000000,7.580079,0.000000,5.162228,0.000000,0.000000,0.000000,307,22.732463,35.474770,-0.0,35.474770,11.000000
313_CC_1-0,15,15.731579,170.000000,36.823878,1.000000,0.000000,0.000000,7.000883,0.000000,0.000000,0.000000,0.000000,0.000000,0.000000,313,22.732463,15.731579,1190.1502799999998,15.731579,170.000000
313_CC_1-1,15,15.731579,61.666667,13.357681,1.000000,0.000000,0.000000,7.000883,0.000000,0.000000,0.000000,0.000000,0.000000,0.000000,313,22.732463,15.731579,431.72118233362795,15.731579,61.666667
313_CC_1-2,15,26.755735,0.000000,0.000000,1.000000,0.000000,0.000000,0.000000,4.023273,0.000000,0.000000,0.000000,0.000000,0.000000,313,22.732463,26.755735,-0.0,26.755735,61.666667
313_CC_1-3,15,33.752731,0.000000,0.000000,1.000000,0.000000,0.000000,0.000000,11.020269,0.000000,0.000000,0.000000,0.000000,0.000000,313,22.732463,33.752731,-0.0,33.752731,61.666667
315_STEAM_1-0,15,75.436777,0.000000,0.000000,1.000000,0.000000,0.000000,0.000000,0.000000,0.000000,52.704314,0.000000,0.000000,0.000000,315,22.732463,75.436777,-0.0,75.436777,5.000000
315_STEAM_1-1,15,75.436777,0.000000,0.000000,1.000000,0.000000,0.000000,0.000000,0.000000,0.000000,52.704314,0.000000,0.000000,0.000000,315,22.732463,75.436777,-0.0,75.436777,2.333333
315_STEAM_1-2,15,100.399529,0.000000,0.000000,1.000000,0.000000,0.000000,0.000000,24.962753,0.000000,52.704314,0.000000,0.000000,0.000000,315,22.732463,100.399529,-0.0,100.399529,2.333333
315_STEAM_1-3,15,124.099655,0.000000,0.000000,1.000000,0.000000,0.000000,0.000000,48.662879,0.000000,52.704314,0.000000,0.000000,0.000000,315,22.732463,124.099655,-0.0,124.099655,2.333333
315_STEAM_2-0,15,75.436777,0.000000,0.000000,1.000000,0.000000,0.000000,0.000000,0.000000,0.000000,52.704314,0.000000,0.000000,0.000000,315,22.732463,75.436777,-0.0,75.436777,5.000000
315_STEAM_2-1,15,75.436777,0.000000,0.000000,1.000000,0.000000,0.000000,0.000000,0.000000,0.000000,52.704314,0.000000,0.000000,0.000000,315,22.732463,75.436777,-0.0,75.436777,2.333333
315_STEAM_2-2,15,100.399529,0.000000,0.000000,1.000000,0.000000,0.000000,0.000000,24.962753,0.000000,52.704314,0.000000,0.000000,0.000000,315,22.732463,100.399529,-0.0,100.399529,2.333333
315_STEAM_2-3,15,124.099655,0.000000,0.000000,1.000000,0.000000,0.000000,0.000000,48.662879,0.000000,52.704314,0.000000,0.000000,0.000000,315,22.732463,124.099655,-0.0,124.099655,2.333333
315_STEAM_3-0,15,75.436777,0.000000,0.000000,1.000000,0.000000,0.000000,0.000000,0.000000,0.000000,52.704314,0.000000,0.000000,0.000000,315,22.732463,75.436777,-0.0,75.436777,5.000000
315_STEAM_3-1,15,75.436777,0.000000,0.000000,1.000000,0.000000,0.000000,0.000000,0.000000,0.000000,52.704314,0.000000,0.000000,0.000000,315,22.732463,75.436777,-0.0,75.436777,2.333333
315_STEAM_3-2,15,100.399529,0.000000,0.000000,1.000000,0.000000,0.000000,0.000000,24.962753,0.000000,52.704314,0.000000,0.000000,0.000000,315,22.732463,100.399529,-0.0,100.399529,2.333333
315_STEAM_3-3,15,124.099655,0.000000,0.000000,1.000000,0.000000,0.000000,0.000000,48.662879,0.000000,52.704314,0.000000,0.000000,0.000000,315,22.732463,124.099655,-0.0,124.099655,2.333333
315_STEAM_4-0,15,75.436777,0.000000,0.000000,1.000000,0.000000,0.000000,0.000000,0.000000,0.000000,52.704314,0.000000,0.000000,0.000000,315,22.732463,75.436777,-0.0,75.436777,5.000000
315_STEAM_4-1,15,75.436777,0.000000,0.000000,1.000000,0.000000,0.000000,0.000000,0.000000,0.000000,52.704314,0.000000,0.000000,0.000000,315,22.732463,75.436777,-0.0,75.436777,2.333333
315_STEAM_4-2,15,100.399529,0.000000,0.000000,1.000000,0.000000,0.000000,0.000000,24.962753,0.000000,52.704314,0.000000,0.000000,0.000000,315,22.732463,100.399529,-0.0,100.399529,2.333333
315_STEAM_4-3,15,124.099655,0.000000,0.000000,1.000000,0.000000,0.000000,0.000000,48.662879,0.000000,52.704314,0.000000,0.000000,0.000000,315,22.732463,124.099655,-0.0,124.099655,2.333333
315_STEAM_5-0,15,75.436777,0.000000,0.000000,1.000000,0.000000,0.000000,0.000000,0.000000,0.000000,52.704314,0.000000,0.000000,0.000000,315,22.732463,75.436777,-0.0,75.436777,5.000000
315_STEAM_5-1,15,75.436777,0.000000,0.000000,1.000000,0.000000,0.000000,0.000000,0.000000,0.000000,52.704314,0.000000,0.000000,0.000000,315,22.732463,75.436777,-0.0,75.436777,2.333333
315_STEAM_5-2,15,100.399529,0.000000,0.000000,1.000000,0.000000,0.000000,0.000000,24.962753,0.000000,52.704314,0.000000,0.000000,0.000000,315,22.732463,100.399529,-0.0,100.399529,2.333333
315_STEAM_5-3,15,124.099655,0.000000,0.000000,1.000000,0.000000,0.000000,0.000000,48.662879,0.000000,52.704314,0.000000,0.000000,0.000000,315,22.732463,124.099655,-0.0,124.099655,2.333333
315_CT_6-0,15,26.401998,0.000000,0.000000,1.000000,0.000000,0.000000,0.000000,0.000000,0.000000,3.669536,0.000000,0.000000,0.000000,315,22.732463,26.401998,-0.0,26.401998,22.000000
315_CT_6-1,15,26.401998,0.000000,0.000000,1.000000,0.000000,0.000000,0.000000,0.000000,0.000000,3.669536,0.000000,0.000000,0.000000,315,22.732463,26.401998,-0.0,26.401998,11.000000
315_CT_6-2,15,26.895675,0.000000,0.000000,1.000000,0.000000,0.000000,0.000000,0.493677,0.000000,3.669536,0.000000,0.000000,0.000000,315,22.732463,26.895675,-0.0,26.895675,11.000000
315_CT_6-3,15,31.855768,0.000000,0.000000,1.000000,0.000000,0.000000,0.000000,5.453770,0.000000,3.669536,0.000000,0.000000,0.000000,315,22.732463,31.855768,-0.0,31.855768,11.000000
315_CT_7-0,15,26.401998,0.000000,0.000000,1.000000,0.000000,0.000000,0.000000,0.000000,0.000000,3.669536,0.000000,0.000000,0.000000,315,22.732463,26.401998,-0.0,26.401998,22.000000
315_CT_7-1,15,26.401998,0.000000,0.000000,1.000000,0.000000,0.000000,0.000000,0.000000,0.000000,3.669536,0.000000,0.000000,0.000000,315,22.732463,26.401998,-0.0,26.401998,11.000000
315_CT_7-2,15,26.895675,0.000000,0.000000,1.000000,0.000000,0.000000,0.000000,0.493677,0.000000,3.669536,0.000000,0.000000,0.000000,315,22.732463,26.895675,-0.0,26.895675,11.000000
315_CT_7-3,15,31.855768,0.000000,0.000000,1.000000,0.000000,0.000000,0.000000,5.453770,0.000000,3.669536,0.000000,0.000000,0.000000,315,22.732463,31.855768,-0.0,31.855768,11.000000
315_CT_8-0,15,26.401998,0.000000,0.000000,1.000000,0.000000,0.000000,0.000000,0.000000,0.000000,3.669536,0.000000,0.000000,0.000000,315,22.732463,26.401998,-0.0,26.401998,22.000000
315_CT_8-1,15,26.401998,0.000000,0.000000,1.000000,0.000000,0.000000,0.000000,0.000000,0.000000,3.669536,0.000000,0.000000,0.000000,315,22.732463,26.401998,-0.0,26.401998,11.000000
315_CT_8-2,15,26.895675,0.000000,0.000000,1.000000,0.000000,0.000000,0.000000,0.493677,0.000000,3.669536,0.000000,0.000000,0.000000,315,22.732463,26.895675,-0.0,26.895675,11.000000
315_CT_8-3,15,31.855768,0.000000,0.000000,1.000000,0.000000,0.000000,0.000000,5.453770,0.000000,3.669536,0.000000,0.000000,0.000000,315,22.732463,31.855768,-0.0,31.855768,11.000000
316_STEAM_1-0,15,21.116646,62.000000,58.992715,1.000000,0.000000,0.000000,1.615816,0.000000,0.000000,0.000000,0.000000,0.000000,0.000000,316,22.732463,21.116646,100.18065399999999,21.116646,62.000000
316_STEAM_1-1,15,21.116646,31.000000,29.496357,1.000000,0.000000,0.000000,1.615816,0.000000,0.000000,0.000000,0.000000,0.000000,0.000000,316,22.732463,21.116646,50.090326999999995,21.116646,31.000000
316_STEAM_1-2,15,21.287879,31.000000,29.735541,1.000000,0.000000,0.000000,1.444583,0.000000,0.000000,0.000000,0.000000,0.000000,0.000000,316,22.732463,21.287879,44.78210399999997,21.287879,31.000000
316_STEAM_1-3,15,27.274699,0.000000,0.000000,1.000000,0.000000,0.000000,0.000000,4.542236,0.000000,0.000000,0.000000,0.000000,0.000000,316,22.732463,27.274699,-0.0,27.274699,31.000000
318_CC_1-0,15,26.845141,0.000000,0.000000,1.000000,0.000000,0.000000,0.000000,0.000000,0.000000,4.112679,0.000000,0.000000,0.000000,318,22.732463,26.845141,-0.0,26.845141,170.000000
318_CC_1-1,15,26.845141,0.000000,0.000000,1.000000,0.000000,0.000000,0.000000,0.000000,0.000000,4.112679,0.000000,0.000000,0.000000,318,22.732463,26.845141,-0.0,26.845141,61.666667
318_CC_1-2,15,27.276623,0.000000,0.000000,1.000000,0.000000,0.000000,0.000000,0.431481,0.000000,4.112679,0.000000,0.000000,0.000000,318,22.732463,27.276623,-0.0,27.276623,61.666667
318_CC_1-3,15,31.529241,0.000000,0.000000,1.000000,0.000000,0.000000,0.000000,4.684100,0.000000,4.112679,0.000000,0.000000,0.000000,318,22.732463,31.529241,-0.0,31.529241,61.666667
321_CC_1-0,15,22.732463,7.077610,2.215345,1.000000,0.000000,0.000000,0.000000,0.000000,0.000000,0.000000,0.000000,0.000000,0.000000,321,22.732463,22.732463,0.0,22.732463,170.000000
321_CC_1-1,15,22.732463,61.666667,19.302130,1.000000,0.000000,0.000000,0.000000,0.000000,0.000000,0.000000,0.000000,0.000000,0.000000,321,22.732463,22.732463,0.0,22.732463,61.666667
321_CC_1-2,15,25.908321,0.000000,0.000000,1.000000,0.000000,0.000000,0.000000,3.175859,0.000000,0.000000,0.000000,0.000000,0.000000,321,22.732463,25.908321,-0.0,25.908321,61.666667
321_CC_1-3,15,33.947092,0.000000,0.000000,1.000000,0.000000,0.000000,0.000000,11.214630,0.000000,0.000000,0.000000,0.000000,0.000000,321,22.732463,33.947092,-0.0,33.947092,61.666667
322_CT_5-0,15,23.334982,0.000000,0.000000,1.000000,0.000000,0.000000,0.000000,0.602519,0.000000,0.000000,0.000000,0.000000,0.000000,322,22.732463,23.334982,-0.0,23.334982,22.000000
322_CT_5-1,15,23.334982,0.000000,0.000000,1.000000,0.000000,0.000000,0.000000,0.602519,0.000000,0.000000,0.000000,0.000000,0.000000,322,22.732463,23.334982,-0.0,23.334982,11.000000
322_CT_5-2,15,26.499179,0.000000,0.000000,1.000000,0.000000,0.000000,0.000000,3.766716,0.000000,0.000000,0.000000,0.000000,0.000000,322,22.732463,26.499179,-0.0,26.499179,11.000000
322_CT_5-3,15,27.894691,0.000000,0.000000,1.000000,0.000000,0.000000,0.000000,5.162228,0.000000,0.000000,0.000000,0.000000,0.000000,322,22.732463,27.894691,-0.0,27.894691,11.000000
322_CT_6-0,15,23.334982,0.000000,0.000000,1.000000,0.000000,0.000000,0.000000,0.602519,0.000000,0.000000,0.000000,0.000000,0.000000,322,22.732463,23.334982,-0.0,23.334982,22.000000
322_CT_6-1,15,23.334982,0.000000,0.000000,1.000000,0.000000,0.000000,0.000000,0.602519,0.000000,0.000000,0.000000,0.000000,0.000000,322,22.732463,23.334982,-0.0,23.334982,11.000000
322_CT_6-2,15,26.499179,0.000000,0.000000,1.000000,0.000000,0.000000,0.000000,3.766716,0.000000,0.000000,0.000000,0.000000,0.000000,322,22.732463,26.499179,-0.0,26.499179,11.000000
322_CT_6-3,15,27.894691,0.000000,0.000000,1.000000,0.000000,0.000000,0.000000,5.162228,0.000000,0.000000,0.000000,0.000000,0.000000,322,22.732463,27.894691,-0.0,27.894691,11.000000
323_CC_1-0,15,26.429209,0.000000,0.000000,1.000000,0.000000,0.000000,0.000000,0.000000,0.000000,3.696746,0.000000,0.000000,0.000000,323,22.732463,26.429209,-0.0,26.429209,170.000000
323_CC_1-1,15,26.429209,0.000000,0.000000,1.000000,0.000000,0.000000,0.000000,0.000000,0.000000,3.696746,0.000000,0.000000,0.000000,323,22.732463,26.429209,-0.0,26.429209,61.666667
323_CC_1-2,15,30.277557,0.000000,0.000000,1.000000,0.000000,0.000000,0.000000,3.848348,0.000000,3.696746,0.000000,0.000000,0.000000,323,22.732463,30.277557,-0.0,30.277557,61.666667
323_CC_1-3,15,31.727490,0.000000,0.000000,1.000000,0.000000,0.000000,0.000000,5.298281,0.000000,3.696746,0.000000,0.000000,0.000000,323,22.732463,31.727490,-0.0,31.727490,61.666667
323_CC_2-0,15,26.429209,0.000000,0.000000,1.000000,0.000000,0.000000,0.000000,0.000000,0.000000,3.696746,0.000000,0.000000,0.000000,323,22.732463,26.429209,-0.0,26.429209,170.000000
323_CC_2-1,15,26.429209,0.000000,0.000000,1.000000,0.000000,0.000000,0.000000,0.000000,0.000000,3.696746,0.000000,0.000000,0.000000,323,22.732463,26.429209,-0.0,26.429209,61.666667
323_CC_2-2,15,30.277557,0.000000,0.000000,1.000000,0.000000,0.000000,0.000000,3.848348,0.000000,3.696746,0.000000,0.000000,0.000000,323,22.732463,30.277557,-0.0,30.277557,61.666667
323_CC_2-3,15,31.727490,0.000000,0.000000,1.000000,0.000000,0.000000,0.000000,5.298281,0.000000,3.696746,0.000000,0.000000,0.000000,323,22.732463,31.727490,-0.0,31.727490,61.666667
322_HYDRO_1-0,15,0.000000,35.166667,0.000000,1.000000,0.000000,0.000000,22.732463,0.000000,0.000000,0.000000,0.000000,0.000000,0.000000,322,22.732463,0.000000,799.4249564108209,0.000000,35.166667
322_HYDRO_1-1,15,0.000000,0.000000,0.000000,1.000000,0.000000,0.000000,22.732463,0.000000,0.000000,0.000000,0.000000,0.000000,0.000000,322,22.732463,0.000000,0.0,0.000000,0.000000
322_HYDRO_1-2,15,0.000000,0.000000,0.000000,1.000000,0.000000,0.000000,22.732463,0.000000,0.000000,0.000000,0.000000,0.000000,0.000000,322,22.732463,0.000000,0.0,0.000000,0.000000
322_HYDRO_1-3,15,0.000000,0.000000,0.000000,1.000000,0.000000,0.000000,22.732463,0.000000,0.000000,0.000000,0.000000,0.000000,0.000000,322,22.732463,0.000000,0.0,0.000000,0.000000
322_HYDRO_2-0,15,0.000000,35.166667,0.000000,1.000000,0.000000,0.000000,22.732463,0.000000,0.000000,0.000000,0.000000,0.000000,0.000000,322,22.732463,0.000000,799.4249564108209,0.000000,35.166667
322_HYDRO_2-1,15,0.000000,0.000000,0.000000,1.000000,0.000000,0.000000,22.732463,0.000000,0.000000,0.000000,0.000000,0.000000,0.000000,322,22.732463,0.000000,0.0,0.000000,0.000000
322_HYDRO_2-2,15,0.000000,0.000000,0.000000,1.000000,0.000000,0.000000,22.732463,0.000000,0.000000,0.000000,0.000000,0.000000,0.000000,322,22.732463,0.000000,0.0,0.000000,0.000000
322_HYDRO_2-3,15,0.000000,0.000000,0.000000,1.000000,0.000000,0.000000,22.732463,0.000000,0.000000,0.000000,0.000000,0.000000,0.000000,322,22.732463,0.000000,0.0,0.000000,0.000000
322_HYDRO_3-0,15,0.000000,35.166667,0.000000,1.000000,0.000000,0.000000,22.732463,0.000000,0.000000,0.000000,0.000000,0.000000,0.000000,322,22.732463,0.000000,799.4249564108209,0.000000,35.166667
322_HYDRO_3-1,15,0.000000,0.000000,0.000000,1.000000,0.000000,0.000000,22.732463,0.000000,0.000000,0.000000,0.000000,0.000000,0.000000,322,22.732463,0.000000,0.0,0.000000,0.000000
322_HYDRO_3-2,15,0.000000,0.000000,0.000000,1.000000,0.000000,0.000000,22.732463,0.000000,0.000000,0.000000,0.000000,0.000000,0.000000,322,22.732463,0.000000,0.0,0.000000,0.000000
322_HYDRO_3-3,15,0.000000,0.000000,0.000000,1.000000,0.000000,0.000000,22.732463,0.000000,0.000000,0.000000,0.000000,0.000000,0.000000,322,22.732463,0.000000,0.0,0.000000,0.000000
322_HYDRO_4-0,15,0.000000,35.166667,0.000000,1.000000,0.000000,0.000000,22.732463,0.000000,0.000000,0.000000,0.000000,0.000000,0.000000,322,22.732463,0.000000,799.4249564108209,0.000000,35.166667
322_HYDRO_4-1,15,0.000000,0.000000,0.000000,1.000000,0.000000,0.000000,22.732463,0.000000,0.000000,0.000000,0.000000,0.000000,0.000000,322,22.732463,0.000000,0.0,0.000000,0.000000
322_HYDRO_4-2,15,0.000000,0.000000,0.000000,1.000000,0.000000,0.000000,22.732463,0.000000,0.000000,0.000000,0.000000,0.000000,0.000000,322,22.732463,0.000000,0.0,0.000000,0.000000
322_HYDRO_4-3,15,0.000000,0.000000,0.000000,1.000000,0.000000,0.000000,22.732463,0.000000,0.000000,0.000000,0.000000,0.000000,0.000000,322,22.732463,0.000000,0.0,0.000000,0.000000
301_CT_1-0,16,87.255791,0.000000,0.000000,1.000000,0.000000,0.000000,0.000000,0.000000,0.000000,66.903499,0.000000,0.000000,0.000000,301,20.352293,87.255791,-0.0,87.255791,8.000000
301_CT_1-1,16,87.255791,0.000000,0.000000,1.000000,0.000000,0.000000,0.000000,0.000000,0.000000,66.903499,0.000000,0.000000,0.000000,301,20.352293,87.255791,-0.0,87.255791,4.000000
301_CT_1-2,16,99.695770,0.000000,0.000000,1.000000,0.000000,0.000000,0.000000,12.439979,0.000000,66.903499,0.000000,0.000000,0.000000,301,20.352293,99.695770,-0.0,99.695770,4.000000
301_CT_1-3,16,105.367241,0.000000,0.000000,1.000000,0.000000,0.000000,0.000000,18.111450,0.000000,66.903499,0.000000,0.000000,0.000000,301,20.352293,105.367241,-0.0,105.367241,4.000000
301_CT_2-0,16,87.255791,0.000000,0.000000,1.000000,0.000000,0.000000,0.000000,0.000000,0.000000,66.903499,0.000000,0.000000,0.000000,301,20.352293,87.255791,-0.0,87.255791,8.000000
301_CT_2-1,16,87.255791,0.000000,0.000000,1.000000,0.000000,0.000000,0.000000,0.000000,0.000000,66.903499,0.000000,0.000000,0.000000,301,20.352293,87.255791,-0.0,87.255791,4.000000
301_CT_2-2,16,99.695770,0.000000,0.000000,1.000000,0.000000,0.000000,0.000000,12.439979,0.000000,66.903499,0.000000,0.000000,0.000000,301,20.352293,99.695770,-0.0,99.695770,4.000000
301_CT_2-3,16,105.367241,0.000000,0.000000,1.000000,0.000000,0.000000,0.000000,18.111450,0.000000,66.903499,0.000000,0.000000,0.000000,301,20.352293,105.367241,-0.0,105.367241,4.000000
301_CT_3-0,16,28.469999,0.000000,0.000000,1.000000,0.000000,0.000000,0.000000,0.000000,0.000000,8.117707,0.000000,0.000000,0.000000,301,20.352293,28.469999,-0.0,28.469999,22.000000
301_CT_3-1,16,28.469999,0.000000,0.000000,1.000000,0.000000,0.000000,0.000000,0.000000,0.000000,8.117707,0.000000,0.000000,0.000000,301,20.352293,28.469999,-0.0,28.469999,11.000000
301_CT_3-2,16,29.286315,0.000000,0.000000,1.000000,0.000000,0.000000,0.000000,0.816316,0.000000,8.117707,0.000000,0.000000,0.000000,301,20.352293,29.286315,-0.0,29.286315,11.000000
301_CT_3-3,16,43.742887,0.000000,0.000000,1.000000,0.000000,0.000000,0.000000,15.272887,0.000000,8.117707,0.000000,0.000000,0.000000,301,20.352293,43.742887,-0.0,43.742887,11.000000
301_CT_4-0,16,28.469999,0.000000,0.000000,1.000000,0.000000,0.000000,0.000000,0.000000,0.000000,8.117707,0.000000,0.000000,0.000000,301,20.352293,28.469999,-0.0,28.469999,22.000000
301_CT_4-1,16,28.469999,0.000000,0.000000,1.000000,0.000000,0.000000,0.000000,0.000000,0.000000,8.117707,0.000000,0.000000,0.000000,301,20.352293,28.469999,-0.0,28.469999,11.000000
301_CT_4-2,16,29.286315,0.000000,0.000000,1.000000,0.000000,0.000000,0.000000,0.816316,0.000000,8.117707,0.000000,0.000000,0.000000,301,20.352293,29.286315,-0.0,29.286315,11.000000
301_CT_4-3,16,43.742887,0.000000,0.000000,1.000000,0.000000,0.000000,0.000000,15.272887,0.000000,8.117707,0.000000,0.000000,0.000000,301,20.352293,43.742887,-0.0,43.742887,11.000000
302_CT_1-0,16,87.255791,0.000000,0.000000,1.000000,0.000000,0.000000,0.000000,0.000000,0.000000,65.964269,0.000000,0.000000,0.000000,302,21.291522,87.255791,-0.0,87.255791,8.000000
302_CT_1-1,16,87.255791,0.000000,0.000000,1.000000,0.000000,0.000000,0.000000,0.000000,0.000000,65.964269,0.000000,0.000000,0.000000,302,21.291522,87.255791,-0.0,87.255791,4.000000
302_CT_1-2,16,99.695770,0.000000,0.000000,1.000000,0.000000,0.000000,0.000000,12.439979,0.000000,65.964269,0.000000,0.000000,0.000000,302,21.291522,99.695770,-0.0,99.695770,4.000000
302_CT_1-3,16,105.367241,0.000000,0.000000,1.000000,0.000000,0.000000,0.000000,18.111450,0.000000,65.964269,0.000000,0.000000,0.000000,302,21.291522,105.367241,-0.0,105.367241,4.000000
302_CT_2-0,16,87.255791,0.000000,0.000000,1.000000,0.000000,0.000000,0.000000,0.000000,0.000000,65.964269,0.000000,0.000000,0.000000,302,21.291522,87.255791,-0.0,87.255791,8.000000
302_CT_2-1,16,87.255791,0.000000,0.000000,1.000000,0.000000,0.000000,0.000000,0.000000,0.000000,65.964269,0.000000,0.000000,0.000000,302,21.291522,87.255791,-0.0,87.255791,4.000000
302_CT_2-2,16,99.695770,0.000000,0.000000,1.000000,0.000000,0.000000,0.000000,12.439979,0.000000,65.964269,0.000000,0.000000,0.000000,302,21.291522,99.695770,-0.0,99.695770,4.000000
302_CT_2-3,16,105.367241,0.000000,0.000000,1.000000,0.000000,0.000000,0.000000,18.111450,0.000000,65.964269,0.000000,0.000000,0.000000,302,21.291522,105.367241,-0.0,105.367241,4.000000
302_CT_3-0,16,33.791603,0.000000,0.000000,1.000000,0.000000,0.000000,0.000000,0.000000,0.000000,12.500081,0.000000,0.000000,0.000000,302,21.291522,33.791603,-0.0,33.791603,22.000000
302_CT_3-1,16,33.791603,0.000000,0.000000,1.000000,0.000000,0.000000,0.000000,0.000000,0.000000,12.500081,0.000000,0.000000,0.000000,302,21.291522,33.791603,-0.0,33.791603,11.000000
302_CT_3-2,16,38.382410,0.000000,0.000000,1.000000,0.000000,0.000000,0.000000,4.590807,0.000000,12.500081,0.000000,0.000000,0.000000,302,21.291522,38.382410,-0.0,38.382410,11.000000
302_CT_3-3,16,38.635080,0.000000,0.000000,1.000000,0.000000,0.000000,0.000000,4.843476,0.000000,12.500081,0.000000,0.000000,0.000000,302,21.291522,38.635080,-0.0,38.635080,11.000000
302_CT_4-0,16,33.791603,0.000000,0.000000,1.000000,0.000000,0.000000,0.000000,0.000000,0.000000,12.500081,0.000000,0.000000,0.000000,302,21.291522,33.791603,-0.0,33.791603,22.000000
302_CT_4-1,16,33.791603,0.000000,0.000000,1.000000,0.000000,0.000000,0.000000,0.000000,0.000000,12.500081,0.000000,0.000000,0.000000,302,21.291522,33.791603,-0.0,33.791603,11.000000
302_CT_4-2,16,38.382410,0.000000,0.000000,1.000000,0.000000,0.000000,0.000000,4.590807,0.000000,12.500081,0.000000,0.000000,0.000000,302,21.291522,38.382410,-0.0,38.382410,11.000000
302_CT_4-3,16,38.635080,0.000000,0.000000,1.000000,0.000000,0.000000,0.000000,4.843476,0.000000,12.500081,0.000000,0.000000,0.000000,302,21.291522,38.635080,-0.0,38.635080,11.000000
307_CT_1-0,16,27.894691,22.000000,8.449918,1.000000,0.000000,0.000000,1.325542,0.000000,0.000000,0.000000,0.000000,0.000000,0.000000,307,29.220233,27.894691,29.16192399999997,27.894691,22.000000
307_CT_1-1,16,27.894691,11.000000,4.224959,1.000000,0.000000,0.000000,1.325542,0.000000,0.000000,0.000000,0.000000,0.000000,0.000000,307,29.220233,27.894691,14.580961999999985,27.894691,11.000000
307_CT_1-2,16,29.220233,11.000000,4.425727,1.000000,0.000000,0.000000,0.000000,0.000000,0.000000,0.000000,0.000000,0.000000,0.000000,307,29.220233,29.220233,0.0,29.220233,11.000000
307_CT_1-3,16,35.474770,0.000000,0.000000,1.000000,0.000000,0.000000,0.000000,6.254537,0.000000,0.000000,0.000000,0.000000,0.000000,307,29.220233,35.474770,-0.0,35.474770,11.000000
307_CT_2-0,16,27.894691,22.000000,8.449918,1.000000,0.000000,0.000000,1.325542,0.000000,0.000000,0.000000,0.000000,0.000000,0.000000,307,29.220233,27.894691,29.16192399999997,27.894691,22.000000
307_CT_2-1,16,27.894691,11.000000,4.224959,1.000000,0.000000,0.000000,1.325542,0.000000,0.000000,0.000000,0.000000,0.000000,0.000000,307,29.220233,27.894691,14.580961999999985,27.894691,11.000000
307_CT_2-2,16,29.220233,5.690676,2.289580,1.000000,0.000000,0.000000,0.000000,0.000000,0.000000,0.000000,0.000000,0.000000,0.000000,307,29.220233,29.220233,0.0,29.220233,11.000000
307_CT_2-3,16,35.474770,0.000000,0.000000,1.000000,0.000000,0.000000,0.000000,6.254537,0.000000,0.000000,0.000000,0.000000,0.000000,307,29.220233,35.474770,-0.0,35.474770,11.000000
313_CC_1-0,16,15.731579,170.000000,36.823878,1.000000,0.000000,0.000000,9.972999,0.000000,0.000000,0.000000,0.000000,0.000000,0.000000,313,25.704578,15.731579,1695.4098300000003,15.731579,170.000000
313_CC_1-1,16,15.731579,61.666667,13.357681,1.000000,0.000000,0.000000,9.972999,0.000000,0.000000,0.000000,0.000000,0.000000,0.000000,313,25.704578,15.731579,615.001608324333,15.731579,61.666667
313_CC_1-2,16,26.755735,0.000000,0.000000,1.000000,0.000000,0.000000,0.000000,1.051157,0.000000,0.000000,0.000000,0.000000,0.000000,313,25.704578,26.755735,-0.0,26.755735,61.666667
313_CC_1-3,16,33.752731,0.000000,0.000000,1.000000,0.000000,0.000000,0.000000,8.048153,0.000000,0.000000,0.000000,0.000000,0.000000,313,25.704578,33.752731,-0.0,33.752731,61.666667
315_STEAM_1-0,16,75.436777,0.000000,0.000000,1.000000,0.000000,0.000000,0.000000,0.000000,0.000000,57.613560,0.000000,0.000000,0.000000,315,17.823216,75.436777,-0.0,75.436777,5.000000
315_STEAM_1-1,16,75.436777,0.000000,0.000000,1.000000,0.000000,0.000000,0.000000,0.000000,0.000000,57.613560,0.000000,0.000000,0.000000,315,17.823216,75.436777,-0.0,75.436777,2.333333
315_STEAM_1-2,16,100.399529,0.000000,0.000000,1.000000,0.000000,0.000000,0.000000,24.962753,0.000000,57.613560,0.000000,0.000000,0.000000,315,17.823216,100.399529,-0.0,100.399529,2.333333
315_STEAM_1-3,16,124.099655,0.000000,0.000000,1.000000,0.000000,0.000000,0.000000,48.662879,0.000000,57.613560,0.000000,0.000000,0.000000,315,17.823216,124.099655,-0.0,124.099655,2.333333
315_STEAM_2-0,16,75.436777,0.000000,0.000000,1.000000,0.000000,0.000000,0.000000,0.000000,0.000000,57.613560,0.000000,0.000000,0.000000,315,17.823216,75.436777,-0.0,75.436777,5.000000
315_STEAM_2-1,16,75.436777,0.000000,0.000000,1.000000,0.000000,0.000000,0.000000,0.000000,0.000000,57.613560,0.000000,0.000000,0.000000,315,17.823216,75.436777,-0.0,75.436777,2.333333
315_STEAM_2-2,16,100.399529,0.000000,0.000000,1.000000,0.000000,0.000000,0.000000,24.962753,0.000000,57.613560,0.000000,0.000000,0.000000,315,17.823216,100.399529,-0.0,100.399529,2.333333
315_STEAM_2-3,16,124.099655,0.000000,0.000000,1.000000,0.000000,0.000000,0.000000,48.662879,0.000000,57.613560,0.000000,0.000000,0.000000,315,17.823216,124.099655,-0.0,124.099655,2.333333
315_STEAM_3-0,16,75.436777,0.000000,0.000000,1.000000,0.000000,0.000000,0.000000,0.000000,0.000000,57.613560,0.000000,0.000000,0.000000,315,17.823216,75.436777,-0.0,75.436777,5.000000
315_STEAM_3-1,16,75.436777,0.000000,0.000000,1.000000,0.000000,0.000000,0.000000,0.000000,0.000000,57.613560,0.000000,0.000000,0.000000,315,17.823216,75.436777,-0.0,75.436777,2.333333
315_STEAM_3-2,16,100.399529,0.000000,0.000000,1.000000,0.000000,0.000000,0.000000,24.962753,0.000000,57.613560,0.000000,0.000000,0.000000,315,17.823216,100.399529,-0.0,100.399529,2.333333
315_STEAM_3-3,16,124.099655,0.000000,0.000000,1.000000,0.000000,0.000000,0.000000,48.662879,0.000000,57.613560,0.000000,0.000000,0.000000,315,17.823216,124.099655,-0.0,124.099655,2.333333
315_STEAM_4-0,16,75.436777,0.000000,0.000000,1.000000,0.000000,0.000000,0.000000,0.000000,0.000000,57.613560,0.000000,0.000000,0.000000,315,17.823216,75.436777,-0.0,75.436777,5.000000
315_STEAM_4-1,16,75.436777,0.000000,0.000000,1.000000,0.000000,0.000000,0.000000,0.000000,0.000000,57.613560,0.000000,0.000000,0.000000,315,17.823216,75.436777,-0.0,75.436777,2.333333
315_STEAM_4-2,16,100.399529,0.000000,0.000000,1.000000,0.000000,0.000000,0.000000,24.962753,0.000000,57.613560,0.000000,0.000000,0.000000,315,17.823216,100.399529,-0.0,100.399529,2.333333
315_STEAM_4-3,16,124.099655,0.000000,0.000000,1.000000,0.000000,0.000000,0.000000,48.662879,0.000000,57.613560,0.000000,0.000000,0.000000,315,17.823216,124.099655,-0.0,124.099655,2.333333
315_STEAM_5-0,16,75.436777,0.000000,0.000000,1.000000,0.000000,0.000000,0.000000,0.000000,0.000000,57.613560,0.000000,0.000000,0.000000,315,17.823216,75.436777,-0.0,75.436777,5.000000
315_STEAM_5-1,16,75.436777,0.000000,0.000000,1.000000,0.000000,0.000000,0.000000,0.000000,0.000000,57.613560,0.000000,0.000000,0.000000,315,17.823216,75.436777,-0.0,75.436777,2.333333
315_STEAM_5-2,16,100.399529,0.000000,0.000000,1.000000,0.000000,0.000000,0.000000,24.962753,0.000000,57.613560,0.000000,0.000000,0.000000,315,17.823216,100.399529,-0.0,100.399529,2.333333
315_STEAM_5-3,16,124.099655,0.000000,0.000000,1.000000,0.000000,0.000000,0.000000,48.662879,0.000000,57.613560,0.000000,0.000000,0.000000,315,17.823216,124.099655,-0.0,124.099655,2.333333
315_CT_6-0,16,26.401998,0.000000,0.000000,1.000000,0.000000,0.000000,0.000000,0.000000,0.000000,8.578782,0.000000,0.000000,0.000000,315,17.823216,26.401998,-0.0,26.401998,22.000000
315_CT_6-1,16,26.401998,0.000000,0.000000,1.000000,0.000000,0.000000,0.000000,0.000000,0.000000,8.578782,0.000000,0.000000,0.000000,315,17.823216,26.401998,-0.0,26.401998,11.000000
315_CT_6-2,16,26.895675,0.000000,0.000000,1.000000,0.000000,0.000000,0.000000,0.493677,0.000000,8.578782,0.000000,0.000000,0.000000,315,17.823216,26.895675,-0.0,26.895675,11.000000
315_CT_6-3,16,31.855768,0.000000,0.000000,1.000000,0.000000,0.000000,0.000000,5.453770,0.000000,8.578782,0.000000,0.000000,0.000000,315,17.823216,31.855768,-0.0,31.855768,11.000000
315_CT_7-0,16,26.401998,0.000000,0.000000,1.000000,0.000000,0.000000,0.000000,0.000000,0.000000,8.578782,0.000000,0.000000,0.000000,315,17.823216,26.401998,-0.0,26.401998,22.000000
315_CT_7-1,16,26.401998,0.000000,0.000000,1.000000,0.000000,0.000000,0.000000,0.000000,0.000000,8.578782,0.000000,0.000000,0.000000,315,17.823216,26.401998,-0.0,26.401998,11.000000
315_CT_7-2,16,26.895675,0.000000,0.000000,1.000000,0.000000,0.000000,0.000000,0.493677,0.000000,8.578782,0.000000,0.000000,0.000000,315,17.823216,26.895675,-0.0,26.895675,11.000000
315_CT_7-3,16,31.855768,0.000000,0.000000,1.000000,0.000000,0.000000,0.000000,5.453770,0.000000,8.578782,0.000000,0.000000,0.000000,315,17.823216,31.855768,-0.0,31.855768,11.000000
315_CT_8-0,16,26.401998,0.000000,0.000000,1.000000,0.000000,0.000000,0.000000,0.000000,0.000000,8.578782,0.000000,0.000000,0.000000,315,17.823216,26.401998,-0.0,26.401998,22.000000
315_CT_8-1,16,26.401998,0.000000,0.000000,1.000000,0.000000,0.000000,0.000000,0.000000,0.000000,8.578782,0.000000,0.000000,0.000000,315,17.823216,26.401998,-0.0,26.401998,11.000000
315_CT_8-2,16,26.895675,0.000000,0.000000,1.000000,0.000000,0.000000,0.000000,0.493677,0.000000,8.578782,0.000000,0.000000,0.000000,315,17.823216,26.895675,-0.0,26.895675,11.000000
315_CT_8-3,16,31.855768,0.000000,0.000000,1.000000,0.000000,0.000000,0.000000,5.453770,0.000000,8.578782,0.000000,0.000000,0.000000,315,17.823216,31.855768,-0.0,31.855768,11.000000
316_STEAM_1-0,16,21.116646,0.000000,0.000000,1.000000,0.000000,0.000000,0.000000,0.000000,0.000000,1.499018,0.000000,0.000000,0.000000,316,19.617628,21.116646,-0.0,21.116646,62.000000
316_STEAM_1-1,16,21.116646,0.000000,0.000000,1.000000,0.000000,0.000000,0.000000,0.000000,0.000000,1.499018,0.000000,0.000000,0.000000,316,19.617628,21.116646,-0.0,21.116646,31.000000
316_STEAM_1-2,16,21.287879,0.000000,0.000000,1.000000,0.000000,0.000000,0.000000,0.171233,0.000000,1.499018,0.000000,0.000000,0.000000,316,19.617628,21.287879,-0.0,21.287879,31.000000
316_STEAM_1-3,16,27.274699,0.000000,0.000000,1.000000,0.000000,0.000000,0.000000,6.158053,0.000000,1.499018,0.000000,0.000000,0.000000,316,19.617628,27.274699,-0.0,27.274699,31.000000
318_CC_1-0,16,26.845141,0.000000,0.000000,1.000000,0.000000,0.000000,0.000000,0.000000,0.000000,8.153450,0.000000,0.000000,0.000000,318,18.691691,26.845141,-0.0,26.845141,170.000000
318_CC_1-1,16,26.845141,0.000000,0.000000,1.000000,0.000000,0.000000,0.000000,0.000000,0.000000,8.153450,0.000000,0.000000,0.000000,318,18.691691,26.845141,-0.0,26.845141,61.666667
318_CC_1-2,16,27.276623,0.000000,0.000000,1.000000,0.000000,0.000000,0.000000,0.431481,0.000000,8.153450,0.000000,0.000000,0.000000,318,18.691691,27.276623,-0.0,27.276623,61.666667
318_CC_1-3,16,31.529241,0.000000,0.000000,1.000000,0.000000,0.000000,0.000000,4.684100,0.000000,8.153450,0.000000,0.000000,0.000000,318,18.691691,31.529241,-0.0,31.529241,61.666667
321_CC_1-0,16,22.732463,0.000000,0.000000,1.000000,0.000000,0.000000,0.000000,0.000000,0.000000,4.313984,0.000000,0.000000,0.000000,321,18.418478,22.732463,-0.0,22.732463,170.000000
321_CC_1-1,16,22.732463,0.000000,0.000000,1.000000,0.000000,0.000000,0.000000,0.000000,0.000000,4.313984,0.000000,0.000000,0.000000,321,18.418478,22.732463,-0.0,22.732463,61.666667
321_CC_1-2,16,25.908321,0.000000,0.000000,1.000000,0.000000,0.000000,0.000000,3.175859,0.000000,4.313984,0.000000,0.000000,0.000000,321,18.418478,25.908321,-0.0,25.908321,61.666667
321_CC_1-3,16,33.947092,0.000000,0.000000,1.000000,0.000000,0.000000,0.000000,11.214630,0.000000,4.313984,0.000000,0.000000,0.000000,321,18.418478,33.947092,-0.0,33.947092,61.666667
322_CT_5-0,16,23.334982,0.000000,0.000000,1.000000,0.000000,0.000000,0.000000,4.693462,0.000000,0.000000,0.000000,0.000000,0.000000,322,18.641519,23.334982,-0.0,23.334982,22.000000
322_CT_5-1,16,23.334982,0.000000,0.000000,1.000000,0.000000,0.000000,0.000000,4.693462,0.000000,0.000000,0.000000,0.000000,0.000000,322,18.641519,23.334982,-0.0,23.334982,11.000000
322_CT_5-2,16,26.499179,0.000000,0.000000,1.000000,0.000000,0.000000,0.000000,7.857659,0.000000,0.000000,0.000000,0.000000,0.000000,322,18.641519,26.499179,-0.0,26.499179,11.000000
322_CT_5-3,16,27.894691,0.000000,0.000000,1.000000,0.000000,0.000000,0.000000,9.253171,0.000000,0.000000,0.000000,0.000000,0.000000,322,18.641519,27.894691,-0.0,27.894691,11.000000
322_CT_6-0,16,23.334982,0.000000,0.000000,1.000000,0.000000,0.000000,0.000000,4.693462,0.000000,0.000000,0.000000,0.000000,0.000000,322,18.641519,23.334982,-0.0,23.334982,22.000000
322_CT_6-1,16,23.334982,0.000000,0.000000,1.000000,0.000000,0.000000,0.000000,4.693462,0.000000,0.000000,0.000000,0.000000,0.000000,322,18.641519,23.334982,-0.0,23.334982,11.000000
322_CT_6-2,16,26.499179,0.000000,0.000000,1.000000,0.000000,0.000000,0.000000,7.857659,0.000000,0.000000,0.000000,0.000000,0.000000,322,18.641519,26.499179,-0.0,26.499179,11.000000
322_CT_6-3,16,27.894691,0.000000,0.000000,1.000000,0.000000,0.000000,0.000000,9.253171,0.000000,0.000000,0.000000,0.000000,0.000000,322,18.641519,27.894691,-0.0,27.894691,11.000000
323_CC_1-0,16,26.429209,0.000000,0.000000,1.000000,0.000000,0.000000,0.000000,0.000000,0.000000,3.261480,0.000000,0.000000,0.000000,323,23.167729,26.429209,-0.0,26.429209,170.000000
323_CC_1-1,16,26.429209,0.000000,0.000000,1.000000,0.000000,0.000000,0.000000,0.000000,0.000000,3.261480,0.000000,0.000000,0.000000,323,23.167729,26.429209,-0.0,26.429209,61.666667
323_CC_1-2,16,30.277557,0.000000,0.000000,1.000000,0.000000,0.000000,0.000000,3.848348,0.000000,3.261480,0.000000,0.000000,0.000000,323,23.167729,30.277557,-0.0,30.277557,61.666667
323_CC_1-3,16,31.727490,0.000000,0.000000,1.000000,0.000000,0.000000,0.000000,5.298281,0.000000,3.261480,0.000000,0.000000,0.000000,323,23.167729,31.727490,-0.0,31.727490,61.666667
323_CC_2-0,16,26.429209,0.000000,0.000000,1.000000,0.000000,0.000000,0.000000,0.000000,0.000000,3.261480,0.000000,0.000000,0.000000,323,23.167729,26.429209,-0.0,26.429209,170.000000
323_CC_2-1,16,26.429209,0.000000,0.000000,1.000000,0.000000,0.000000,0.000000,0.000000,0.000000,3.261480,0.000000,0.000000,0.000000,323,23.167729,26.429209,-0.0,26.429209,61.666667
323_CC_2-2,16,30.277557,0.000000,0.000000,1.000000,0.000000,0.000000,0.000000,3.848348,0.000000,3.261480,0.000000,0.000000,0.000000,323,23.167729,30.277557,-0.0,30.277557,61.666667
323_CC_2-3,16,31.727490,0.000000,0.000000,1.000000,0.000000,0.000000,0.000000,5.298281,0.000000,3.261480,0.000000,0.000000,0.000000,323,23.167729,31.727490,-0.0,31.727490,61.666667
322_HYDRO_1-0,16,0.000000,29.250000,0.000000,1.000000,0.000000,0.000000,18.641519,0.000000,0.000000,0.000000,0.000000,0.000000,0.000000,322,18.641519,0.000000,545.26443075,0.000000,29.250000
322_HYDRO_1-1,16,0.000000,0.000000,0.000000,1.000000,0.000000,0.000000,18.641519,0.000000,0.000000,0.000000,0.000000,0.000000,0.000000,322,18.641519,0.000000,0.0,0.000000,0.000000
322_HYDRO_1-2,16,0.000000,0.000000,0.000000,1.000000,0.000000,0.000000,18.641519,0.000000,0.000000,0.000000,0.000000,0.000000,0.000000,322,18.641519,0.000000,0.0,0.000000,0.000000
322_HYDRO_1-3,16,0.000000,0.000000,0.000000,1.000000,0.000000,0.000000,18.641519,0.000000,0.000000,0.000000,0.000000,0.000000,0.000000,322,18.641519,0.000000,0.0,0.000000,0.000000
322_HYDRO_2-0,16,0.000000,29.250000,0.000000,1.000000,0.000000,0.000000,18.641519,0.000000,0.000000,0.000000,0.000000,0.000000,0.000000,322,18.641519,0.000000,545.26443075,0.000000,29.250000
322_HYDRO_2-1,16,0.000000,0.000000,0.000000,1.000000,0.000000,0.000000,18.641519,0.000000,0.000000,0.000000,0.000000,0.000000,0.000000,322,18.641519,0.000000,0.0,0.000000,0.000000
322_HYDRO_2-2,16,0.000000,0.000000,0.000000,1.000000,0.000000,0.000000,18.641519,0.000000,0.000000,0.000000,0.000000,0.000000,0.000000,322,18.641519,0.000000,0.0,0.000000,0.000000
322_HYDRO_2-3,16,0.000000,0.000000,0.000000,1.000000,0.000000,0.000000,18.641519,0.000000,0.000000,0.000000,0.000000,0.000000,0.000000,322,18.641519,0.000000,0.0,0.000000,0.000000
322_HYDRO_3-0,16,0.000000,29.250000,0.000000,1.000000,0.000000,0.000000,18.641519,0.000000,0.000000,0.000000,0.000000,0.000000,0.000000,322,18.641519,0.000000,545.26443075,0.000000,29.250000
322_HYDRO_3-1,16,0.000000,0.000000,0.000000,1.000000,0.000000,0.000000,18.641519,0.000000,0.000000,0.000000,0.000000,0.000000,0.000000,322,18.641519,0.000000,0.0,0.000000,0.000000
322_HYDRO_3-2,16,0.000000,0.000000,0.000000,1.000000,0.000000,0.000000,18.641519,0.000000,0.000000,0.000000,0.000000,0.000000,0.000000,322,18.641519,0.000000,0.0,0.000000,0.000000
322_HYDRO_3-3,16,0.000000,0.000000,0.000000,1.000000,0.000000,0.000000,18.641519,0.000000,0.000000,0.000000,0.000000,0.000000,0.000000,322,18.641519,0.000000,0.0,0.000000,0.000000
322_HYDRO_4-0,16,0.000000,29.250000,0.000000,1.000000,0.000000,0.000000,18.641519,0.000000,0.000000,0.000000,0.000000,0.000000,0.000000,322,18.641519,0.000000,545.26443075,0.000000,29.250000
322_HYDRO_4-1,16,0.000000,0.000000,0.000000,1.000000,0.000000,0.000000,18.641519,0.000000,0.000000,0.000000,0.000000,0.000000,0.000000,322,18.641519,0.000000,0.0,0.000000,0.000000
322_HYDRO_4-2,16,0.000000,0.000000,0.000000,1.000000,0.000000,0.000000,18.641519,0.000000,0.000000,0.000000,0.000000,0.000000,0.000000,322,18.641519,0.000000,0.0,0.000000,0.000000
322_HYDRO_4-3,16,0.000000,0.000000,0.000000,1.000000,0.000000,0.000000,18.641519,0.000000,0.000000,0.000000,0.000000,0.000000,0.000000,322,18.641519,0.000000,0.0,0.000000,0.000000
301_CT_1-0,17,87.255791,0.000000,0.000000,1.000000,0.000000,0.000000,0.000000,0.000000,0.000000,67.826757,0.000000,0.000000,0.000000,301,19.429035,87.255791,-0.0,87.255791,8.000000
301_CT_1-1,17,87.255791,0.000000,0.000000,1.000000,0.000000,0.000000,0.000000,0.000000,0.000000,67.826757,0.000000,0.000000,0.000000,301,19.429035,87.255791,-0.0,87.255791,4.000000
301_CT_1-2,17,99.695770,0.000000,0.000000,1.000000,0.000000,0.000000,0.000000,12.439979,0.000000,67.826757,0.000000,0.000000,0.000000,301,19.429035,99.695770,-0.0,99.695770,4.000000
301_CT_1-3,17,105.367241,0.000000,0.000000,1.000000,0.000000,0.000000,0.000000,18.111450,0.000000,67.826757,0.000000,0.000000,0.000000,301,19.429035,105.367241,-0.0,105.367241,4.000000
301_CT_2-0,17,87.255791,0.000000,0.000000,1.000000,0.000000,0.000000,0.000000,0.000000,0.000000,67.826757,0.000000,0.000000,0.000000,301,19.429035,87.255791,-0.0,87.255791,8.000000
301_CT_2-1,17,87.255791,0.000000,0.000000,1.000000,0.000000,0.000000,0.000000,0.000000,0.000000,67.826757,0.000000,0.000000,0.000000,301,19.429035,87.255791,-0.0,87.255791,4.000000
301_CT_2-2,17,99.695770,0.000000,0.000000,1.000000,0.000000,0.000000,0.000000,12.439979,0.000000,67.826757,0.000000,0.000000,0.000000,301,19.429035,99.695770,-0.0,99.695770,4.000000
301_CT_2-3,17,105.367241,0.000000,0.000000,1.000000,0.000000,0.000000,0.000000,18.111450,0.000000,67.826757,0.000000,0.000000,0.000000,301,19.429035,105.367241,-0.0,105.367241,4.000000
301_CT_3-0,17,28.469999,0.000000,0.000000,1.000000,0.000000,0.000000,0.000000,0.000000,0.000000,9.040965,0.000000,0.000000,0.000000,301,19.429035,28.469999,-0.0,28.469999,22.000000
301_CT_3-1,17,28.469999,0.000000,0.000000,1.000000,0.000000,0.000000,0.000000,0.000000,0.000000,9.040965,0.000000,0.000000,0.000000,301,19.429035,28.469999,-0.0,28.469999,11.000000
301_CT_3-2,17,29.286315,0.000000,0.000000,1.000000,0.000000,0.000000,0.000000,0.816316,0.000000,9.040965,0.000000,0.000000,0.000000,301,19.429035,29.286315,-0.0,29.286315,11.000000
301_CT_3-3,17,43.742887,0.000000,0.000000,1.000000,0.000000,0.000000,0.000000,15.272887,0.000000,9.040965,0.000000,0.000000,0.000000,301,19.429035,43.742887,-0.0,43.742887,11.000000
301_CT_4-0,17,28.469999,0.000000,0.000000,1.000000,0.000000,0.000000,0.000000,0.000000,0.000000,9.040965,0.000000,0.000000,0.000000,301,19.429035,28.469999,-0.0,28.469999,22.000000
301_CT_4-1,17,28.469999,0.000000,0.000000,1.000000,0.000000,0.000000,0.000000,0.000000,0.000000,9.040965,0.000000,0.000000,0.000000,301,19.429035,28.469999,-0.0,28.469999,11.000000
301_CT_4-2,17,29.286315,0.000000,0.000000,1.000000,0.000000,0.000000,0.000000,0.816316,0.000000,9.040965,0.000000,0.000000,0.000000,301,19.429035,29.286315,-0.0,29.286315,11.000000
301_CT_4-3,17,43.742887,0.000000,0.000000,1.000000,0.000000,0.000000,0.000000,15.272887,0.000000,9.040965,0.000000,0.000000,0.000000,301,19.429035,43.742887,-0.0,43.742887,11.000000
302_CT_1-0,17,87.255791,0.000000,0.000000,1.000000,0.000000,0.000000,0.000000,0.000000,0.000000,66.930134,0.000000,0.000000,0.000000,302,20.325657,87.255791,-0.0,87.255791,8.000000
302_CT_1-1,17,87.255791,0.000000,0.000000,1.000000,0.000000,0.000000,0.000000,0.000000,0.000000,66.930134,0.000000,0.000000,0.000000,302,20.325657,87.255791,-0.0,87.255791,4.000000
302_CT_1-2,17,99.695770,0.000000,0.000000,1.000000,0.000000,0.000000,0.000000,12.439979,0.000000,66.930134,0.000000,0.000000,0.000000,302,20.325657,99.695770,-0.0,99.695770,4.000000
302_CT_1-3,17,105.367241,0.000000,0.000000,1.000000,0.000000,0.000000,0.000000,18.111450,0.000000,66.930134,0.000000,0.000000,0.000000,302,20.325657,105.367241,-0.0,105.367241,4.000000
302_CT_2-0,17,87.255791,0.000000,0.000000,1.000000,0.000000,0.000000,0.000000,0.000000,0.000000,66.930134,0.000000,0.000000,0.000000,302,20.325657,87.255791,-0.0,87.255791,8.000000
302_CT_2-1,17,87.255791,0.000000,0.000000,1.000000,0.000000,0.000000,0.000000,0.000000,0.000000,66.930134,0.000000,0.000000,0.000000,302,20.325657,87.255791,-0.0,87.255791,4.000000
302_CT_2-2,17,99.695770,0.000000,0.000000,1.000000,0.000000,0.000000,0.000000,12.439979,0.000000,66.930134,0.000000,0.000000,0.000000,302,20.325657,99.695770,-0.0,99.695770,4.000000
302_CT_2-3,17,105.367241,0.000000,0.000000,1.000000,0.000000,0.000000,0.000000,18.111450,0.000000,66.930134,0.000000,0.000000,0.000000,302,20.325657,105.367241,-0.0,105.367241,4.000000
302_CT_3-0,17,33.791603,0.000000,0.000000,1.000000,0.000000,0.000000,0.000000,0.000000,0.000000,13.465946,0.000000,0.000000,0.000000,302,20.325657,33.791603,-0.0,33.791603,22.000000
302_CT_3-1,17,33.791603,0.000000,0.000000,1.000000,0.000000,0.000000,0.000000,0.000000,0.000000,13.465946,0.000000,0.000000,0.000000,302,20.325657,33.791603,-0.0,33.791603,11.000000
302_CT_3-2,17,38.382410,0.000000,0.000000,1.000000,0.000000,0.000000,0.000000,4.590807,0.000000,13.465946,0.000000,0.000000,0.000000,302,20.325657,38.382410,-0.0,38.382410,11.000000
302_CT_3-3,17,38.635080,0.000000,0.000000,1.000000,0.000000,0.000000,0.000000,4.843476,0.000000,13.465946,0.000000,0.000000,0.000000,302,20.325657,38.635080,-0.0,38.635080,11.000000
302_CT_4-0,17,33.791603,0.000000,0.000000,1.000000,0.000000,0.000000,0.000000,0.000000,0.000000,13.465946,0.000000,0.000000,0.000000,302,20.325657,33.791603,-0.0,33.791603,22.000000
302_CT_4-1,17,33.791603,0.000000,0.000000,1.000000,0.000000,0.000000,0.000000,0.000000,0.000000,13.465946,0.000000,0.000000,0.000000,302,20.325657,33.791603,-0.0,33.791603,11.000000
302_CT_4-2,17,38.382410,0.000000,0.000000,1.000000,0.000000,0.000000,0.000000,4.590807,0.000000,13.465946,0.000000,0.000000,0.000000,302,20.325657,38.382410,-0.0,38.382410,11.000000
302_CT_4-3,17,38.635080,0.000000,0.000000,1.000000,0.000000,0.000000,0.000000,4.843476,0.000000,13.465946,0.000000,0.000000,0.000000,302,20.325657,38.635080,-0.0,38.635080,11.000000
307_CT_1-0,17,27.894691,22.000000,8.449918,1.000000,0.000000,0.000000,0.000000,0.000000,0.000000,0.000000,0.000000,0.000000,0.000000,307,27.894691,27.894691,0.0,27.894691,22.000000
307_CT_1-1,17,27.894691,11.000000,4.224959,1.000000,0.000000,0.000000,0.000000,0.000000,0.000000,0.000000,0.000000,0.000000,0.000000,307,27.894691,27.894691,0.0,27.894691,11.000000
307_CT_1-2,17,29.220233,0.000000,0.000000,1.000000,0.000000,0.000000,0.000000,1.325542,0.000000,0.000000,0.000000,0.000000,0.000000,307,27.894691,29.220233,-0.0,29.220233,11.000000
307_CT_1-3,17,35.474770,0.000000,0.000000,1.000000,0.000000,0.000000,0.000000,7.580079,0.000000,0.000000,0.000000,0.000000,0.000000,307,27.894691,35.474770,-0.0,35.474770,11.000000
307_CT_2-0,17,27.894691,12.668196,4.865692,1.000000,0.000000,0.000000,0.000000,0.000000,0.000000,0.000000,0.000000,0.000000,0.000000,307,27.894691,27.894691,0.0,27.894691,22.000000
307_CT_2-1,17,27.894691,0.000000,0.000000,1.000000,0.000000,0.000000,0.000000,0.000000,0.000000,0.000000,0.000000,0.000000,0.000000,307,27.894691,27.894691,0.0,27.894691,11.000000
307_CT_2-2,17,29.220233,0.000000,0.000000,1.000000,0.000000,0.000000,0.000000,1.325542,0.000000,0.000000,0.000000,0.000000,0.000000,307,27.894691,29.220233,-0.0,29.220233,11.000000
307_CT_2-3,17,35.474770,0.000000,0.000000,1.000000,0.000000,0.000000,0.000000,7.580079,0.000000,0.000000,0.000000,0.000000,0.000000,307,27.894691,35.474770,-0.0,35.474770,11.000000
313_CC_1-0,17,15.731579,170.000000,36.823878,1.000000,0.000000,0.000000,8.806941,0.000000,0.000000,0.000000,0.000000,0.000000,0.000000,313,24.538520,15.731579,1497.1799699999997,15.731579,170.000000
313_CC_1-1,17,15.731579,61.666667,13.357681,1.000000,0.000000,0.000000,8.806941,0.000000,0.000000,0.000000,0.000000,0.000000,0.000000,313,24.538520,15.731579,543.0946979356469,15.731579,61.666667
313_CC_1-2,17,26.755735,0.000000,0.000000,1.000000,0.000000,0.000000,0.000000,2.217215,0.000000,0.000000,0.000000,0.000000,0.000000,313,24.538520,26.755735,-0.0,26.755735,61.666667
313_CC_1-3,17,33.752731,0.000000,0.000000,1.000000,0.000000,0.000000,0.000000,9.214211,0.000000,0.000000,0.000000,0.000000,0.000000,313,24.538520,33.752731,-0.0,33.752731,61.666667
315_STEAM_1-0,17,75.436777,0.000000,0.000000,1.000000,0.000000,0.000000,0.000000,0.000000,0.000000,58.422090,0.000000,0.000000,0.000000,315,17.014687,75.436777,-0.0,75.436777,5.000000
315_STEAM_1-1,17,75.436777,0.000000,0.000000,1.000000,0.000000,0.000000,0.000000,0.000000,0.000000,58.422090,0.000000,0.000000,0.000000,315,17.014687,75.436777,-0.0,75.436777,2.333333
315_STEAM_1-2,17,100.399529,0.000000,0.000000,1.000000,0.000000,0.000000,0.000000,24.962753,0.000000,58.422090,0.000000,0.000000,0.000000,315,17.014687,100.399529,-0.0,100.399529,2.333333
315_STEAM_1-3,17,124.099655,0.000000,0.000000,1.000000,0.000000,0.000000,0.000000,48.662879,0.000000,58.422090,0.000000,0.000000,0.000000,315,17.014687,124.099655,-0.0,124.099655,2.333333
315_STEAM_2-0,17,75.436777,0.000000,0.000000,1.000000,0.000000,0.000000,0.000000,0.000000,0.000000,58.422090,0.000000,0.000000,0.000000,315,17.014687,75.436777,-0.0,75.436777,5.000000
315_STEAM_2-1,17,75.436777,0.000000,0.000000,1.000000,0.000000,0.000000,0.000000,0.000000,0.000000,58.422090,0.000000,0.000000,0.000000,315,17.014687,75.436777,-0.0,75.436777,2.333333
315_STEAM_2-2,17,100.399529,0.000000,0.000000,1.000000,0.000000,0.000000,0.000000,24.962753,0.000000,58.422090,0.000000,0.000000,0.000000,315,17.014687,100.399529,-0.0,100.399529,2.333333
315_STEAM_2-3,17,124.099655,0.000000,0.000000,1.000000,0.000000,0.000000,0.000000,48.662879,0.000000,58.422090,0.000000,0.000000,0.000000,315,17.014687,124.099655,-0.0,124.099655,2.333333
315_STEAM_3-0,17,75.436777,0.000000,0.000000,1.000000,0.000000,0.000000,0.000000,0.000000,0.000000,58.422090,0.000000,0.000000,0.000000,315,17.014687,75.436777,-0.0,75.436777,5.000000
315_STEAM_3-1,17,75.436777,0.000000,0.000000,1.000000,0.000000,0.000000,0.000000,0.000000,0.000000,58.422090,0.000000,0.000000,0.000000,315,17.014687,75.436777,-0.0,75.436777,2.333333
315_STEAM_3-2,17,100.399529,0.000000,0.000000,1.000000,0.000000,0.000000,0.000000,24.962753,0.000000,58.422090,0.000000,0.000000,0.000000,315,17.014687,100.399529,-0.0,100.399529,2.333333
315_STEAM_3-3,17,124.099655,0.000000,0.000000,1.000000,0.000000,0.000000,0.000000,48.662879,0.000000,58.422090,0.000000,0.000000,0.000000,315,17.014687,124.099655,-0.0,124.099655,2.333333
315_STEAM_4-0,17,75.436777,0.000000,0.000000,1.000000,0.000000,0.000000,0.000000,0.000000,0.000000,58.422090,0.000000,0.000000,0.000000,315,17.014687,75.436777,-0.0,75.436777,5.000000
315_STEAM_4-1,17,75.436777,0.000000,0.000000,1.000000,0.000000,0.000000,0.000000,0.000000,0.000000,58.422090,0.000000,0.000000,0.000000,315,17.014687,75.436777,-0.0,75.436777,2.333333
315_STEAM_4-2,17,100.399529,0.000000,0.000000,1.000000,0.000000,0.000000,0.000000,24.962753,0.000000,58.422090,0.000000,0.000000,0.000000,315,17.014687,100.399529,-0.0,100.399529,2.333333
315_STEAM_4-3,17,124.099655,0.000000,0.000000,1.000000,0.000000,0.000000,0.000000,48.662879,0.000000,58.422090,0.000000,0.000000,0.000000,315,17.014687,124.099655,-0.0,124.099655,2.333333
315_STEAM_5-0,17,75.436777,0.000000,0.000000,1.000000,0.000000,0.000000,0.000000,0.000000,0.000000,58.422090,0.000000,0.000000,0.000000,315,17.014687,75.436777,-0.0,75.436777,5.000000
315_STEAM_5-1,17,75.436777,0.000000,0.000000,1.000000,0.000000,0.000000,0.000000,0.000000,0.000000,58.422090,0.000000,0.000000,0.000000,315,17.014687,75.436777,-0.0,75.436777,2.333333
315_STEAM_5-2,17,100.399529,0.000000,0.000000,1.000000,0.000000,0.000000,0.000000,24.962753,0.000000,58.422090,0.000000,0.000000,0.000000,315,17.014687,100.399529,-0.0,100.399529,2.333333
315_STEAM_5-3,17,124.099655,0.000000,0.000000,1.000000,0.000000,0.000000,0.000000,48.662879,0.000000,58.422090,0.000000,0.000000,0.000000,315,17.014687,124.099655,-0.0,124.099655,2.333333
315_CT_6-0,17,26.401998,0.000000,0.000000,1.000000,0.000000,0.000000,0.000000,0.000000,0.000000,9.387312,0.000000,0.000000,0.000000,315,17.014687,26.401998,-0.0,26.401998,22.000000
315_CT_6-1,17,26.401998,0.000000,0.000000,1.000000,0.000000,0.000000,0.000000,0.000000,0.000000,9.387312,0.000000,0.000000,0.000000,315,17.014687,26.401998,-0.0,26.401998,11.000000
315_CT_6-2,17,26.895675,0.000000,0.000000,1.000000,0.000000,0.000000,0.000000,0.493677,0.000000,9.387312,0.000000,0.000000,0.000000,315,17.014687,26.895675,-0.0,26.895675,11.000000
315_CT_6-3,17,31.855768,0.000000,0.000000,1.000000,0.000000,0.000000,0.000000,5.453770,0.000000,9.387312,0.000000,0.000000,0.000000,315,17.014687,31.855768,-0.0,31.855768,11.000000
315_CT_7-0,17,26.401998,0.000000,0.000000,1.000000,0.000000,0.000000,0.000000,0.000000,0.000000,9.387312,0.000000,0.000000,0.000000,315,17.014687,26.401998,-0.0,26.401998,22.000000
315_CT_7-1,17,26.401998,0.000000,0.000000,1.000000,0.000000,0.000000,0.000000,0.000000,0.000000,9.387312,0.000000,0.000000,0.000000,315,17.014687,26.401998,-0.0,26.401998,11.000000
315_CT_7-2,17,26.895675,0.000000,0.000000,1.000000,0.000000,0.000000,0.000000,0.493677,0.000000,9.387312,0.000000,0.000000,0.000000,315,17.014687,26.895675,-0.0,26.895675,11.000000
315_CT_7-3,17,31.855768,0.000000,0.000000,1.000000,0.000000,0.000000,0.000000,5.453770,0.000000,9.387312,0.000000,0.000000,0.000000,315,17.014687,31.855768,-0.0,31.855768,11.000000
315_CT_8-0,17,26.401998,0.000000,0.000000,1.000000,0.000000,0.000000,0.000000,0.000000,0.000000,9.387312,0.000000,0.000000,0.000000,315,17.014687,26.401998,-0.0,26.401998,22.000000
315_CT_8-1,17,26.401998,0.000000,0.000000,1.000000,0.000000,0.000000,0.000000,0.000000,0.000000,9.387312,0.000000,0.000000,0.000000,315,17.014687,26.401998,-0.0,26.401998,11.000000
315_CT_8-2,17,26.895675,0.000000,0.000000,1.000000,0.000000,0.000000,0.000000,0.493677,0.000000,9.387312,0.000000,0.000000,0.000000,315,17.014687,26.895675,-0.0,26.895675,11.000000
315_CT_8-3,17,31.855768,0.000000,0.000000,1.000000,0.000000,0.000000,0.000000,5.453770,0.000000,9.387312,0.000000,0.000000,0.000000,315,17.014687,31.855768,-0.0,31.855768,11.000000
316_STEAM_1-0,17,21.116646,0.000000,0.000000,1.000000,0.000000,0.000000,0.000000,0.000000,0.000000,2.388949,0.000000,0.000000,0.000000,316,18.727697,21.116646,-0.0,21.116646,62.000000
316_STEAM_1-1,17,21.116646,0.000000,0.000000,1.000000,0.000000,0.000000,0.000000,0.000000,0.000000,2.388949,0.000000,0.000000,0.000000,316,18.727697,21.116646,-0.0,21.116646,31.000000
316_STEAM_1-2,17,21.287879,0.000000,0.000000,1.000000,0.000000,0.000000,0.000000,0.171233,0.000000,2.388949,0.000000,0.000000,0.000000,316,18.727697,21.287879,-0.0,21.287879,31.000000
316_STEAM_1-3,17,27.274699,0.000000,0.000000,1.000000,0.000000,0.000000,0.000000,6.158053,0.000000,2.388949,0.000000,0.000000,0.000000,316,18.727697,27.274699,-0.0,27.274699,31.000000
318_CC_1-0,17,26.845141,0.000000,0.000000,1.000000,0.000000,0.000000,0.000000,0.000000,0.000000,9.001377,0.000000,0.000000,0.000000,318,17.843764,26.845141,-0.0,26.845141,170.000000
318_CC_1-1,17,26.845141,0.000000,0.000000,1.000000,0.000000,0.000000,0.000000,0.000000,0.000000,9.001377,0.000000,0.000000,0.000000,318,17.843764,26.845141,-0.0,26.845141,61.666667
318_CC_1-2,17,27.276623,0.000000,0.000000,1.000000,0.000000,0.000000,0.000000,0.431481,0.000000,9.001377,0.000000,0.000000,0.000000,318,17.843764,27.276623,-0.0,27.276623,61.666667
318_CC_1-3,17,31.529241,0.000000,0.000000,1.000000,0.000000,0.000000,0.000000,4.684100,0.000000,9.001377,0.000000,0.000000,0.000000,318,17.843764,31.529241,-0.0,31.529241,61.666667
321_CC_1-0,17,22.732463,0.000000,0.000000,1.000000,0.000000,0.000000,0.000000,0.000000,0.000000,5.149517,0.000000,0.000000,0.000000,321,17.582945,22.732463,-0.0,22.732463,170.000000
321_CC_1-1,17,22.732463,0.000000,0.000000,1.000000,0.000000,0.000000,0.000000,0.000000,0.000000,5.149517,0.000000,0.000000,0.000000,321,17.582945,22.732463,-0.0,22.732463,61.666667
321_CC_1-2,17,25.908321,0.000000,0.000000,1.000000,0.000000,0.000000,0.000000,3.175859,0.000000,5.149517,0.000000,0.000000,0.000000,321,17.582945,25.908321,-0.0,25.908321,61.666667
321_CC_1-3,17,33.947092,0.000000,0.000000,1.000000,0.000000,0.000000,0.000000,11.214630,0.000000,5.149517,0.000000,0.000000,0.000000,321,17.582945,33.947092,-0.0,33.947092,61.666667
322_CT_5-0,17,23.334982,0.000000,0.000000,1.000000,0.000000,0.000000,0.000000,5.539113,0.000000,0.000000,0.000000,0.000000,0.000000,322,17.795868,23.334982,-0.0,23.334982,22.000000
322_CT_5-1,17,23.334982,0.000000,0.000000,1.000000,0.000000,0.000000,0.000000,5.539113,0.000000,0.000000,0.000000,0.000000,0.000000,322,17.795868,23.334982,-0.0,23.334982,11.000000
322_CT_5-2,17,26.499179,0.000000,0.000000,1.000000,0.000000,0.000000,0.000000,8.703310,0.000000,0.000000,0.000000,0.000000,0.000000,322,17.795868,26.499179,-0.0,26.499179,11.000000
322_CT_5-3,17,27.894691,0.000000,0.000000,1.000000,0.000000,0.000000,0.000000,10.098822,0.000000,0.000000,0.000000,0.000000,0.000000,322,17.795868,27.894691,-0.0,27.894691,11.000000
322_CT_6-0,17,23.334982,0.000000,0.000000,1.000000,0.000000,0.000000,0.000000,5.539113,0.000000,0.000000,0.000000,0.000000,0.000000,322,17.795868,23.334982,-0.0,23.334982,22.000000
322_CT_6-1,17,23.334982,0.000000,0.000000,1.000000,0.000000,0.000000,0.000000,5.539113,0.000000,0.000000,0.000000,0.000000,0.000000,322,17.795868,23.334982,-0.0,23.334982,11.000000
322_CT_6-2,17,26.499179,0.000000,0.000000,1.000000,0.000000,0.000000,0.000000,8.703310,0.000000,0.000000,0.000000,0.000000,0.000000,322,17.795868,26.499179,-0.0,26.499179,11.000000
322_CT_6-3,17,27.894691,0.000000,0.000000,1.000000,0.000000,0.000000,0.000000,10.098822,0.000000,0.000000,0.000000,0.000000,0.000000,322,17.795868,27.894691,-0.0,27.894691,11.000000
323_CC_1-0,17,26.429209,0.000000,0.000000,1.000000,0.000000,0.000000,0.000000,0.000000,0.000000,4.312457,0.000000,0.000000,0.000000,323,22.116751,26.429209,-0.0,26.429209,170.000000
323_CC_1-1,17,26.429209,0.000000,0.000000,1.000000,0.000000,0.000000,0.000000,0.000000,0.000000,4.312457,0.000000,0.000000,0.000000,323,22.116751,26.429209,-0.0,26.429209,61.666667
323_CC_1-2,17,30.277557,0.000000,0.000000,1.000000,0.000000,0.000000,0.000000,3.848348,0.000000,4.312457,0.000000,0.000000,0.000000,323,22.116751,30.277557,-0.0,30.277557,61.666667
323_CC_1-3,17,31.727490,0.000000,0.000000,1.000000,0.000000,0.000000,0.000000,5.298281,0.000000,4.312457,0.000000,0.000000,0.000000,323,22.116751,31.727490,-0.0,31.727490,61.666667
323_CC_2-0,17,26.429209,0.000000,0.000000,1.000000,0.000000,0.000000,0.000000,0.000000,0.000000,4.312457,0.000000,0.000000,0.000000,323,22.116751,26.429209,-0.0,26.429209,170.000000
323_CC_2-1,17,26.429209,0.000000,0.000000,1.000000,0.000000,0.000000,0.000000,0.000000,0.000000,4.312457,0.000000,0.000000,0.000000,323,22.116751,26.429209,-0.0,26.429209,61.666667
323_CC_2-2,17,30.277557,0.000000,0.000000,1.000000,0.000000,0.000000,0.000000,3.848348,0.000000,4.312457,0.000000,0.000000,0.000000,323,22.116751,30.277557,-0.0,30.277557,61.666667
323_CC_2-3,17,31.727490,0.000000,0.000000,1.000000,0.000000,0.000000,0.000000,5.298281,0.000000,4.312457,0.000000,0.000000,0.000000,323,22.116751,31.727490,-0.0,31.727490,61.666667
322_HYDRO_1-0,17,0.000000,21.579167,0.000000,1.000000,0.000000,0.000000,17.795868,0.000000,0.000000,0.000000,0.000000,0.000000,0.000000,322,17.795868,0.000000,384.020007481956,0.000000,21.579167
322_HYDRO_1-1,17,0.000000,0.000000,0.000000,1.000000,0.000000,0.000000,17.795868,0.000000,0.000000,0.000000,0.000000,0.000000,0.000000,322,17.795868,0.000000,0.0,0.000000,0.000000
322_HYDRO_1-2,17,0.000000,0.000000,0.000000,1.000000,0.000000,0.000000,17.795868,0.000000,0.000000,0.000000,0.000000,0.000000,0.000000,322,17.795868,0.000000,0.0,0.000000,0.000000
322_HYDRO_1-3,17,0.000000,0.000000,0.000000,1.000000,0.000000,0.000000,17.795868,0.000000,0.000000,0.000000,0.000000,0.000000,0.000000,322,17.795868,0.000000,0.0,0.000000,0.000000
322_HYDRO_2-0,17,0.000000,21.579167,0.000000,1.000000,0.000000,0.000000,17.795868,0.000000,0.000000,0.000000,0.000000,0.000000,0.000000,322,17.795868,0.000000,384.020007481956,0.000000,21.579167
322_HYDRO_2-1,17,0.000000,0.000000,0.000000,1.000000,0.000000,0.000000,17.795868,0.000000,0.000000,0.000000,0.000000,0.000000,0.000000,322,17.795868,0.000000,0.0,0.000000,0.000000
322_HYDRO_2-2,17,0.000000,0.000000,0.000000,1.000000,0.000000,0.000000,17.795868,0.000000,0.000000,0.000000,0.000000,0.000000,0.000000,322,17.795868,0.000000,0.0,0.000000,0.000000
322_HYDRO_2-3,17,0.000000,0.000000,0.000000,1.000000,0.000000,0.000000,17.795868,0.000000,0.000000,0.000000,0.000000,0.000000,0.000000,322,17.795868,0.000000,0.0,0.000000,0.000000
322_HYDRO_3-0,17,0.000000,21.579167,0.000000,1.000000,0.000000,0.000000,17.795868,0.000000,0.000000,0.000000,0.000000,0.000000,0.000000,322,17.795868,0.000000,384.020007481956,0.000000,21.579167
322_HYDRO_3-1,17,0.000000,0.000000,0.000000,1.000000,0.000000,0.000000,17.795868,0.000000,0.000000,0.000000,0.000000,0.000000,0.000000,322,17.795868,0.000000,0.0,0.000000,0.000000
322_HYDRO_3-2,17,0.000000,0.000000,0.000000,1.000000,0.000000,0.000000,17.795868,0.000000,0.000000,0.000000,0.000000,0.000000,0.000000,322,17.795868,0.000000,0.0,0.000000,0.000000
322_HYDRO_3-3,17,0.000000,0.000000,0.000000,1.000000,0.000000,0.000000,17.795868,0.000000,0.000000,0.000000,0.000000,0.000000,0.000000,322,17.795868,0.000000,0.0,0.000000,0.000000
322_HYDRO_4-0,17,0.000000,21.579167,0.000000,1.000000,0.000000,0.000000,17.795868,0.000000,0.000000,0.000000,0.000000,0.000000,0.000000,322,17.795868,0.000000,384.020007481956,0.000000,21.579167
322_HYDRO_4-1,17,0.000000,0.000000,0.000000,1.000000,0.000000,0.000000,17.795868,0.000000,0.000000,0.000000,0.000000,0.000000,0.000000,322,17.795868,0.000000,0.0,0.000000,0.000000
322_HYDRO_4-2,17,0.000000,0.000000,0.000000,1.000000,0.000000,0.000000,17.795868,0.000000,0.000000,0.000000,0.000000,0.000000,0.000000,322,17.795868,0.000000,0.0,0.000000,0.000000
322_HYDRO_4-3,17,0.000000,0.000000,0.000000,1.000000,0.000000,0.000000,17.795868,0.000000,0.000000,0.000000,0.000000,0.000000,0.000000,322,17.795868,0.000000,0.0,0.000000,0.000000
301_CT_1-0,18,87.255791,0.000000,0.000000,1.000000,0.000000,0.000000,0.000000,0.000000,0.000000,74.799889,0.000000,0.000000,0.000000,301,12.455902,87.255791,-0.0,87.255791,8.000000
301_CT_1-1,18,87.255791,0.000000,0.000000,1.000000,0.000000,0.000000,0.000000,0.000000,0.000000,74.799889,0.000000,0.000000,0.000000,301,12.455902,87.255791,-0.0,87.255791,4.000000
301_CT_1-2,18,99.695770,0.000000,0.000000,1.000000,0.000000,0.000000,0.000000,12.439979,0.000000,74.799889,0.000000,0.000000,0.000000,301,12.455902,99.695770,-0.0,99.695770,4.000000
301_CT_1-3,18,105.367241,0.000000,0.000000,1.000000,0.000000,0.000000,0.000000,18.111450,0.000000,74.799889,0.000000,0.000000,0.000000,301,12.455902,105.367241,-0.0,105.367241,4.000000
301_CT_2-0,18,87.255791,0.000000,0.000000,1.000000,0.000000,0.000000,0.000000,0.000000,0.000000,74.799889,0.000000,0.000000,0.000000,301,12.455902,87.255791,-0.0,87.255791,8.000000
301_CT_2-1,18,87.255791,0.000000,0.000000,1.000000,0.000000,0.000000,0.000000,0.000000,0.000000,74.799889,0.000000,0.000000,0.000000,301,12.455902,87.255791,-0.0,87.255791,4.000000
301_CT_2-2,18,99.695770,0.000000,0.000000,1.000000,0.000000,0.000000,0.000000,12.439979,0.000000,74.799889,0.000000,0.000000,0.000000,301,12.455902,99.695770,-0.0,99.695770,4.000000
301_CT_2-3,18,105.367241,0.000000,0.000000,1.000000,0.000000,0.000000,0.000000,18.111450,0.000000,74.799889,0.000000,0.000000,0.000000,301,12.455902,105.367241,-0.0,105.367241,4.000000
301_CT_3-0,18,28.469999,0.000000,0.000000,1.000000,0.000000,0.000000,0.000000,0.000000,0.000000,16.014097,0.000000,0.000000,0.000000,301,12.455902,28.469999,-0.0,28.469999,22.000000
301_CT_3-1,18,28.469999,0.000000,0.000000,1.000000,0.000000,0.000000,0.000000,0.000000,0.000000,16.014097,0.000000,0.000000,0.000000,301,12.455902,28.469999,-0.0,28.469999,11.000000
301_CT_3-2,18,29.286315,0.000000,0.000000,1.000000,0.000000,0.000000,0.000000,0.816316,0.000000,16.014097,0.000000,0.000000,0.000000,301,12.455902,29.286315,-0.0,29.286315,11.000000
301_CT_3-3,18,43.742887,0.000000,0.000000,1.000000,0.000000,0.000000,0.000000,15.272887,0.000000,16.014097,0.000000,0.000000,0.000000,301,12.455902,43.742887,-0.0,43.742887,11.000000
301_CT_4-0,18,28.469999,0.000000,0.000000,1.000000,0.000000,0.000000,0.000000,0.000000,0.000000,16.014097,0.000000,0.000000,0.000000,301,12.455902,28.469999,-0.0,28.469999,22.000000
301_CT_4-1,18,28.469999,0.000000,0.000000,1.000000,0.000000,0.000000,0.000000,0.000000,0.000000,16.014097,0.000000,0.000000,0.000000,301,12.455902,28.469999,-0.0,28.469999,11.000000
301_CT_4-2,18,29.286315,0.000000,0.000000,1.000000,0.000000,0.000000,0.000000,0.816316,0.000000,16.014097,0.000000,0.000000,0.000000,301,12.455902,29.286315,-0.0,29.286315,11.000000
301_CT_4-3,18,43.742887,0.000000,0.000000,1.000000,0.000000,0.000000,0.000000,15.272887,0.000000,16.014097,0.000000,0.000000,0.000000,301,12.455902,43.742887,-0.0,43.742887,11.000000
302_CT_1-0,18,87.255791,0.000000,0.000000,1.000000,0.000000,0.000000,0.000000,0.000000,0.000000,74.225067,0.000000,0.000000,0.000000,302,13.030724,87.255791,-0.0,87.255791,8.000000
302_CT_1-1,18,87.255791,0.000000,0.000000,1.000000,0.000000,0.000000,0.000000,0.000000,0.000000,74.225067,0.000000,0.000000,0.000000,302,13.030724,87.255791,-0.0,87.255791,4.000000
302_CT_1-2,18,99.695770,0.000000,0.000000,1.000000,0.000000,0.000000,0.000000,12.439979,0.000000,74.225067,0.000000,0.000000,0.000000,302,13.030724,99.695770,-0.0,99.695770,4.000000
302_CT_1-3,18,105.367241,0.000000,0.000000,1.000000,0.000000,0.000000,0.000000,18.111450,0.000000,74.225067,0.000000,0.000000,0.000000,302,13.030724,105.367241,-0.0,105.367241,4.000000
302_CT_2-0,18,87.255791,0.000000,0.000000,1.000000,0.000000,0.000000,0.000000,0.000000,0.000000,74.225067,0.000000,0.000000,0.000000,302,13.030724,87.255791,-0.0,87.255791,8.000000
302_CT_2-1,18,87.255791,0.000000,0.000000,1.000000,0.000000,0.000000,0.000000,0.000000,0.000000,74.225067,0.000000,0.000000,0.000000,302,13.030724,87.255791,-0.0,87.255791,4.000000
302_CT_2-2,18,99.695770,0.000000,0.000000,1.000000,0.000000,0.000000,0.000000,12.439979,0.000000,74.225067,0.000000,0.000000,0.000000,302,13.030724,99.695770,-0.0,99.695770,4.000000
302_CT_2-3,18,105.367241,0.000000,0.000000,1.000000,0.000000,0.000000,0.000000,18.111450,0.000000,74.225067,0.000000,0.000000,0.000000,302,13.030724,105.367241,-0.0,105.367241,4.000000
302_CT_3-0,18,33.791603,0.000000,0.000000,1.000000,0.000000,0.000000,0.000000,20.760879,0.000000,0.000000,0.000000,0.000000,0.000000,302,13.030724,33.791603,-0.0,33.791603,22.000000
302_CT_3-1,18,33.791603,0.000000,0.000000,1.000000,0.000000,0.000000,0.000000,20.760879,0.000000,0.000000,0.000000,0.000000,0.000000,302,13.030724,33.791603,-0.0,33.791603,11.000000
302_CT_3-2,18,38.382410,0.000000,0.000000,1.000000,0.000000,0.000000,0.000000,25.351686,0.000000,0.000000,0.000000,0.000000,0.000000,302,13.030724,38.382410,-0.0,38.382410,11.000000
302_CT_3-3,18,38.635080,0.000000,0.000000,1.000000,0.000000,0.000000,0.000000,25.604355,0.000000,0.000000,0.000000,0.000000,0.000000,302,13.030724,38.635080,-0.0,38.635080,11.000000
302_CT_4-0,18,33.791603,0.000000,0.000000,1.000000,0.000000,0.000000,0.000000,0.000000,0.000000,20.760879,0.000000,0.000000,0.000000,302,13.030724,33.791603,-0.0,33.791603,22.000000
302_CT_4-1,18,33.791603,0.000000,0.000000,1.000000,0.000000,0.000000,0.000000,0.000000,0.000000,20.760879,0.000000,0.000000,0.000000,302,13.030724,33.791603,-0.0,33.791603,11.000000
302_CT_4-2,18,38.382410,0.000000,0.000000,1.000000,0.000000,0.000000,0.000000,4.590807,0.000000,20.760879,0.000000,0.000000,0.000000,302,13.030724,38.382410,-0.0,38.382410,11.000000
302_CT_4-3,18,38.635080,0.000000,0.000000,1.000000,0.000000,0.000000,0.000000,4.843476,0.000000,20.760879,0.000000,0.000000,0.000000,302,13.030724,38.635080,-0.0,38.635080,11.000000
307_CT_1-0,18,27.894691,0.000000,0.000000,1.000000,0.000000,0.000000,0.000000,0.000000,0.000000,10.011479,0.000000,0.000000,0.000000,307,17.883211,27.894691,-0.0,27.894691,22.000000
307_CT_1-1,18,27.894691,0.000000,0.000000,1.000000,0.000000,0.000000,0.000000,0.000000,0.000000,10.011479,0.000000,0.000000,0.000000,307,17.883211,27.894691,-0.0,27.894691,11.000000
307_CT_1-2,18,29.220233,0.000000,0.000000,1.000000,0.000000,0.000000,0.000000,1.325542,0.000000,10.011479,0.000000,0.000000,0.000000,307,17.883211,29.220233,-0.0,29.220233,11.000000
307_CT_1-3,18,35.474770,0.000000,0.000000,1.000000,0.000000,0.000000,0.000000,7.580079,0.000000,10.011479,0.000000,0.000000,0.000000,307,17.883211,35.474770,-0.0,35.474770,11.000000
307_CT_2-0,18,27.894691,0.000000,0.000000,1.000000,0.000000,0.000000,0.000000,0.000000,0.000000,10.011479,0.000000,0.000000,0.000000,307,17.883211,27.894691,-0.0,27.894691,22.000000
307_CT_2-1,18,27.894691,0.000000,0.000000,1.000000,0.000000,0.000000,0.000000,0.000000,0.000000,10.011479,0.000000,0.000000,0.000000,307,17.883211,27.894691,-0.0,27.894691,11.000000
307_CT_2-2,18,29.220233,0.000000,0.000000,1.000000,0.000000,0.000000,0.000000,1.325542,0.000000,10.011479,0.000000,0.000000,0.000000,307,17.883211,29.220233,-0.0,29.220233,11.000000
307_CT_2-3,18,35.474770,0.000000,0.000000,1.000000,0.000000,0.000000,0.000000,7.580079,0.000000,10.011479,0.000000,0.000000,0.000000,307,17.883211,35.474770,-0.0,35.474770,11.000000
313_CC_1-0,18,15.731579,140.428983,30.418469,1.000000,0.000000,0.000000,0.000000,0.000000,0.000000,0.000000,0.000000,0.000000,0.000000,313,15.731579,15.731579,0.0,15.731579,170.000000
313_CC_1-1,18,15.731579,0.000000,0.000000,1.000000,0.000000,0.000000,0.000000,0.000000,0.000000,0.000000,0.000000,0.000000,0.000000,313,15.731579,15.731579,0.0,15.731579,61.666667
313_CC_1-2,18,26.755735,0.000000,0.000000,1.000000,0.000000,0.000000,0.000000,11.024156,0.000000,0.000000,0.000000,0.000000,0.000000,313,15.731579,26.755735,-0.0,26.755735,61.666667
313_CC_1-3,18,33.752731,0.000000,0.000000,1.000000,0.000000,0.000000,0.000000,18.021152,0.000000,0.000000,0.000000,0.000000,0.000000,313,15.731579,33.752731,-0.0,33.752731,61.666667
315_STEAM_1-0,18,75.436777,0.000000,0.000000,1.000000,0.000000,0.000000,0.000000,0.000000,0.000000,64.528707,0.000000,0.000000,0.000000,315,10.908070,75.436777,-0.0,75.436777,5.000000
315_STEAM_1-1,18,75.436777,0.000000,0.000000,1.000000,0.000000,0.000000,0.000000,0.000000,0.000000,64.528707,0.000000,0.000000,0.000000,315,10.908070,75.436777,-0.0,75.436777,2.333333
315_STEAM_1-2,18,100.399529,0.000000,0.000000,1.000000,0.000000,0.000000,0.000000,24.962753,0.000000,64.528707,0.000000,0.000000,0.000000,315,10.908070,100.399529,-0.0,100.399529,2.333333
315_STEAM_1-3,18,124.099655,0.000000,0.000000,1.000000,0.000000,0.000000,0.000000,48.662879,0.000000,64.528707,0.000000,0.000000,0.000000,315,10.908070,124.099655,-0.0,124.099655,2.333333
315_STEAM_2-0,18,75.436777,0.000000,0.000000,1.000000,0.000000,0.000000,0.000000,0.000000,0.000000,64.528707,0.000000,0.000000,0.000000,315,10.908070,75.436777,-0.0,75.436777,5.000000
315_STEAM_2-1,18,75.436777,0.000000,0.000000,1.000000,0.000000,0.000000,0.000000,0.000000,0.000000,64.528707,0.000000,0.000000,0.000000,315,10.908070,75.436777,-0.0,75.436777,2.333333
315_STEAM_2-2,18,100.399529,0.000000,0.000000,1.000000,0.000000,0.000000,0.000000,24.962753,0.000000,64.528707,0.000000,0.000000,0.000000,315,10.908070,100.399529,-0.0,100.399529,2.333333
315_STEAM_2-3,18,124.099655,0.000000,0.000000,1.000000,0.000000,0.000000,0.000000,48.662879,0.000000,64.528707,0.000000,0.000000,0.000000,315,10.908070,124.099655,-0.0,124.099655,2.333333
315_STEAM_3-0,18,75.436777,0.000000,0.000000,1.000000,0.000000,0.000000,0.000000,0.000000,0.000000,64.528707,0.000000,0.000000,0.000000,315,10.908070,75.436777,-0.0,75.436777,5.000000
315_STEAM_3-1,18,75.436777,0.000000,0.000000,1.000000,0.000000,0.000000,0.000000,0.000000,0.000000,64.528707,0.000000,0.000000,0.000000,315,10.908070,75.436777,-0.0,75.436777,2.333333
315_STEAM_3-2,18,100.399529,0.000000,0.000000,1.000000,0.000000,0.000000,0.000000,24.962753,0.000000,64.528707,0.000000,0.000000,0.000000,315,10.908070,100.399529,-0.0,100.399529,2.333333
315_STEAM_3-3,18,124.099655,0.000000,0.000000,1.000000,0.000000,0.000000,0.000000,48.662879,0.000000,64.528707,0.000000,0.000000,0.000000,315,10.908070,124.099655,-0.0,124.099655,2.333333
315_STEAM_4-0,18,75.436777,0.000000,0.000000,1.000000,0.000000,0.000000,0.000000,0.000000,0.000000,64.528707,0.000000,0.000000,0.000000,315,10.908070,75.436777,-0.0,75.436777,5.000000
315_STEAM_4-1,18,75.436777,0.000000,0.000000,1.000000,0.000000,0.000000,0.000000,0.000000,0.000000,64.528707,0.000000,0.000000,0.000000,315,10.908070,75.436777,-0.0,75.436777,2.333333
315_STEAM_4-2,18,100.399529,0.000000,0.000000,1.000000,0.000000,0.000000,0.000000,24.962753,0.000000,64.528707,0.000000,0.000000,0.000000,315,10.908070,100.399529,-0.0,100.399529,2.333333
315_STEAM_4-3,18,124.099655,0.000000,0.000000,1.000000,0.000000,0.000000,0.000000,48.662879,0.000000,64.528707,0.000000,0.000000,0.000000,315,10.908070,124.099655,-0.0,124.099655,2.333333
315_STEAM_5-0,18,75.436777,0.000000,0.000000,1.000000,0.000000,0.000000,0.000000,0.000000,0.000000,64.528707,0.000000,0.000000,0.000000,315,10.908070,75.436777,-0.0,75.436777,5.000000
315_STEAM_5-1,18,75.436777,0.000000,0.000000,1.000000,0.000000,0.000000,0.000000,0.000000,0.000000,64.528707,0.000000,0.000000,0.000000,315,10.908070,75.436777,-0.0,75.436777,2.333333
315_STEAM_5-2,18,100.399529,0.000000,0.000000,1.000000,0.000000,0.000000,0.000000,24.962753,0.000000,64.528707,0.000000,0.000000,0.000000,315,10.908070,100.399529,-0.0,100.399529,2.333333
315_STEAM_5-3,18,124.099655,0.000000,0.000000,1.000000,0.000000,0.000000,0.000000,48.662879,0.000000,64.528707,0.000000,0.000000,0.000000,315,10.908070,124.099655,-0.0,124.099655,2.333333
315_CT_6-0,18,26.401998,0.000000,0.000000,1.000000,0.000000,0.000000,0.000000,0.000000,0.000000,15.493928,0.000000,0.000000,0.000000,315,10.908070,26.401998,-0.0,26.401998,22.000000
315_CT_6-1,18,26.401998,0.000000,0.000000,1.000000,0.000000,0.000000,0.000000,0.000000,0.000000,15.493928,0.000000,0.000000,0.000000,315,10.908070,26.401998,-0.0,26.401998,11.000000
315_CT_6-2,18,26.895675,0.000000,0.000000,1.000000,0.000000,0.000000,0.000000,0.493677,0.000000,15.493928,0.000000,0.000000,0.000000,315,10.908070,26.895675,-0.0,26.895675,11.000000
315_CT_6-3,18,31.855768,0.000000,0.000000,1.000000,0.000000,0.000000,0.000000,5.453770,0.000000,15.493928,0.000000,0.000000,0.000000,315,10.908070,31.855768,-0.0,31.855768,11.000000
315_CT_7-0,18,26.401998,0.000000,0.000000,1.000000,0.000000,0.000000,0.000000,0.000000,0.000000,15.493928,0.000000,0.000000,0.000000,315,10.908070,26.401998,-0.0,26.401998,22.000000
315_CT_7-1,18,26.401998,0.000000,0.000000,1.000000,0.000000,0.000000,0.000000,0.000000,0.000000,15.493928,0.000000,0.000000,0.000000,315,10.908070,26.401998,-0.0,26.401998,11.000000
315_CT_7-2,18,26.895675,0.000000,0.000000,1.000000,0.000000,0.000000,0.000000,0.493677,0.000000,15.493928,0.000000,0.000000,0.000000,315,10.908070,26.895675,-0.0,26.895675,11.000000
315_CT_7-3,18,31.855768,0.000000,0.000000,1.000000,0.000000,0.000000,0.000000,5.453770,0.000000,15.493928,0.000000,0.000000,0.000000,315,10.908070,31.855768,-0.0,31.855768,11.000000
315_CT_8-0,18,26.401998,0.000000,0.000000,1.000000,0.000000,0.000000,0.000000,0.000000,0.000000,15.493928,0.000000,0.000000,0.000000,315,10.908070,26.401998,-0.0,26.401998,22.000000
315_CT_8-1,18,26.401998,0.000000,0.000000,1.000000,0.000000,0.000000,0.000000,0.000000,0.000000,15.493928,0.000000,0.000000,0.000000,315,10.908070,26.401998,-0.0,26.401998,11.000000
315_CT_8-2,18,26.895675,0.000000,0.000000,1.000000,0.000000,0.000000,0.000000,0.493677,0.000000,15.493928,0.000000,0.000000,0.000000,315,10.908070,26.895675,-0.0,26.895675,11.000000
315_CT_8-3,18,31.855768,0.000000,0.000000,1.000000,0.000000,0.000000,0.000000,5.453770,0.000000,15.493928,0.000000,0.000000,0.000000,315,10.908070,31.855768,-0.0,31.855768,11.000000
316_STEAM_1-0,18,21.116646,0.000000,0.000000,1.000000,0.000000,0.000000,0.000000,0.000000,0.000000,9.110370,0.000000,0.000000,0.000000,316,12.006276,21.116646,-0.0,21.116646,62.000000
316_STEAM_1-1,18,21.116646,0.000000,0.000000,1.000000,0.000000,0.000000,0.000000,0.000000,0.000000,9.110370,0.000000,0.000000,0.000000,316,12.006276,21.116646,-0.0,21.116646,31.000000
316_STEAM_1-2,18,21.287879,0.000000,0.000000,1.000000,0.000000,0.000000,0.000000,0.171233,0.000000,9.110370,0.000000,0.000000,0.000000,316,12.006276,21.287879,-0.0,21.287879,31.000000
316_STEAM_1-3,18,27.274699,0.000000,0.000000,1.000000,0.000000,0.000000,0.000000,6.158053,0.000000,9.110370,0.000000,0.000000,0.000000,316,12.006276,27.274699,-0.0,27.274699,31.000000
318_CC_1-0,18,26.845141,0.000000,0.000000,1.000000,0.000000,0.000000,0.000000,0.000000,0.000000,15.405552,0.000000,0.000000,0.000000,318,11.439590,26.845141,-0.0,26.845141,170.000000
318_CC_1-1,18,26.845141,0.000000,0.000000,1.000000,0.000000,0.000000,0.000000,0.000000,0.000000,15.405552,0.000000,0.000000,0.000000,318,11.439590,26.845141,-0.0,26.845141,61.666667
318_CC_1-2,18,27.276623,0.000000,0.000000,1.000000,0.000000,0.000000,0.000000,0.431481,0.000000,15.405552,0.000000,0.000000,0.000000,318,11.439590,27.276623,-0.0,27.276623,61.666667
318_CC_1-3,18,31.529241,0.000000,0.000000,1.000000,0.000000,0.000000,0.000000,4.684100,0.000000,15.405552,0.000000,0.000000,0.000000,318,11.439590,31.529241,-0.0,31.529241,61.666667
321_CC_1-0,18,22.732463,0.000000,0.000000,1.000000,0.000000,0.000000,0.000000,0.000000,0.000000,11.460083,0.000000,0.000000,0.000000,321,11.272379,22.732463,-0.0,22.732463,170.000000
321_CC_1-1,18,22.732463,0.000000,0.000000,1.000000,0.000000,0.000000,0.000000,0.000000,0.000000,11.460083,0.000000,0.000000,0.000000,321,11.272379,22.732463,-0.0,22.732463,61.666667
321_CC_1-2,18,25.908321,0.000000,0.000000,1.000000,0.000000,0.000000,0.000000,3.175859,0.000000,11.460083,0.000000,0.000000,0.000000,321,11.272379,25.908321,-0.0,25.908321,61.666667
321_CC_1-3,18,33.947092,0.000000,0.000000,1.000000,0.000000,0.000000,0.000000,11.214630,0.000000,11.460083,0.000000,0.000000,0.000000,321,11.272379,33.947092,-0.0,33.947092,61.666667
322_CT_5-0,18,23.334982,0.000000,0.000000,1.000000,0.000000,0.000000,0.000000,11.926098,0.000000,0.000000,0.000000,0.000000,0.000000,322,11.408884,23.334982,-0.0,23.334982,22.000000
322_CT_5-1,18,23.334982,0.000000,0.000000,1.000000,0.000000,0.000000,0.000000,11.926098,0.000000,0.000000,0.000000,0.000000,0.000000,322,11.408884,23.334982,-0.0,23.334982,11.000000
322_CT_5-2,18,26.499179,0.000000,0.000000,1.000000,0.000000,0.000000,0.000000,15.090295,0.000000,0.000000,0.000000,0.000000,0.000000,322,11.408884,26.499179,-0.0,26.499179,11.000000
322_CT_5-3,18,27.894691,0.000000,0.000000,1.000000,0.000000,0.000000,0.000000,16.485807,0.000000,0.000000,0.000000,0.000000,0.000000,322,11.408884,27.894691,-0.0,27.894691,11.000000
322_CT_6-0,18,23.334982,0.000000,0.000000,1.000000,0.000000,0.000000,0.000000,11.926098,0.000000,0.000000,0.000000,0.000000,0.000000,322,11.408884,23.334982,-0.0,23.334982,22.000000
322_CT_6-1,18,23.334982,0.000000,0.000000,1.000000,0.000000,0.000000,0.000000,11.926098,0.000000,0.000000,0.000000,0.000000,0.000000,322,11.408884,23.334982,-0.0,23.334982,11.000000
322_CT_6-2,18,26.499179,0.000000,0.000000,1.000000,0.000000,0.000000,0.000000,15.090295,0.000000,0.000000,0.000000,0.000000,0.000000,322,11.408884,26.499179,-0.0,26.499179,11.000000
322_CT_6-3,18,27.894691,0.000000,0.000000,1.000000,0.000000,0.000000,0.000000,16.485807,0.000000,0.000000,0.000000,0.000000,0.000000,322,11.408884,27.894691,-0.0,27.894691,11.000000
323_CC_1-0,18,26.429209,0.000000,0.000000,1.000000,0.000000,0.000000,0.000000,12.250219,0.000000,0.000000,0.000000,0.000000,0.000000,323,14.178990,26.429209,-0.0,26.429209,170.000000
323_CC_1-1,18,26.429209,0.000000,0.000000,1.000000,0.000000,0.000000,0.000000,12.250219,0.000000,0.000000,0.000000,0.000000,0.000000,323,14.178990,26.429209,-0.0,26.429209,61.666667
323_CC_1-2,18,30.277557,0.000000,0.000000,1.000000,0.000000,0.000000,0.000000,16.098567,0.000000,0.000000,0.000000,0.000000,0.000000,323,14.178990,30.277557,-0.0,30.277557,61.666667
323_CC_1-3,18,31.727490,0.000000,0.000000,1.000000,0.000000,0.000000,0.000000,17.548500,0.000000,0.000000,0.000000,0.000000,0.000000,323,14.178990,31.727490,-0.0,31.727490,61.666667
323_CC_2-0,18,26.429209,0.000000,0.000000,1.000000,0.000000,0.000000,0.000000,12.250219,0.000000,0.000000,0.000000,0.000000,0.000000,323,14.178990,26.429209,-0.0,26.429209,170.000000
323_CC_2-1,18,26.429209,0.000000,0.000000,1.000000,0.000000,0.000000,0.000000,12.250219,0.000000,0.000000,0.000000,0.000000,0.000000,323,14.178990,26.429209,-0.0,26.429209,61.666667
323_CC_2-2,18,30.277557,0.000000,0.000000,1.000000,0.000000,0.000000,0.000000,16.098567,0.000000,0.000000,0.000000,0.000000,0.000000,323,14.178990,30.277557,-0.0,30.277557,61.666667
323_CC_2-3,18,31.727490,0.000000,0.000000,1.000000,0.000000,0.000000,0.000000,17.548500,0.000000,0.000000,0.000000,0.000000,0.000000,323,14.178990,31.727490,-0.0,31.727490,61.666667
322_HYDRO_1-0,18,0.000000,23.975000,0.000000,1.000000,0.000000,0.000000,11.408884,0.000000,0.000000,0.000000,0.000000,0.000000,0.000000,322,11.408884,0.000000,273.5279939,0.000000,23.975000
322_HYDRO_1-1,18,0.000000,0.000000,0.000000,1.000000,0.000000,0.000000,11.408884,0.000000,0.000000,0.000000,0.000000,0.000000,0.000000,322,11.408884,0.000000,0.0,0.000000,0.000000
322_HYDRO_1-2,18,0.000000,0.000000,0.000000,1.000000,0.000000,0.000000,11.408884,0.000000,0.000000,0.000000,0.000000,0.000000,0.000000,322,11.408884,0.000000,0.0,0.000000,0.000000
322_HYDRO_1-3,18,0.000000,0.000000,0.000000,1.000000,0.000000,0.000000,11.408884,0.000000,0.000000,0.000000,0.000000,0.000000,0.000000,322,11.408884,0.000000,0.0,0.000000,0.000000
322_HYDRO_2-0,18,0.000000,23.975000,0.000000,1.000000,0.000000,0.000000,11.408884,0.000000,0.000000,0.000000,0.000000,0.000000,0.000000,322,11.408884,0.000000,273.5279939,0.000000,23.975000
322_HYDRO_2-1,18,0.000000,0.000000,0.000000,1.000000,0.000000,0.000000,11.408884,0.000000,0.000000,0.000000,0.000000,0.000000,0.000000,322,11.408884,0.000000,0.0,0.000000,0.000000
322_HYDRO_2-2,18,0.000000,0.000000,0.000000,1.000000,0.000000,0.000000,11.408884,0.000000,0.000000,0.000000,0.000000,0.000000,0.000000,322,11.408884,0.000000,0.0,0.000000,0.000000
322_HYDRO_2-3,18,0.000000,0.000000,0.000000,1.000000,0.000000,0.000000,11.408884,0.000000,0.000000,0.000000,0.000000,0.000000,0.000000,322,11.408884,0.000000,0.0,0.000000,0.000000
322_HYDRO_3-0,18,0.000000,23.975000,0.000000,1.000000,0.000000,0.000000,11.408884,0.000000,0.000000,0.000000,0.000000,0.000000,0.000000,322,11.408884,0.000000,273.5279939,0.000000,23.975000
322_HYDRO_3-1,18,0.000000,0.000000,0.000000,1.000000,0.000000,0.000000,11.408884,0.000000,0.000000,0.000000,0.000000,0.000000,0.000000,322,11.408884,0.000000,0.0,0.000000,0.000000
322_HYDRO_3-2,18,0.000000,0.000000,0.000000,1.000000,0.000000,0.000000,11.408884,0.000000,0.000000,0.000000,0.000000,0.000000,0.000000,322,11.408884,0.000000,0.0,0.000000,0.000000
322_HYDRO_3-3,18,0.000000,0.000000,0.000000,1.000000,0.000000,0.000000,11.408884,0.000000,0.000000,0.000000,0.000000,0.000000,0.000000,322,11.408884,0.000000,0.0,0.000000,0.000000
322_HYDRO_4-0,18,0.000000,23.975000,0.000000,1.000000,0.000000,0.000000,11.408884,0.000000,0.000000,0.000000,0.000000,0.000000,0.000000,322,11.408884,0.000000,273.5279939,0.000000,23.975000
322_HYDRO_4-1,18,0.000000,0.000000,0.000000,1.000000,0.000000,0.000000,11.408884,0.000000,0.000000,0.000000,0.000000,0.000000,0.000000,322,11.408884,0.000000,0.0,0.000000,0.000000
322_HYDRO_4-2,18,0.000000,0.000000,0.000000,1.000000,0.000000,0.000000,11.408884,0.000000,0.000000,0.000000,0.000000,0.000000,0.000000,322,11.408884,0.000000,0.0,0.000000,0.000000
322_HYDRO_4-3,18,0.000000,0.000000,0.000000,1.000000,0.000000,0.000000,11.408884,0.000000,0.000000,0.000000,0.000000,0.000000,0.000000,322,11.408884,0.000000,0.0,0.000000,0.000000
301_CT_1-0,19,87.255791,0.000000,0.000000,1.000000,0.000000,0.000000,0.000000,0.000000,0.000000,64.523329,0.000000,0.000000,0.000000,301,22.732463,87.255791,-0.0,87.255791,8.000000
301_CT_1-1,19,87.255791,0.000000,0.000000,1.000000,0.000000,0.000000,0.000000,0.000000,0.000000,64.523329,0.000000,0.000000,0.000000,301,22.732463,87.255791,-0.0,87.255791,4.000000
301_CT_1-2,19,99.695770,0.000000,0.000000,1.000000,0.000000,0.000000,0.000000,12.439979,0.000000,64.523329,0.000000,0.000000,0.000000,301,22.732463,99.695770,-0.0,99.695770,4.000000
301_CT_1-3,19,105.367241,0.000000,0.000000,1.000000,0.000000,0.000000,0.000000,18.111450,0.000000,64.523329,0.000000,0.000000,0.000000,301,22.732463,105.367241,-0.0,105.367241,4.000000
301_CT_2-0,19,87.255791,0.000000,0.000000,1.000000,0.000000,0.000000,0.000000,0.000000,0.000000,64.523329,0.000000,0.000000,0.000000,301,22.732463,87.255791,-0.0,87.255791,8.000000
301_CT_2-1,19,87.255791,0.000000,0.000000,1.000000,0.000000,0.000000,0.000000,0.000000,0.000000,64.523329,0.000000,0.000000,0.000000,301,22.732463,87.255791,-0.0,87.255791,4.000000
301_CT_2-2,19,99.695770,0.000000,0.000000,1.000000,0.000000,0.000000,0.000000,12.439979,0.000000,64.523329,0.000000,0.000000,0.000000,301,22.732463,99.695770,-0.0,99.695770,4.000000
301_CT_2-3,19,105.367241,0.000000,0.000000,1.000000,0.000000,0.000000,0.000000,18.111450,0.000000,64.523329,0.000000,0.000000,0.000000,301,22.732463,105.367241,-0.0,105.367241,4.000000
301_CT_3-0,19,28.469999,0.000000,0.000000,1.000000,0.000000,0.000000,0.000000,5.737537,0.000000,0.000000,0.000000,0.000000,0.000000,301,22.732463,28.469999,-0.0,28.469999,22.000000
301_CT_3-1,19,28.469999,0.000000,0.000000,1.000000,0.000000,0.000000,0.000000,5.737537,0.000000,0.000000,0.000000,0.000000,0.000000,301,22.732463,28.469999,-0.0,28.469999,11.000000
301_CT_3-2,19,29.286315,0.000000,0.000000,1.000000,0.000000,0.000000,0.000000,6.553853,0.000000,0.000000,0.000000,0.000000,0.000000,301,22.732463,29.286315,-0.0,29.286315,11.000000
301_CT_3-3,19,43.742887,0.000000,0.000000,1.000000,0.000000,0.000000,0.000000,21.010424,0.000000,0.000000,0.000000,0.000000,0.000000,301,22.732463,43.742887,-0.0,43.742887,11.000000
301_CT_4-0,19,28.469999,0.000000,0.000000,1.000000,0.000000,0.000000,0.000000,0.000000,0.000000,5.737537,0.000000,0.000000,0.000000,301,22.732463,28.469999,-0.0,28.469999,22.000000
301_CT_4-1,19,28.469999,0.000000,0.000000,1.000000,0.000000,0.000000,0.000000,0.000000,0.000000,5.737537,0.000000,0.000000,0.000000,301,22.732463,28.469999,-0.0,28.469999,11.000000
301_CT_4-2,19,29.286315,0.000000,0.000000,1.000000,0.000000,0.000000,0.000000,0.816316,0.000000,5.737537,0.000000,0.000000,0.000000,301,22.732463,29.286315,-0.0,29.286315,11.000000
301_CT_4-3,19,43.742887,0.000000,0.000000,1.000000,0.000000,0.000000,0.000000,15.272887,0.000000,5.737537,0.000000,0.000000,0.000000,301,22.732463,43.742887,-0.0,43.742887,11.000000
302_CT_1-0,19,87.255791,0.000000,0.000000,1.000000,0.000000,0.000000,0.000000,0.000000,0.000000,64.523329,0.000000,0.000000,0.000000,302,22.732463,87.255791,-0.0,87.255791,8.000000
302_CT_1-1,19,87.255791,0.000000,0.000000,1.000000,0.000000,0.000000,0.000000,0.000000,0.000000,64.523329,0.000000,0.000000,0.000000,302,22.732463,87.255791,-0.0,87.255791,4.000000
302_CT_1-2,19,99.695770,0.000000,0.000000,1.000000,0.000000,0.000000,0.000000,12.439979,0.000000,64.523329,0.000000,0.000000,0.000000,302,22.732463,99.695770,-0.0,99.695770,4.000000
302_CT_1-3,19,105.367241,0.000000,0.000000,1.000000,0.000000,0.000000,0.000000,18.111450,0.000000,64.523329,0.000000,0.000000,0.000000,302,22.732463,105.367241,-0.0,105.367241,4.000000
302_CT_2-0,19,87.255791,0.000000,0.000000,1.000000,0.000000,0.000000,0.000000,0.000000,0.000000,64.523329,0.000000,0.000000,0.000000,302,22.732463,87.255791,-0.0,87.255791,8.000000
302_CT_2-1,19,87.255791,0.000000,0.000000,1.000000,0.000000,0.000000,0.000000,0.000000,0.000000,64.523329,0.000000,0.000000,0.000000,302,22.732463,87.255791,-0.0,87.255791,4.000000
302_CT_2-2,19,99.695770,0.000000,0.000000,1.000000,0.000000,0.000000,0.000000,12.439979,0.000000,64.523329,0.000000,0.000000,0.000000,302,22.732463,99.695770,-0.0,99.695770,4.000000
302_CT_2-3,19,105.367241,0.000000,0.000000,1.000000,0.000000,0.000000,0.000000,18.111450,0.000000,64.523329,0.000000,0.000000,0.000000,302,22.732463,105.367241,-0.0,105.367241,4.000000
302_CT_3-0,19,33.791603,0.000000,0.000000,1.000000,0.000000,0.000000,0.000000,0.000000,0.000000,11.059141,0.000000,0.000000,0.000000,302,22.732463,33.791603,-0.0,33.791603,22.000000
302_CT_3-1,19,33.791603,0.000000,0.000000,1.000000,0.000000,0.000000,0.000000,0.000000,0.000000,11.059141,0.000000,0.000000,0.000000,302,22.732463,33.791603,-0.0,33.791603,11.000000
302_CT_3-2,19,38.382410,0.000000,0.000000,1.000000,0.000000,0.000000,0.000000,4.590807,0.000000,11.059141,0.000000,0.000000,0.000000,302,22.732463,38.382410,-0.0,38.382410,11.000000
302_CT_3-3,19,38.635080,0.000000,0.000000,1.000000,0.000000,0.000000,0.000000,4.843476,0.000000,11.059141,0.000000,0.000000,0.000000,302,22.732463,38.635080,-0.0,38.635080,11.000000
302_CT_4-0,19,33.791603,0.000000,0.000000,1.000000,0.000000,0.000000,0.000000,0.000000,0.000000,11.059141,0.000000,0.000000,0.000000,302,22.732463,33.791603,-0.0,33.791603,22.000000
302_CT_4-1,19,33.791603,0.000000,0.000000,1.000000,0.000000,0.000000,0.000000,0.000000,0.000000,11.059141,0.000000,0.000000,0.000000,302,22.732463,33.791603,-0.0,33.791603,11.000000
302_CT_4-2,19,38.382410,0.000000,0.000000,1.000000,0.000000,0.000000,0.000000,4.590807,0.000000,11.059141,0.000000,0.000000,0.000000,302,22.732463,38.382410,-0.0,38.382410,11.000000
302_CT_4-3,19,38.635080,0.000000,0.000000,1.000000,0.000000,0.000000,0.000000,4.843476,0.000000,11.059141,0.000000,0.000000,0.000000,302,22.732463,38.635080,-0.0,38.635080,11.000000
307_CT_1-0,19,27.894691,0.000000,0.000000,1.000000,0.000000,0.000000,0.000000,0.000000,0.000000,5.162228,0.000000,0.000000,0.000000,307,22.732463,27.894691,-0.0,27.894691,22.000000
307_CT_1-1,19,27.894691,0.000000,0.000000,1.000000,0.000000,0.000000,0.000000,0.000000,0.000000,5.162228,0.000000,0.000000,0.000000,307,22.732463,27.894691,-0.0,27.894691,11.000000
307_CT_1-2,19,29.220233,0.000000,0.000000,1.000000,0.000000,0.000000,0.000000,1.325542,0.000000,5.162228,0.000000,0.000000,0.000000,307,22.732463,29.220233,-0.0,29.220233,11.000000
307_CT_1-3,19,35.474770,0.000000,0.000000,1.000000,0.000000,0.000000,0.000000,7.580079,0.000000,5.162228,0.000000,0.000000,0.000000,307,22.732463,35.474770,-0.0,35.474770,11.000000
307_CT_2-0,19,27.894691,0.000000,0.000000,1.000000,0.000000,0.000000,0.000000,0.000000,0.000000,5.162228,0.000000,0.000000,0.000000,307,22.732463,27.894691,-0.0,27.894691,22.000000
307_CT_2-1,19,27.894691,0.000000,0.000000,1.000000,0.000000,0.000000,0.000000,0.000000,0.000000,5.162228,0.000000,0.000000,0.000000,307,22.732463,27.894691,-0.0,27.894691,11.000000
307_CT_2-2,19,29.220233,0.000000,0.000000,1.000000,0.000000,0.000000,0.000000,1.325542,0.000000,5.162228,0.000000,0.000000,0.000000,307,22.732463,29.220233,-0.0,29.220233,11.000000
307_CT_2-3,19,35.474770,0.000000,0.000000,1.000000,0.000000,0.000000,0.000000,7.580079,0.000000,5.162228,0.000000,0.000000,0.000000,307,22.732463,35.474770,-0.0,35.474770,11.000000
313_CC_1-0,19,15.731579,170.000000,36.823878,1.000000,0.000000,0.000000,7.000883,0.000000,0.000000,0.000000,0.000000,0.000000,0.000000,313,22.732463,15.731579,1190.1502799999998,15.731579,170.000000
313_CC_1-1,19,15.731579,61.666667,13.357681,1.000000,0.000000,0.000000,7.000883,0.000000,0.000000,0.000000,0.000000,0.000000,0.000000,313,22.732463,15.731579,431.72118233362795,15.731579,61.666667
313_CC_1-2,19,26.755735,0.000000,0.000000,1.000000,0.000000,0.000000,0.000000,4.023273,0.000000,0.000000,0.000000,0.000000,0.000000,313,22.732463,26.755735,-0.0,26.755735,61.666667
313_CC_1-3,19,33.752731,0.000000,0.000000,1.000000,0.000000,0.000000,0.000000,11.020269,0.000000,0.000000,0.000000,0.000000,0.000000,313,22.732463,33.752731,-0.0,33.752731,61.666667
315_STEAM_1-0,19,75.436777,0.000000,0.000000,1.000000,0.000000,0.000000,0.000000,0.000000,0.000000,52.704314,0.000000,0.000000,0.000000,315,22.732463,75.436777,-0.0,75.436777,5.000000
315_STEAM_1-1,19,75.436777,0.000000,0.000000,1.000000,0.000000,0.000000,0.000000,0.000000,0.000000,52.704314,0.000000,0.000000,0.000000,315,22.732463,75.436777,-0.0,75.436777,2.333333
315_STEAM_1-2,19,100.399529,0.000000,0.000000,1.000000,0.000000,0.000000,0.000000,24.962753,0.000000,52.704314,0.000000,0.000000,0.000000,315,22.732463,100.399529,-0.0,100.399529,2.333333
315_STEAM_1-3,19,124.099655,0.000000,0.000000,1.000000,0.000000,0.000000,0.000000,48.662879,0.000000,52.704314,0.000000,0.000000,0.000000,315,22.732463,124.099655,-0.0,124.099655,2.333333
315_STEAM_2-0,19,75.436777,0.000000,0.000000,1.000000,0.000000,0.000000,0.000000,0.000000,0.000000,52.704314,0.000000,0.000000,0.000000,315,22.732463,75.436777,-0.0,75.436777,5.000000
315_STEAM_2-1,19,75.436777,0.000000,0.000000,1.000000,0.000000,0.000000,0.000000,0.000000,0.000000,52.704314,0.000000,0.000000,0.000000,315,22.732463,75.436777,-0.0,75.436777,2.333333
315_STEAM_2-2,19,100.399529,0.000000,0.000000,1.000000,0.000000,0.000000,0.000000,24.962753,0.000000,52.704314,0.000000,0.000000,0.000000,315,22.732463,100.399529,-0.0,100.399529,2.333333
315_STEAM_2-3,19,124.099655,0.000000,0.000000,1.000000,0.000000,0.000000,0.000000,48.662879,0.000000,52.704314,0.000000,0.000000,0.000000,315,22.732463,124.099655,-0.0,124.099655,2.333333
315_STEAM_3-0,19,75.436777,0.000000,0.000000,1.000000,0.000000,0.000000,0.000000,0.000000,0.000000,52.704314,0.000000,0.000000,0.000000,315,22.732463,75.436777,-0.0,75.436777,5.000000
315_STEAM_3-1,19,75.436777,0.000000,0.000000,1.000000,0.000000,0.000000,0.000000,0.000000,0.000000,52.704314,0.000000,0.000000,0.000000,315,22.732463,75.436777,-0.0,75.436777,2.333333
315_STEAM_3-2,19,100.399529,0.000000,0.000000,1.000000,0.000000,0.000000,0.000000,24.962753,0.000000,52.704314,0.000000,0.000000,0.000000,315,22.732463,100.399529,-0.0,100.399529,2.333333
315_STEAM_3-3,19,124.099655,0.000000,0.000000,1.000000,0.000000,0.000000,0.000000,48.662879,0.000000,52.704314,0.000000,0.000000,0.000000,315,22.732463,124.099655,-0.0,124.099655,2.333333
315_STEAM_4-0,19,75.436777,0.000000,0.000000,1.000000,0.000000,0.000000,0.000000,0.000000,0.000000,52.704314,0.000000,0.000000,0.000000,315,22.732463,75.436777,-0.0,75.436777,5.000000
315_STEAM_4-1,19,75.436777,0.000000,0.000000,1.000000,0.000000,0.000000,0.000000,0.000000,0.000000,52.704314,0.000000,0.000000,0.000000,315,22.732463,75.436777,-0.0,75.436777,2.333333
315_STEAM_4-2,19,100.399529,0.000000,0.000000,1.000000,0.000000,0.000000,0.000000,24.962753,0.000000,52.704314,0.000000,0.000000,0.000000,315,22.732463,100.399529,-0.0,100.399529,2.333333
315_STEAM_4-3,19,124.099655,0.000000,0.000000,1.000000,0.000000,0.000000,0.000000,48.662879,0.000000,52.704314,0.000000,0.000000,0.000000,315,22.732463,124.099655,-0.0,124.099655,2.333333
315_STEAM_5-0,19,75.436777,0.000000,0.000000,1.000000,0.000000,0.000000,0.000000,0.000000,0.000000,52.704314,0.000000,0.000000,0.000000,315,22.732463,75.436777,-0.0,75.436777,5.000000
315_STEAM_5-1,19,75.436777,0.000000,0.000000,1.000000,0.000000,0.000000,0.000000,0.000000,0.000000,52.704314,0.000000,0.000000,0.000000,315,22.732463,75.436777,-0.0,75.436777,2.333333
315_STEAM_5-2,19,100.399529,0.000000,0.000000,1.000000,0.000000,0.000000,0.000000,24.962753,0.000000,52.704314,0.000000,0.000000,0.000000,315,22.732463,100.399529,-0.0,100.399529,2.333333
315_STEAM_5-3,19,124.099655,0.000000,0.000000,1.000000,0.000000,0.000000,0.000000,48.662879,0.000000,52.704314,0.000000,0.000000,0.000000,315,22.732463,124.099655,-0.0,124.099655,2.333333
315_CT_6-0,19,26.401998,0.000000,0.000000,1.000000,0.000000,0.000000,0.000000,0.000000,0.000000,3.669536,0.000000,0.000000,0.000000,315,22.732463,26.401998,-0.0,26.401998,22.000000
315_CT_6-1,19,26.401998,0.000000,0.000000,1.000000,0.000000,0.000000,0.000000,0.000000,0.000000,3.669536,0.000000,0.000000,0.000000,315,22.732463,26.401998,-0.0,26.401998,11.000000
315_CT_6-2,19,26.895675,0.000000,0.000000,1.000000,0.000000,0.000000,0.000000,0.493677,0.000000,3.669536,0.000000,0.000000,0.000000,315,22.732463,26.895675,-0.0,26.895675,11.000000
315_CT_6-3,19,31.855768,0.000000,0.000000,1.000000,0.000000,0.000000,0.000000,5.453770,0.000000,3.669536,0.000000,0.000000,0.000000,315,22.732463,31.855768,-0.0,31.855768,11.000000
315_CT_7-0,19,26.401998,0.000000,0.000000,1.000000,0.000000,0.000000,0.000000,0.000000,0.000000,3.669536,0.000000,0.000000,0.000000,315,22.732463,26.401998,-0.0,26.401998,22.000000
315_CT_7-1,19,26.401998,0.000000,0.000000,1.000000,0.000000,0.000000,0.000000,0.000000,0.000000,3.669536,0.000000,0.000000,0.000000,315,22.732463,26.401998,-0.0,26.401998,11.000000
315_CT_7-2,19,26.895675,0.000000,0.000000,1.000000,0.000000,0.000000,0.000000,0.493677,0.000000,3.669536,0.000000,0.000000,0.000000,315,22.732463,26.895675,-0.0,26.895675,11.000000
315_CT_7-3,19,31.855768,0.000000,0.000000,1.000000,0.000000,0.000000,0.000000,5.453770,0.000000,3.669536,0.000000,0.000000,0.000000,315,22.732463,31.855768,-0.0,31.855768,11.000000
315_CT_8-0,19,26.401998,0.000000,0.000000,1.000000,0.000000,0.000000,0.000000,0.000000,0.000000,3.669536,0.000000,0.000000,0.000000,315,22.732463,26.401998,-0.0,26.401998,22.000000
315_CT_8-1,19,26.401998,0.000000,0.000000,1.000000,0.000000,0.000000,0.000000,0.000000,0.000000,3.669536,0.000000,0.000000,0.000000,315,22.732463,26.401998,-0.0,26.401998,11.000000
315_CT_8-2,19,26.895675,0.000000,0.000000,1.000000,0.000000,0.000000,0.000000,0.493677,0.000000,3.669536,0.000000,0.000000,0.000000,315,22.732463,26.895675,-0.0,26.895675,11.000000
315_CT_8-3,19,31.855768,0.000000,0.000000,1.000000,0.000000,0.000000,0.000000,5.453770,0.000000,3.669536,0.000000,0.000000,0.000000,315,22.732463,31.855768,-0.0,31.855768,11.000000
316_STEAM_1-0,19,21.116646,62.000000,58.992715,1.000000,0.000000,0.000000,1.615816,0.000000,0.000000,0.000000,0.000000,0.000000,0.000000,316,22.732463,21.116646,100.18065399999999,21.116646,62.000000
316_STEAM_1-1,19,21.116646,31.000000,29.496357,1.000000,0.000000,0.000000,1.615816,0.000000,0.000000,0.000000,0.000000,0.000000,0.000000,316,22.732463,21.116646,50.090326999999995,21.116646,31.000000
316_STEAM_1-2,19,21.287879,31.000000,29.735541,1.000000,0.000000,0.000000,1.444583,0.000000,0.000000,0.000000,0.000000,0.000000,0.000000,316,22.732463,21.287879,44.78210399999997,21.287879,31.000000
316_STEAM_1-3,19,27.274699,0.000000,0.000000,1.000000,0.000000,0.000000,0.000000,4.542236,0.000000,0.000000,0.000000,0.000000,0.000000,316,22.732463,27.274699,-0.0,27.274699,31.000000
318_CC_1-0,19,26.845141,0.000000,0.000000,1.000000,0.000000,0.000000,0.000000,0.000000,0.000000,4.112679,0.000000,0.000000,0.000000,318,22.732463,26.845141,-0.0,26.845141,170.000000
318_CC_1-1,19,26.845141,0.000000,0.000000,1.000000,0.000000,0.000000,0.000000,0.000000,0.000000,4.112679,0.000000,0.000000,0.000000,318,22.732463,26.845141,-0.0,26.845141,61.666667
318_CC_1-2,19,27.276623,0.000000,0.000000,1.000000,0.000000,0.000000,0.000000,0.431481,0.000000,4.112679,0.000000,0.000000,0.000000,318,22.732463,27.276623,-0.0,27.276623,61.666667
318_CC_1-3,19,31.529241,0.000000,0.000000,1.000000,0.000000,0.000000,0.000000,4.684100,0.000000,4.112679,0.000000,0.000000,0.000000,318,22.732463,31.529241,-0.0,31.529241,61.666667
321_CC_1-0,19,22.732463,79.081306,24.753043,1.000000,0.000000,0.000000,0.000000,0.000000,0.000000,0.000000,0.000000,0.000000,0.000000,321,22.732463,22.732463,0.0,22.732463,170.000000
321_CC_1-1,19,22.732463,0.000000,0.000000,1.000000,0.000000,0.000000,0.000000,0.000000,0.000000,0.000000,0.000000,0.000000,0.000000,321,22.732463,22.732463,0.0,22.732463,61.666667
321_CC_1-2,19,25.908321,0.000000,0.000000,1.000000,0.000000,0.000000,0.000000,3.175859,0.000000,0.000000,0.000000,0.000000,0.000000,321,22.732463,25.908321,-0.0,25.908321,61.666667
321_CC_1-3,19,33.947092,0.000000,0.000000,1.000000,0.000000,0.000000,0.000000,11.214630,0.000000,0.000000,0.000000,0.000000,0.000000,321,22.732463,33.947092,-0.0,33.947092,61.666667
322_CT_5-0,19,23.334982,0.000000,0.000000,1.000000,0.000000,0.000000,0.000000,0.602519,0.000000,0.000000,0.000000,0.000000,0.000000,322,22.732463,23.334982,-0.0,23.334982,22.000000
322_CT_5-1,19,23.334982,0.000000,0.000000,1.000000,0.000000,0.000000,0.000000,0.602519,0.000000,0.000000,0.000000,0.000000,0.000000,322,22.732463,23.334982,-0.0,23.334982,11.000000
322_CT_5-2,19,26.499179,0.000000,0.000000,1.000000,0.000000,0.000000,0.000000,3.766716,0.000000,0.000000,0.000000,0.000000,0.000000,322,22.732463,26.499179,-0.0,26.499179,11.000000
322_CT_5-3,19,27.894691,0.000000,0.000000,1.000000,0.000000,0.000000,0.000000,5.162228,0.000000,0.000000,0.000000,0.000000,0.000000,322,22.732463,27.894691,-0.0,27.894691,11.000000
322_CT_6-0,19,23.334982,0.000000,0.000000,1.000000,0.000000,0.000000,0.000000,0.602519,0.000000,0.000000,0.000000,0.000000,0.000000,322,22.732463,23.334982,-0.0,23.334982,22.000000
322_CT_6-1,19,23.334982,0.000000,0.000000,1.000000,0.000000,0.000000,0.000000,0.602519,0.000000,0.000000,0.000000,0.000000,0.000000,322,22.732463,23.334982,-0.0,23.334982,11.000000
322_CT_6-2,19,26.499179,0.000000,0.000000,1.000000,0.000000,0.000000,0.000000,3.766716,0.000000,0.000000,0.000000,0.000000,0.000000,322,22.732463,26.499179,-0.0,26.499179,11.000000
322_CT_6-3,19,27.894691,0.000000,0.000000,1.000000,0.000000,0.000000,0.000000,5.162228,0.000000,0.000000,0.000000,0.000000,0.000000,322,22.732463,27.894691,-0.0,27.894691,11.000000
323_CC_1-0,19,26.429209,0.000000,0.000000,1.000000,0.000000,0.000000,0.000000,0.000000,0.000000,3.696746,0.000000,0.000000,0.000000,323,22.732463,26.429209,-0.0,26.429209,170.000000
323_CC_1-1,19,26.429209,0.000000,0.000000,1.000000,0.000000,0.000000,0.000000,0.000000,0.000000,3.696746,0.000000,0.000000,0.000000,323,22.732463,26.429209,-0.0,26.429209,61.666667
323_CC_1-2,19,30.277557,0.000000,0.000000,1.000000,0.000000,0.000000,0.000000,3.848348,0.000000,3.696746,0.000000,0.000000,0.000000,323,22.732463,30.277557,-0.0,30.277557,61.666667
323_CC_1-3,19,31.727490,0.000000,0.000000,1.000000,0.000000,0.000000,0.000000,5.298281,0.000000,3.696746,0.000000,0.000000,0.000000,323,22.732463,31.727490,-0.0,31.727490,61.666667
323_CC_2-0,19,26.429209,0.000000,0.000000,1.000000,0.000000,0.000000,0.000000,0.000000,0.000000,3.696746,0.000000,0.000000,0.000000,323,22.732463,26.429209,-0.0,26.429209,170.000000
323_CC_2-1,19,26.429209,0.000000,0.000000,1.000000,0.000000,0.000000,0.000000,0.000000,0.000000,3.696746,0.000000,0.000000,0.000000,323,22.732463,26.429209,-0.0,26.429209,61.666667
323_CC_2-2,19,30.277557,0.000000,0.000000,1.000000,0.000000,0.000000,0.000000,3.848348,0.000000,3.696746,0.000000,0.000000,0.000000,323,22.732463,30.277557,-0.0,30.277557,61.666667
323_CC_2-3,19,31.727490,0.000000,0.000000,1.000000,0.000000,0.000000,0.000000,5.298281,0.000000,3.696746,0.000000,0.000000,0.000000,323,22.732463,31.727490,-0.0,31.727490,61.666667
322_HYDRO_1-0,19,0.000000,22.904167,0.000000,1.000000,0.000000,0.000000,22.732463,0.000000,0.000000,0.000000,0.000000,0.000000,0.000000,322,22.732463,0.000000,520.668128873321,0.000000,22.904167
322_HYDRO_1-1,19,0.000000,0.000000,0.000000,1.000000,0.000000,0.000000,22.732463,0.000000,0.000000,0.000000,0.000000,0.000000,0.000000,322,22.732463,0.000000,0.0,0.000000,0.000000
322_HYDRO_1-2,19,0.000000,0.000000,0.000000,1.000000,0.000000,0.000000,22.732463,0.000000,0.000000,0.000000,0.000000,0.000000,0.000000,322,22.732463,0.000000,0.0,0.000000,0.000000
322_HYDRO_1-3,19,0.000000,0.000000,0.000000,1.000000,0.000000,0.000000,22.732463,0.000000,0.000000,0.000000,0.000000,0.000000,0.000000,322,22.732463,0.000000,0.0,0.000000,0.000000
322_HYDRO_2-0,19,0.000000,22.904167,0.000000,1.000000,0.000000,0.000000,22.732463,0.000000,0.000000,0.000000,0.000000,0.000000,0.000000,322,22.732463,0.000000,520.668128873321,0.000000,22.904167
322_HYDRO_2-1,19,0.000000,0.000000,0.000000,1.000000,0.000000,0.000000,22.732463,0.000000,0.000000,0.000000,0.000000,0.000000,0.000000,322,22.732463,0.000000,0.0,0.000000,0.000000
322_HYDRO_2-2,19,0.000000,0.000000,0.000000,1.000000,0.000000,0.000000,22.732463,0.000000,0.000000,0.000000,0.000000,0.000000,0.000000,322,22.732463,0.000000,0.0,0.000000,0.000000
322_HYDRO_2-3,19,0.000000,0.000000,0.000000,1.000000,0.000000,0.000000,22.732463,0.000000,0.000000,0.000000,0.000000,0.000000,0.000000,322,22.732463,0.000000,0.0,0.000000,0.000000
322_HYDRO_3-0,19,0.000000,22.904167,0.000000,1.000000,0.000000,0.000000,22.732463,0.000000,0.000000,0.000000,0.000000,0.000000,0.000000,322,22.732463,0.000000,520.668128873321,0.000000,22.904167
322_HYDRO_3-1,19,0.000000,0.000000,0.000000,1.000000,0.000000,0.000000,22.732463,0.000000,0.000000,0.000000,0.000000,0.000000,0.000000,322,22.732463,0.000000,0.0,0.000000,0.000000
322_HYDRO_3-2,19,0.000000,0.000000,0.000000,1.000000,0.000000,0.000000,22.732463,0.000000,0.000000,0.000000,0.000000,0.000000,0.000000,322,22.732463,0.000000,0.0,0.000000,0.000000
322_HYDRO_3-3,19,0.000000,0.000000,0.000000,1.000000,0.000000,0.000000,22.732463,0.000000,0.000000,0.000000,0.000000,0.000000,0.000000,322,22.732463,0.000000,0.0,0.000000,0.000000
322_HYDRO_4-0,19,0.000000,22.904167,0.000000,1.000000,0.000000,0.000000,22.732463,0.000000,0.000000,0.000000,0.000000,0.000000,0.000000,322,22.732463,0.000000,520.668128873321,0.000000,22.904167
322_HYDRO_4-1,19,0.000000,0.000000,0.000000,1.000000,0.000000,0.000000,22.732463,0.000000,0.000000,0.000000,0.000000,0.000000,0.000000,322,22.732463,0.000000,0.0,0.000000,0.000000
322_HYDRO_4-2,19,0.000000,0.000000,0.000000,1.000000,0.000000,0.000000,22.732463,0.000000,0.000000,0.000000,0.000000,0.000000,0.000000,322,22.732463,0.000000,0.0,0.000000,0.000000
322_HYDRO_4-3,19,0.000000,0.000000,0.000000,1.000000,0.000000,0.000000,22.732463,0.000000,0.000000,0.000000,0.000000,0.000000,0.000000,322,22.732463,0.000000,0.0,0.000000,0.000000
301_CT_1-0,20,87.255791,0.000000,0.000000,1.000000,0.000000,0.000000,0.000000,0.000000,0.000000,64.523329,0.000000,0.000000,0.000000,301,22.732463,87.255791,-0.0,87.255791,8.000000
301_CT_1-1,20,87.255791,0.000000,0.000000,1.000000,0.000000,0.000000,0.000000,0.000000,0.000000,64.523329,0.000000,0.000000,0.000000,301,22.732463,87.255791,-0.0,87.255791,4.000000
301_CT_1-2,20,99.695770,0.000000,0.000000,1.000000,0.000000,0.000000,0.000000,12.439979,0.000000,64.523329,0.000000,0.000000,0.000000,301,22.732463,99.695770,-0.0,99.695770,4.000000
301_CT_1-3,20,105.367241,0.000000,0.000000,1.000000,0.000000,0.000000,0.000000,18.111450,0.000000,64.523329,0.000000,0.000000,0.000000,301,22.732463,105.367241,-0.0,105.367241,4.000000
301_CT_2-0,20,87.255791,0.000000,0.000000,1.000000,0.000000,0.000000,0.000000,0.000000,0.000000,64.523329,0.000000,0.000000,0.000000,301,22.732463,87.255791,-0.0,87.255791,8.000000
301_CT_2-1,20,87.255791,0.000000,0.000000,1.000000,0.000000,0.000000,0.000000,0.000000,0.000000,64.523329,0.000000,0.000000,0.000000,301,22.732463,87.255791,-0.0,87.255791,4.000000
301_CT_2-2,20,99.695770,0.000000,0.000000,1.000000,0.000000,0.000000,0.000000,12.439979,0.000000,64.523329,0.000000,0.000000,0.000000,301,22.732463,99.695770,-0.0,99.695770,4.000000
301_CT_2-3,20,105.367241,0.000000,0.000000,1.000000,0.000000,0.000000,0.000000,18.111450,0.000000,64.523329,0.000000,0.000000,0.000000,301,22.732463,105.367241,-0.0,105.367241,4.000000
301_CT_3-0,20,28.469999,0.000000,0.000000,1.000000,0.000000,0.000000,0.000000,0.000000,0.000000,5.737537,0.000000,0.000000,0.000000,301,22.732463,28.469999,-0.0,28.469999,22.000000
301_CT_3-1,20,28.469999,0.000000,0.000000,1.000000,0.000000,0.000000,0.000000,0.000000,0.000000,5.737537,0.000000,0.000000,0.000000,301,22.732463,28.469999,-0.0,28.469999,11.000000
301_CT_3-2,20,29.286315,0.000000,0.000000,1.000000,0.000000,0.000000,0.000000,0.816316,0.000000,5.737537,0.000000,0.000000,0.000000,301,22.732463,29.286315,-0.0,29.286315,11.000000
301_CT_3-3,20,43.742887,0.000000,0.000000,1.000000,0.000000,0.000000,0.000000,15.272887,0.000000,5.737537,0.000000,0.000000,0.000000,301,22.732463,43.742887,-0.0,43.742887,11.000000
301_CT_4-0,20,28.469999,0.000000,0.000000,1.000000,0.000000,0.000000,0.000000,0.000000,0.000000,5.737537,0.000000,0.000000,0.000000,301,22.732463,28.469999,-0.0,28.469999,22.000000
301_CT_4-1,20,28.469999,0.000000,0.000000,1.000000,0.000000,0.000000,0.000000,0.000000,0.000000,5.737537,0.000000,0.000000,0.000000,301,22.732463,28.469999,-0.0,28.469999,11.000000
301_CT_4-2,20,29.286315,0.000000,0.000000,1.000000,0.000000,0.000000,0.000000,0.816316,0.000000,5.737537,0.000000,0.000000,0.000000,301,22.732463,29.286315,-0.0,29.286315,11.000000
301_CT_4-3,20,43.742887,0.000000,0.000000,1.000000,0.000000,0.000000,0.000000,15.272887,0.000000,5.737537,0.000000,0.000000,0.000000,301,22.732463,43.742887,-0.0,43.742887,11.000000
302_CT_1-0,20,87.255791,0.000000,0.000000,1.000000,0.000000,0.000000,0.000000,0.000000,0.000000,64.523329,0.000000,0.000000,0.000000,302,22.732463,87.255791,-0.0,87.255791,8.000000
302_CT_1-1,20,87.255791,0.000000,0.000000,1.000000,0.000000,0.000000,0.000000,0.000000,0.000000,64.523329,0.000000,0.000000,0.000000,302,22.732463,87.255791,-0.0,87.255791,4.000000
302_CT_1-2,20,99.695770,0.000000,0.000000,1.000000,0.000000,0.000000,0.000000,12.439979,0.000000,64.523329,0.000000,0.000000,0.000000,302,22.732463,99.695770,-0.0,99.695770,4.000000
302_CT_1-3,20,105.367241,0.000000,0.000000,1.000000,0.000000,0.000000,0.000000,18.111450,0.000000,64.523329,0.000000,0.000000,0.000000,302,22.732463,105.367241,-0.0,105.367241,4.000000
302_CT_2-0,20,87.255791,0.000000,0.000000,1.000000,0.000000,0.000000,0.000000,0.000000,0.000000,64.523329,0.000000,0.000000,0.000000,302,22.732463,87.255791,-0.0,87.255791,8.000000
302_CT_2-1,20,87.255791,0.000000,0.000000,1.000000,0.000000,0.000000,0.000000,0.000000,0.000000,64.523329,0.000000,0.000000,0.000000,302,22.732463,87.255791,-0.0,87.255791,4.000000
302_CT_2-2,20,99.695770,0.000000,0.000000,1.000000,0.000000,0.000000,0.000000,12.439979,0.000000,64.523329,0.000000,0.000000,0.000000,302,22.732463,99.695770,-0.0,99.695770,4.000000
302_CT_2-3,20,105.367241,0.000000,0.000000,1.000000,0.000000,0.000000,0.000000,18.111450,0.000000,64.523329,0.000000,0.000000,0.000000,302,22.732463,105.367241,-0.0,105.367241,4.000000
302_CT_3-0,20,33.791603,0.000000,0.000000,1.000000,0.000000,0.000000,0.000000,0.000000,0.000000,11.059141,0.000000,0.000000,0.000000,302,22.732463,33.791603,-0.0,33.791603,22.000000
302_CT_3-1,20,33.791603,0.000000,0.000000,1.000000,0.000000,0.000000,0.000000,0.000000,0.000000,11.059141,0.000000,0.000000,0.000000,302,22.732463,33.791603,-0.0,33.791603,11.000000
302_CT_3-2,20,38.382410,0.000000,0.000000,1.000000,0.000000,0.000000,0.000000,4.590807,0.000000,11.059141,0.000000,0.000000,0.000000,302,22.732463,38.382410,-0.0,38.382410,11.000000
302_CT_3-3,20,38.635080,0.000000,0.000000,1.000000,0.000000,0.000000,0.000000,4.843476,0.000000,11.059141,0.000000,0.000000,0.000000,302,22.732463,38.635080,-0.0,38.635080,11.000000
302_CT_4-0,20,33.791603,0.000000,0.000000,1.000000,0.000000,0.000000,0.000000,0.000000,0.000000,11.059141,0.000000,0.000000,0.000000,302,22.732463,33.791603,-0.0,33.791603,22.000000
302_CT_4-1,20,33.791603,0.000000,0.000000,1.000000,0.000000,0.000000,0.000000,0.000000,0.000000,11.059141,0.000000,0.000000,0.000000,302,22.732463,33.791603,-0.0,33.791603,11.000000
302_CT_4-2,20,38.382410,0.000000,0.000000,1.000000,0.000000,0.000000,0.000000,4.590807,0.000000,11.059141,0.000000,0.000000,0.000000,302,22.732463,38.382410,-0.0,38.382410,11.000000
302_CT_4-3,20,38.635080,0.000000,0.000000,1.000000,0.000000,0.000000,0.000000,4.843476,0.000000,11.059141,0.000000,0.000000,0.000000,302,22.732463,38.635080,-0.0,38.635080,11.000000
307_CT_1-0,20,27.894691,0.000000,0.000000,1.000000,0.000000,0.000000,0.000000,0.000000,0.000000,5.162228,0.000000,0.000000,0.000000,307,22.732463,27.894691,-0.0,27.894691,22.000000
307_CT_1-1,20,27.894691,0.000000,0.000000,1.000000,0.000000,0.000000,0.000000,0.000000,0.000000,5.162228,0.000000,0.000000,0.000000,307,22.732463,27.894691,-0.0,27.894691,11.000000
307_CT_1-2,20,29.220233,0.000000,0.000000,1.000000,0.000000,0.000000,0.000000,1.325542,0.000000,5.162228,0.000000,0.000000,0.000000,307,22.732463,29.220233,-0.0,29.220233,11.000000
307_CT_1-3,20,35.474770,0.000000,0.000000,1.000000,0.000000,0.000000,0.000000,7.580079,0.000000,5.162228,0.000000,0.000000,0.000000,307,22.732463,35.474770,-0.0,35.474770,11.000000
307_CT_2-0,20,27.894691,0.000000,0.000000,1.000000,0.000000,0.000000,0.000000,0.000000,0.000000,5.162228,0.000000,0.000000,0.000000,307,22.732463,27.894691,-0.0,27.894691,22.000000
307_CT_2-1,20,27.894691,0.000000,0.000000,1.000000,0.000000,0.000000,0.000000,0.000000,0.000000,5.162228,0.000000,0.000000,0.000000,307,22.732463,27.894691,-0.0,27.894691,11.000000
307_CT_2-2,20,29.220233,0.000000,0.000000,1.000000,0.000000,0.000000,0.000000,1.325542,0.000000,5.162228,0.000000,0.000000,0.000000,307,22.732463,29.220233,-0.0,29.220233,11.000000
307_CT_2-3,20,35.474770,0.000000,0.000000,1.000000,0.000000,0.000000,0.000000,7.580079,0.000000,5.162228,0.000000,0.000000,0.000000,307,22.732463,35.474770,-0.0,35.474770,11.000000
313_CC_1-0,20,15.731579,170.000000,36.823878,1.000000,0.000000,0.000000,7.000883,0.000000,0.000000,0.000000,0.000000,0.000000,0.000000,313,22.732463,15.731579,1190.1502799999998,15.731579,170.000000
313_CC_1-1,20,15.731579,61.666667,13.357681,1.000000,0.000000,0.000000,7.000883,0.000000,0.000000,0.000000,0.000000,0.000000,0.000000,313,22.732463,15.731579,431.72118233362795,15.731579,61.666667
313_CC_1-2,20,26.755735,0.000000,0.000000,1.000000,0.000000,0.000000,0.000000,4.023273,0.000000,0.000000,0.000000,0.000000,0.000000,313,22.732463,26.755735,-0.0,26.755735,61.666667
313_CC_1-3,20,33.752731,0.000000,0.000000,1.000000,0.000000,0.000000,0.000000,11.020269,0.000000,0.000000,0.000000,0.000000,0.000000,313,22.732463,33.752731,-0.0,33.752731,61.666667
315_STEAM_1-0,20,75.436777,0.000000,0.000000,1.000000,0.000000,0.000000,0.000000,0.000000,0.000000,52.704314,0.000000,0.000000,0.000000,315,22.732463,75.436777,-0.0,75.436777,5.000000
315_STEAM_1-1,20,75.436777,0.000000,0.000000,1.000000,0.000000,0.000000,0.000000,0.000000,0.000000,52.704314,0.000000,0.000000,0.000000,315,22.732463,75.436777,-0.0,75.436777,2.333333
315_STEAM_1-2,20,100.399529,0.000000,0.000000,1.000000,0.000000,0.000000,0.000000,24.962753,0.000000,52.704314,0.000000,0.000000,0.000000,315,22.732463,100.399529,-0.0,100.399529,2.333333
315_STEAM_1-3,20,124.099655,0.000000,0.000000,1.000000,0.000000,0.000000,0.000000,48.662879,0.000000,52.704314,0.000000,0.000000,0.000000,315,22.732463,124.099655,-0.0,124.099655,2.333333
315_STEAM_2-0,20,75.436777,0.000000,0.000000,1.000000,0.000000,0.000000,0.000000,0.000000,0.000000,52.704314,0.000000,0.000000,0.000000,315,22.732463,75.436777,-0.0,75.436777,5.000000
315_STEAM_2-1,20,75.436777,0.000000,0.000000,1.000000,0.000000,0.000000,0.000000,0.000000,0.000000,52.704314,0.000000,0.000000,0.000000,315,22.732463,75.436777,-0.0,75.436777,2.333333
315_STEAM_2-2,20,100.399529,0.000000,0.000000,1.000000,0.000000,0.000000,0.000000,24.962753,0.000000,52.704314,0.000000,0.000000,0.000000,315,22.732463,100.399529,-0.0,100.399529,2.333333
315_STEAM_2-3,20,124.099655,0.000000,0.000000,1.000000,0.000000,0.000000,0.000000,48.662879,0.000000,52.704314,0.000000,0.000000,0.000000,315,22.732463,124.099655,-0.0,124.099655,2.333333
315_STEAM_3-0,20,75.436777,0.000000,0.000000,1.000000,0.000000,0.000000,0.000000,0.000000,0.000000,52.704314,0.000000,0.000000,0.000000,315,22.732463,75.436777,-0.0,75.436777,5.000000
315_STEAM_3-1,20,75.436777,0.000000,0.000000,1.000000,0.000000,0.000000,0.000000,0.000000,0.000000,52.704314,0.000000,0.000000,0.000000,315,22.732463,75.436777,-0.0,75.436777,2.333333
315_STEAM_3-2,20,100.399529,0.000000,0.000000,1.000000,0.000000,0.000000,0.000000,24.962753,0.000000,52.704314,0.000000,0.000000,0.000000,315,22.732463,100.399529,-0.0,100.399529,2.333333
315_STEAM_3-3,20,124.099655,0.000000,0.000000,1.000000,0.000000,0.000000,0.000000,48.662879,0.000000,52.704314,0.000000,0.000000,0.000000,315,22.732463,124.099655,-0.0,124.099655,2.333333
315_STEAM_4-0,20,75.436777,0.000000,0.000000,1.000000,0.000000,0.000000,0.000000,0.000000,0.000000,52.704314,0.000000,0.000000,0.000000,315,22.732463,75.436777,-0.0,75.436777,5.000000
315_STEAM_4-1,20,75.436777,0.000000,0.000000,1.000000,0.000000,0.000000,0.000000,0.000000,0.000000,52.704314,0.000000,0.000000,0.000000,315,22.732463,75.436777,-0.0,75.436777,2.333333
315_STEAM_4-2,20,100.399529,0.000000,0.000000,1.000000,0.000000,0.000000,0.000000,24.962753,0.000000,52.704314,0.000000,0.000000,0.000000,315,22.732463,100.399529,-0.0,100.399529,2.333333
315_STEAM_4-3,20,124.099655,0.000000,0.000000,1.000000,0.000000,0.000000,0.000000,48.662879,0.000000,52.704314,0.000000,0.000000,0.000000,315,22.732463,124.099655,-0.0,124.099655,2.333333
315_STEAM_5-0,20,75.436777,0.000000,0.000000,1.000000,0.000000,0.000000,0.000000,0.000000,0.000000,52.704314,0.000000,0.000000,0.000000,315,22.732463,75.436777,-0.0,75.436777,5.000000
315_STEAM_5-1,20,75.436777,0.000000,0.000000,1.000000,0.000000,0.000000,0.000000,0.000000,0.000000,52.704314,0.000000,0.000000,0.000000,315,22.732463,75.436777,-0.0,75.436777,2.333333
315_STEAM_5-2,20,100.399529,0.000000,0.000000,1.000000,0.000000,0.000000,0.000000,24.962753,0.000000,52.704314,0.000000,0.000000,0.000000,315,22.732463,100.399529,-0.0,100.399529,2.333333
315_STEAM_5-3,20,124.099655,0.000000,0.000000,1.000000,0.000000,0.000000,0.000000,48.662879,0.000000,52.704314,0.000000,0.000000,0.000000,315,22.732463,124.099655,-0.0,124.099655,2.333333
315_CT_6-0,20,26.401998,0.000000,0.000000,1.000000,0.000000,0.000000,0.000000,0.000000,0.000000,3.669536,0.000000,0.000000,0.000000,315,22.732463,26.401998,-0.0,26.401998,22.000000
315_CT_6-1,20,26.401998,0.000000,0.000000,1.000000,0.000000,0.000000,0.000000,0.000000,0.000000,3.669536,0.000000,0.000000,0.000000,315,22.732463,26.401998,-0.0,26.401998,11.000000
315_CT_6-2,20,26.895675,0.000000,0.000000,1.000000,0.000000,0.000000,0.000000,0.493677,0.000000,3.669536,0.000000,0.000000,0.000000,315,22.732463,26.895675,-0.0,26.895675,11.000000
315_CT_6-3,20,31.855768,0.000000,0.000000,1.000000,0.000000,0.000000,0.000000,5.453770,0.000000,3.669536,0.000000,0.000000,0.000000,315,22.732463,31.855768,-0.0,31.855768,11.000000
315_CT_7-0,20,26.401998,0.000000,0.000000,1.000000,0.000000,0.000000,0.000000,0.000000,0.000000,3.669536,0.000000,0.000000,0.000000,315,22.732463,26.401998,-0.0,26.401998,22.000000
315_CT_7-1,20,26.401998,0.000000,0.000000,1.000000,0.000000,0.000000,0.000000,0.000000,0.000000,3.669536,0.000000,0.000000,0.000000,315,22.732463,26.401998,-0.0,26.401998,11.000000
315_CT_7-2,20,26.895675,0.000000,0.000000,1.000000,0.000000,0.000000,0.000000,0.493677,0.000000,3.669536,0.000000,0.000000,0.000000,315,22.732463,26.895675,-0.0,26.895675,11.000000
315_CT_7-3,20,31.855768,0.000000,0.000000,1.000000,0.000000,0.000000,0.000000,5.453770,0.000000,3.669536,0.000000,0.000000,0.000000,315,22.732463,31.855768,-0.0,31.855768,11.000000
315_CT_8-0,20,26.401998,0.000000,0.000000,1.000000,0.000000,0.000000,0.000000,0.000000,0.000000,3.669536,0.000000,0.000000,0.000000,315,22.732463,26.401998,-0.0,26.401998,22.000000
315_CT_8-1,20,26.401998,0.000000,0.000000,1.000000,0.000000,0.000000,0.000000,0.000000,0.000000,3.669536,0.000000,0.000000,0.000000,315,22.732463,26.401998,-0.0,26.401998,11.000000
315_CT_8-2,20,26.895675,0.000000,0.000000,1.000000,0.000000,0.000000,0.000000,0.493677,0.000000,3.669536,0.000000,0.000000,0.000000,315,22.732463,26.895675,-0.0,26.895675,11.000000
315_CT_8-3,20,31.855768,0.000000,0.000000,1.000000,0.000000,0.000000,0.000000,5.453770,0.000000,3.669536,0.000000,0.000000,0.000000,315,22.732463,31.855768,-0.0,31.855768,11.000000
316_STEAM_1-0,20,21.116646,62.000000,58.992715,1.000000,0.000000,0.000000,1.615816,0.000000,0.000000,0.000000,0.000000,0.000000,0.000000,316,22.732463,21.116646,100.18065399999999,21.116646,62.000000
316_STEAM_1-1,20,21.116646,31.000000,29.496357,1.000000,0.000000,0.000000,1.615816,0.000000,0.000000,0.000000,0.000000,0.000000,0.000000,316,22.732463,21.116646,50.090326999999995,21.116646,31.000000
316_STEAM_1-2,20,21.287879,31.000000,29.735541,1.000000,0.000000,0.000000,1.444583,0.000000,0.000000,0.000000,0.000000,0.000000,0.000000,316,22.732463,21.287879,44.78210399999997,21.287879,31.000000
316_STEAM_1-3,20,27.274699,0.000000,0.000000,1.000000,0.000000,0.000000,0.000000,4.542236,0.000000,0.000000,0.000000,0.000000,0.000000,316,22.732463,27.274699,-0.0,27.274699,31.000000
318_CC_1-0,20,26.845141,0.000000,0.000000,1.000000,0.000000,0.000000,0.000000,0.000000,0.000000,4.112679,0.000000,0.000000,0.000000,318,22.732463,26.845141,-0.0,26.845141,170.000000
318_CC_1-1,20,26.845141,0.000000,0.000000,1.000000,0.000000,0.000000,0.000000,0.000000,0.000000,4.112679,0.000000,0.000000,0.000000,318,22.732463,26.845141,-0.0,26.845141,61.666667
318_CC_1-2,20,27.276623,0.000000,0.000000,1.000000,0.000000,0.000000,0.000000,0.431481,0.000000,4.112679,0.000000,0.000000,0.000000,318,22.732463,27.276623,-0.0,27.276623,61.666667
318_CC_1-3,20,31.529241,0.000000,0.000000,1.000000,0.000000,0.000000,0.000000,4.684100,0.000000,4.112679,0.000000,0.000000,0.000000,318,22.732463,31.529241,-0.0,31.529241,61.666667
321_CC_1-0,20,22.732463,124.032453,38.823089,1.000000,0.000000,0.000000,0.000000,0.000000,0.000000,0.000000,0.000000,0.000000,0.000000,321,22.732463,22.732463,0.0,22.732463,170.000000
321_CC_1-1,20,22.732463,61.666667,19.302130,1.000000,0.000000,0.000000,0.000000,0.000000,0.000000,0.000000,0.000000,0.000000,0.000000,321,22.732463,22.732463,0.0,22.732463,61.666667
321_CC_1-2,20,25.908321,0.000000,0.000000,1.000000,0.000000,0.000000,0.000000,3.175859,0.000000,0.000000,0.000000,0.000000,0.000000,321,22.732463,25.908321,-0.0,25.908321,61.666667
321_CC_1-3,20,33.947092,0.000000,0.000000,1.000000,0.000000,0.000000,0.000000,11.214630,0.000000,0.000000,0.000000,0.000000,0.000000,321,22.732463,33.947092,-0.0,33.947092,61.666667
322_CT_5-0,20,23.334982,0.000000,0.000000,1.000000,0.000000,0.000000,0.000000,0.602519,0.000000,0.000000,0.000000,0.000000,0.000000,322,22.732463,23.334982,-0.0,23.334982,22.000000
322_CT_5-1,20,23.334982,0.000000,0.000000,1.000000,0.000000,0.000000,0.000000,0.602519,0.000000,0.000000,0.000000,0.000000,0.000000,322,22.732463,23.334982,-0.0,23.334982,11.000000
322_CT_5-2,20,26.499179,0.000000,0.000000,1.000000,0.000000,0.000000,0.000000,3.766716,0.000000,0.000000,0.000000,0.000000,0.000000,322,22.732463,26.499179,-0.0,26.499179,11.000000
322_CT_5-3,20,27.894691,0.000000,0.000000,1.000000,0.000000,0.000000,0.000000,5.162228,0.000000,0.000000,0.000000,0.000000,0.000000,322,22.732463,27.894691,-0.0,27.894691,11.000000
322_CT_6-0,20,23.334982,0.000000,0.000000,1.000000,0.000000,0.000000,0.000000,0.602519,0.000000,0.000000,0.000000,0.000000,0.000000,322,22.732463,23.334982,-0.0,23.334982,22.000000
322_CT_6-1,20,23.334982,0.000000,0.000000,1.000000,0.000000,0.000000,0.000000,0.602519,0.000000,0.000000,0.000000,0.000000,0.000000,322,22.732463,23.334982,-0.0,23.334982,11.000000
322_CT_6-2,20,26.499179,0.000000,0.000000,1.000000,0.000000,0.000000,0.000000,3.766716,0.000000,0.000000,0.000000,0.000000,0.000000,322,22.732463,26.499179,-0.0,26.499179,11.000000
322_CT_6-3,20,27.894691,0.000000,0.000000,1.000000,0.000000,0.000000,0.000000,5.162228,0.000000,0.000000,0.000000,0.000000,0.000000,322,22.732463,27.894691,-0.0,27.894691,11.000000
323_CC_1-0,20,26.429209,0.000000,0.000000,1.000000,0.000000,0.000000,0.000000,0.000000,0.000000,3.696746,0.000000,0.000000,0.000000,323,22.732463,26.429209,-0.0,26.429209,170.000000
323_CC_1-1,20,26.429209,0.000000,0.000000,1.000000,0.000000,0.000000,0.000000,0.000000,0.000000,3.696746,0.000000,0.000000,0.000000,323,22.732463,26.429209,-0.0,26.429209,61.666667
323_CC_1-2,20,30.277557,0.000000,0.000000,1.000000,0.000000,0.000000,0.000000,3.848348,0.000000,3.696746,0.000000,0.000000,0.000000,323,22.732463,30.277557,-0.0,30.277557,61.666667
323_CC_1-3,20,31.727490,0.000000,0.000000,1.000000,0.000000,0.000000,0.000000,5.298281,0.000000,3.696746,0.000000,0.000000,0.000000,323,22.732463,31.727490,-0.0,31.727490,61.666667
323_CC_2-0,20,26.429209,0.000000,0.000000,1.000000,0.000000,0.000000,0.000000,0.000000,0.000000,3.696746,0.000000,0.000000,0.000000,323,22.732463,26.429209,-0.0,26.429209,170.000000
323_CC_2-1,20,26.429209,0.000000,0.000000,1.000000,0.000000,0.000000,0.000000,0.000000,0.000000,3.696746,0.000000,0.000000,0.000000,323,22.732463,26.429209,-0.0,26.429209,61.666667
323_CC_2-2,20,30.277557,0.000000,0.000000,1.000000,0.000000,0.000000,0.000000,3.848348,0.000000,3.696746,0.000000,0.000000,0.000000,323,22.732463,30.277557,-0.0,30.277557,61.666667
323_CC_2-3,20,31.727490,0.000000,0.000000,1.000000,0.000000,0.000000,0.000000,5.298281,0.000000,3.696746,0.000000,0.000000,0.000000,323,22.732463,31.727490,-0.0,31.727490,61.666667
322_HYDRO_1-0,20,0.000000,16.370833,0.000000,1.000000,0.000000,0.000000,22.732463,0.000000,0.000000,0.000000,0.000000,0.000000,0.000000,322,22.732463,0.000000,372.149355451679,0.000000,16.370833
322_HYDRO_1-1,20,0.000000,0.000000,0.000000,1.000000,0.000000,0.000000,22.732463,0.000000,0.000000,0.000000,0.000000,0.000000,0.000000,322,22.732463,0.000000,0.0,0.000000,0.000000
322_HYDRO_1-2,20,0.000000,0.000000,0.000000,1.000000,0.000000,0.000000,22.732463,0.000000,0.000000,0.000000,0.000000,0.000000,0.000000,322,22.732463,0.000000,0.0,0.000000,0.000000
322_HYDRO_1-3,20,0.000000,0.000000,0.000000,1.000000,0.000000,0.000000,22.732463,0.000000,0.000000,0.000000,0.000000,0.000000,0.000000,322,22.732463,0.000000,0.0,0.000000,0.000000
322_HYDRO_2-0,20,0.000000,16.370833,0.000000,1.000000,0.000000,0.000000,22.732463,0.000000,0.000000,0.000000,0.000000,0.000000,0.000000,322,22.732463,0.000000,372.149355451679,0.000000,16.370833
322_HYDRO_2-1,20,0.000000,0.000000,0.000000,1.000000,0.000000,0.000000,22.732463,0.000000,0.000000,0.000000,0.000000,0.000000,0.000000,322,22.732463,0.000000,0.0,0.000000,0.000000
322_HYDRO_2-2,20,0.000000,0.000000,0.000000,1.000000,0.000000,0.000000,22.732463,0.000000,0.000000,0.000000,0.000000,0.000000,0.000000,322,22.732463,0.000000,0.0,0.000000,0.000000
322_HYDRO_2-3,20,0.000000,0.000000,0.000000,1.000000,0.000000,0.000000,22.732463,0.000000,0.000000,0.000000,0.000000,0.000000,0.000000,322,22.732463,0.000000,0.0,0.000000,0.000000
322_HYDRO_3-0,20,0.000000,16.370833,0.000000,1.000000,0.000000,0.000000,22.732463,0.000000,0.000000,0.000000,0.000000,0.000000,0.000000,322,22.732463,0.000000,372.149355451679,0.000000,16.370833
322_HYDRO_3-1,20,0.000000,0.000000,0.000000,1.000000,0.000000,0.000000,22.732463,0.000000,0.000000,0.000000,0.000000,0.000000,0.000000,322,22.732463,0.000000,0.0,0.000000,0.000000
322_HYDRO_3-2,20,0.000000,0.000000,0.000000,1.000000,0.000000,0.000000,22.732463,0.000000,0.000000,0.000000,0.000000,0.000000,0.000000,322,22.732463,0.000000,0.0,0.000000,0.000000
322_HYDRO_3-3,20,0.000000,0.000000,0.000000,1.000000,0.000000,0.000000,22.732463,0.000000,0.000000,0.000000,0.000000,0.000000,0.000000,322,22.732463,0.000000,0.0,0.000000,0.000000
322_HYDRO_4-0,20,0.000000,16.370833,0.000000,1.000000,0.000000,0.000000,22.732463,0.000000,0.000000,0.000000,0.000000,0.000000,0.000000,322,22.732463,0.000000,372.149355451679,0.000000,16.370833
322_HYDRO_4-1,20,0.000000,0.000000,0.000000,1.000000,0.000000,0.000000,22.732463,0.000000,0.000000,0.000000,0.000000,0.000000,0.000000,322,22.732463,0.000000,0.0,0.000000,0.000000
322_HYDRO_4-2,20,0.000000,0.000000,0.000000,1.000000,0.000000,0.000000,22.732463,0.000000,0.000000,0.000000,0.000000,0.000000,0.000000,322,22.732463,0.000000,0.0,0.000000,0.000000
322_HYDRO_4-3,20,0.000000,0.000000,0.000000,1.000000,0.000000,0.000000,22.732463,0.000000,0.000000,0.000000,0.000000,0.000000,0.000000,322,22.732463,0.000000,0.0,0.000000,0.000000
301_CT_1-0,21,87.255791,0.000000,0.000000,1.000000,0.000000,0.000000,0.000000,0.000000,0.000000,65.462446,0.000000,0.000000,0.000000,301,21.793346,87.255791,-0.0,87.255791,8.000000
301_CT_1-1,21,87.255791,0.000000,0.000000,1.000000,0.000000,0.000000,0.000000,0.000000,0.000000,65.462446,0.000000,0.000000,0.000000,301,21.793346,87.255791,-0.0,87.255791,4.000000
301_CT_1-2,21,99.695770,0.000000,0.000000,1.000000,0.000000,0.000000,0.000000,12.439979,0.000000,65.462446,0.000000,0.000000,0.000000,301,21.793346,99.695770,-0.0,99.695770,4.000000
301_CT_1-3,21,105.367241,0.000000,0.000000,1.000000,0.000000,0.000000,0.000000,18.111450,0.000000,65.462446,0.000000,0.000000,0.000000,301,21.793346,105.367241,-0.0,105.367241,4.000000
301_CT_2-0,21,87.255791,0.000000,0.000000,1.000000,0.000000,0.000000,0.000000,0.000000,0.000000,65.462446,0.000000,0.000000,0.000000,301,21.793346,87.255791,-0.0,87.255791,8.000000
301_CT_2-1,21,87.255791,0.000000,0.000000,1.000000,0.000000,0.000000,0.000000,0.000000,0.000000,65.462446,0.000000,0.000000,0.000000,301,21.793346,87.255791,-0.0,87.255791,4.000000
301_CT_2-2,21,99.695770,0.000000,0.000000,1.000000,0.000000,0.000000,0.000000,12.439979,0.000000,65.462446,0.000000,0.000000,0.000000,301,21.793346,99.695770,-0.0,99.695770,4.000000
301_CT_2-3,21,105.367241,0.000000,0.000000,1.000000,0.000000,0.000000,0.000000,18.111450,0.000000,65.462446,0.000000,0.000000,0.000000,301,21.793346,105.367241,-0.0,105.367241,4.000000
301_CT_3-0,21,28.469999,0.000000,0.000000,1.000000,0.000000,0.000000,0.000000,0.000000,0.000000,6.676654,0.000000,0.000000,0.000000,301,21.793346,28.469999,-0.0,28.469999,22.000000
301_CT_3-1,21,28.469999,0.000000,0.000000,1.000000,0.000000,0.000000,0.000000,0.000000,0.000000,6.676654,0.000000,0.000000,0.000000,301,21.793346,28.469999,-0.0,28.469999,11.000000
301_CT_3-2,21,29.286315,0.000000,0.000000,1.000000,0.000000,0.000000,0.000000,0.816316,0.000000,6.676654,0.000000,0.000000,0.000000,301,21.793346,29.286315,-0.0,29.286315,11.000000
301_CT_3-3,21,43.742887,0.000000,0.000000,1.000000,0.000000,0.000000,0.000000,15.272887,0.000000,6.676654,0.000000,0.000000,0.000000,301,21.793346,43.742887,-0.0,43.742887,11.000000
301_CT_4-0,21,28.469999,0.000000,0.000000,1.000000,0.000000,0.000000,0.000000,0.000000,0.000000,6.676654,0.000000,0.000000,0.000000,301,21.793346,28.469999,-0.0,28.469999,22.000000
301_CT_4-1,21,28.469999,0.000000,0.000000,1.000000,0.000000,0.000000,0.000000,0.000000,0.000000,6.676654,0.000000,0.000000,0.000000,301,21.793346,28.469999,-0.0,28.469999,11.000000
301_CT_4-2,21,29.286315,0.000000,0.000000,1.000000,0.000000,0.000000,0.000000,0.816316,0.000000,6.676654,0.000000,0.000000,0.000000,301,21.793346,29.286315,-0.0,29.286315,11.000000
301_CT_4-3,21,43.742887,0.000000,0.000000,1.000000,0.000000,0.000000,0.000000,15.272887,0.000000,6.676654,0.000000,0.000000,0.000000,301,21.793346,43.742887,-0.0,43.742887,11.000000
302_CT_1-0,21,87.255791,0.000000,0.000000,1.000000,0.000000,0.000000,0.000000,0.000000,0.000000,64.816234,0.000000,0.000000,0.000000,302,22.439557,87.255791,-0.0,87.255791,8.000000
302_CT_1-1,21,87.255791,0.000000,0.000000,1.000000,0.000000,0.000000,0.000000,0.000000,0.000000,64.816234,0.000000,0.000000,0.000000,302,22.439557,87.255791,-0.0,87.255791,4.000000
302_CT_1-2,21,99.695770,0.000000,0.000000,1.000000,0.000000,0.000000,0.000000,12.439979,0.000000,64.816234,0.000000,0.000000,0.000000,302,22.439557,99.695770,-0.0,99.695770,4.000000
302_CT_1-3,21,105.367241,0.000000,0.000000,1.000000,0.000000,0.000000,0.000000,18.111450,0.000000,64.816234,0.000000,0.000000,0.000000,302,22.439557,105.367241,-0.0,105.367241,4.000000
302_CT_2-0,21,87.255791,0.000000,0.000000,1.000000,0.000000,0.000000,0.000000,0.000000,0.000000,64.816234,0.000000,0.000000,0.000000,302,22.439557,87.255791,-0.0,87.255791,8.000000
302_CT_2-1,21,87.255791,0.000000,0.000000,1.000000,0.000000,0.000000,0.000000,0.000000,0.000000,64.816234,0.000000,0.000000,0.000000,302,22.439557,87.255791,-0.0,87.255791,4.000000
302_CT_2-2,21,99.695770,0.000000,0.000000,1.000000,0.000000,0.000000,0.000000,12.439979,0.000000,64.816234,0.000000,0.000000,0.000000,302,22.439557,99.695770,-0.0,99.695770,4.000000
302_CT_2-3,21,105.367241,0.000000,0.000000,1.000000,0.000000,0.000000,0.000000,18.111450,0.000000,64.816234,0.000000,0.000000,0.000000,302,22.439557,105.367241,-0.0,105.367241,4.000000
302_CT_3-0,21,33.791603,0.000000,0.000000,1.000000,0.000000,0.000000,0.000000,0.000000,0.000000,11.352046,0.000000,0.000000,0.000000,302,22.439557,33.791603,-0.0,33.791603,22.000000
302_CT_3-1,21,33.791603,0.000000,0.000000,1.000000,0.000000,0.000000,0.000000,0.000000,0.000000,11.352046,0.000000,0.000000,0.000000,302,22.439557,33.791603,-0.0,33.791603,11.000000
302_CT_3-2,21,38.382410,0.000000,0.000000,1.000000,0.000000,0.000000,0.000000,4.590807,0.000000,11.352046,0.000000,0.000000,0.000000,302,22.439557,38.382410,-0.0,38.382410,11.000000
302_CT_3-3,21,38.635080,0.000000,0.000000,1.000000,0.000000,0.000000,0.000000,4.843476,0.000000,11.352046,0.000000,0.000000,0.000000,302,22.439557,38.635080,-0.0,38.635080,11.000000
302_CT_4-0,21,33.791603,0.000000,0.000000,1.000000,0.000000,0.000000,0.000000,0.000000,0.000000,11.352046,0.000000,0.000000,0.000000,302,22.439557,33.791603,-0.0,33.791603,22.000000
302_CT_4-1,21,33.791603,0.000000,0.000000,1.000000,0.000000,0.000000,0.000000,0.000000,0.000000,11.352046,0.000000,0.000000,0.000000,302,22.439557,33.791603,-0.0,33.791603,11.000000
302_CT_4-2,21,38.382410,0.000000,0.000000,1.000000,0.000000,0.000000,0.000000,4.590807,0.000000,11.352046,0.000000,0.000000,0.000000,302,22.439557,38.382410,-0.0,38.382410,11.000000
302_CT_4-3,21,38.635080,0.000000,0.000000,1.000000,0.000000,0.000000,0.000000,4.843476,0.000000,11.352046,0.000000,0.000000,0.000000,302,22.439557,38.635080,-0.0,38.635080,11.000000
307_CT_1-0,21,27.894691,0.000000,0.000000,1.000000,0.000000,0.000000,0.000000,0.000000,0.000000,0.000000,0.000000,0.000000,0.000000,307,27.894691,27.894691,0.0,27.894691,22.000000
307_CT_1-1,21,27.894691,0.000000,0.000000,1.000000,0.000000,0.000000,0.000000,0.000000,0.000000,0.000000,0.000000,0.000000,0.000000,307,27.894691,27.894691,0.0,27.894691,11.000000
307_CT_1-2,21,29.220233,0.000000,0.000000,1.000000,0.000000,0.000000,0.000000,1.325542,0.000000,0.000000,0.000000,0.000000,0.000000,307,27.894691,29.220233,-0.0,29.220233,11.000000
307_CT_1-3,21,35.474770,0.000000,0.000000,1.000000,0.000000,0.000000,0.000000,7.580079,0.000000,0.000000,0.000000,0.000000,0.000000,307,27.894691,35.474770,-0.0,35.474770,11.000000
307_CT_2-0,21,27.894691,22.000000,8.449918,1.000000,0.000000,0.000000,0.000000,0.000000,0.000000,0.000000,0.000000,0.000000,0.000000,307,27.894691,27.894691,0.0,27.894691,22.000000
307_CT_2-1,21,27.894691,4.483247,1.721958,1.000000,0.000000,0.000000,0.000000,0.000000,0.000000,0.000000,0.000000,0.000000,0.000000,307,27.894691,27.894691,0.0,27.894691,11.000000
307_CT_2-2,21,29.220233,0.000000,0.000000,1.000000,0.000000,0.000000,0.000000,1.325542,0.000000,0.000000,0.000000,0.000000,0.000000,307,27.894691,29.220233,-0.0,29.220233,11.000000
307_CT_2-3,21,35.474770,0.000000,0.000000,1.000000,0.000000,0.000000,0.000000,7.580079,0.000000,0.000000,0.000000,0.000000,0.000000,307,27.894691,35.474770,-0.0,35.474770,11.000000
313_CC_1-0,21,15.731579,170.000000,36.823878,1.000000,0.000000,0.000000,9.744261,0.000000,0.000000,0.000000,0.000000,0.000000,0.000000,313,25.475840,15.731579,1656.5243700000003,15.731579,170.000000
313_CC_1-1,21,15.731579,61.666667,13.357681,1.000000,0.000000,0.000000,9.744261,0.000000,0.000000,0.000000,0.000000,0.000000,0.000000,313,25.475840,15.731579,600.896098248087,15.731579,61.666667
313_CC_1-2,21,26.755735,0.000000,0.000000,1.000000,0.000000,0.000000,0.000000,1.279895,0.000000,0.000000,0.000000,0.000000,0.000000,313,25.475840,26.755735,-0.0,26.755735,61.666667
313_CC_1-3,21,33.752731,0.000000,0.000000,1.000000,0.000000,0.000000,0.000000,8.276891,0.000000,0.000000,0.000000,0.000000,0.000000,313,25.475840,33.752731,-0.0,33.752731,61.666667
315_STEAM_1-0,21,75.436777,0.000000,0.000000,1.000000,0.000000,0.000000,0.000000,0.000000,0.000000,55.383493,0.000000,0.000000,0.000000,315,20.053283,75.436777,-0.0,75.436777,5.000000
315_STEAM_1-1,21,75.436777,0.000000,0.000000,1.000000,0.000000,0.000000,0.000000,0.000000,0.000000,55.383493,0.000000,0.000000,0.000000,315,20.053283,75.436777,-0.0,75.436777,2.333333
315_STEAM_1-2,21,100.399529,0.000000,0.000000,1.000000,0.000000,0.000000,0.000000,24.962753,0.000000,55.383493,0.000000,0.000000,0.000000,315,20.053283,100.399529,-0.0,100.399529,2.333333
315_STEAM_1-3,21,124.099655,0.000000,0.000000,1.000000,0.000000,0.000000,0.000000,48.662879,0.000000,55.383493,0.000000,0.000000,0.000000,315,20.053283,124.099655,-0.0,124.099655,2.333333
315_STEAM_2-0,21,75.436777,0.000000,0.000000,1.000000,0.000000,0.000000,0.000000,0.000000,0.000000,55.383493,0.000000,0.000000,0.000000,315,20.053283,75.436777,-0.0,75.436777,5.000000
315_STEAM_2-1,21,75.436777,0.000000,0.000000,1.000000,0.000000,0.000000,0.000000,0.000000,0.000000,55.383493,0.000000,0.000000,0.000000,315,20.053283,75.436777,-0.0,75.436777,2.333333
315_STEAM_2-2,21,100.399529,0.000000,0.000000,1.000000,0.000000,0.000000,0.000000,24.962753,0.000000,55.383493,0.000000,0.000000,0.000000,315,20.053283,100.399529,-0.0,100.399529,2.333333
315_STEAM_2-3,21,124.099655,0.000000,0.000000,1.000000,0.000000,0.000000,0.000000,48.662879,0.000000,55.383493,0.000000,0.000000,0.000000,315,20.053283,124.099655,-0.0,124.099655,2.333333
315_STEAM_3-0,21,75.436777,0.000000,0.000000,1.000000,0.000000,0.000000,0.000000,0.000000,0.000000,55.383493,0.000000,0.000000,0.000000,315,20.053283,75.436777,-0.0,75.436777,5.000000
315_STEAM_3-1,21,75.436777,0.000000,0.000000,1.000000,0.000000,0.000000,0.000000,0.000000,0.000000,55.383493,0.000000,0.000000,0.000000,315,20.053283,75.436777,-0.0,75.436777,2.333333
315_STEAM_3-2,21,100.399529,0.000000,0.000000,1.000000,0.000000,0.000000,0.000000,24.962753,0.000000,55.383493,0.000000,0.000000,0.000000,315,20.053283,100.399529,-0.0,100.399529,2.333333
315_STEAM_3-3,21,124.099655,0.000000,0.000000,1.000000,0.000000,0.000000,0.000000,48.662879,0.000000,55.383493,0.000000,0.000000,0.000000,315,20.053283,124.099655,-0.0,124.099655,2.333333
315_STEAM_4-0,21,75.436777,0.000000,0.000000,1.000000,0.000000,0.000000,0.000000,0.000000,0.000000,55.383493,0.000000,0.000000,0.000000,315,20.053283,75.436777,-0.0,75.436777,5.000000
315_STEAM_4-1,21,75.436777,0.000000,0.000000,1.000000,0.000000,0.000000,0.000000,0.000000,0.000000,55.383493,0.000000,0.000000,0.000000,315,20.053283,75.436777,-0.0,75.436777,2.333333
315_STEAM_4-2,21,100.399529,0.000000,0.000000,1.000000,0.000000,0.000000,0.000000,24.962753,0.000000,55.383493,0.000000,0.000000,0.000000,315,20.053283,100.399529,-0.0,100.399529,2.333333
315_STEAM_4-3,21,124.099655,0.000000,0.000000,1.000000,0.000000,0.000000,0.000000,48.662879,0.000000,55.383493,0.000000,0.000000,0.000000,315,20.053283,124.099655,-0.0,124.099655,2.333333
315_STEAM_5-0,21,75.436777,0.000000,0.000000,1.000000,0.000000,0.000000,0.000000,0.000000,0.000000,55.383493,0.000000,0.000000,0.000000,315,20.053283,75.436777,-0.0,75.436777,5.000000
315_STEAM_5-1,21,75.436777,0.000000,0.000000,1.000000,0.000000,0.000000,0.000000,0.000000,0.000000,55.383493,0.000000,0.000000,0.000000,315,20.053283,75.436777,-0.0,75.436777,2.333333
315_STEAM_5-2,21,100.399529,0.000000,0.000000,1.000000,0.000000,0.000000,0.000000,24.962753,0.000000,55.383493,0.000000,0.000000,0.000000,315,20.053283,100.399529,-0.0,100.399529,2.333333
315_STEAM_5-3,21,124.099655,0.000000,0.000000,1.000000,0.000000,0.000000,0.000000,48.662879,0.000000,55.383493,0.000000,0.000000,0.000000,315,20.053283,124.099655,-0.0,124.099655,2.333333
315_CT_6-0,21,26.401998,0.000000,0.000000,1.000000,0.000000,0.000000,0.000000,0.000000,0.000000,6.348715,0.000000,0.000000,0.000000,315,20.053283,26.401998,-0.0,26.401998,22.000000
315_CT_6-1,21,26.401998,0.000000,0.000000,1.000000,0.000000,0.000000,0.000000,0.000000,0.000000,6.348715,0.000000,0.000000,0.000000,315,20.053283,26.401998,-0.0,26.401998,11.000000
315_CT_6-2,21,26.895675,0.000000,0.000000,1.000000,0.000000,0.000000,0.000000,0.493677,0.000000,6.348715,0.000000,0.000000,0.000000,315,20.053283,26.895675,-0.0,26.895675,11.000000
315_CT_6-3,21,31.855768,0.000000,0.000000,1.000000,0.000000,0.000000,0.000000,5.453770,0.000000,6.348715,0.000000,0.000000,0.000000,315,20.053283,31.855768,-0.0,31.855768,11.000000
315_CT_7-0,21,26.401998,0.000000,0.000000,1.000000,0.000000,0.000000,0.000000,0.000000,0.000000,6.348715,0.000000,0.000000,0.000000,315,20.053283,26.401998,-0.0,26.401998,22.000000
315_CT_7-1,21,26.401998,0.000000,0.000000,1.000000,0.000000,0.000000,0.000000,0.000000,0.000000,6.348715,0.000000,0.000000,0.000000,315,20.053283,26.401998,-0.0,26.401998,11.000000
315_CT_7-2,21,26.895675,0.000000,0.000000,1.000000,0.000000,0.000000,0.000000,0.493677,0.000000,6.348715,0.000000,0.000000,0.000000,315,20.053283,26.895675,-0.0,26.895675,11.000000
315_CT_7-3,21,31.855768,0.000000,0.000000,1.000000,0.000000,0.000000,0.000000,5.453770,0.000000,6.348715,0.000000,0.000000,0.000000,315,20.053283,31.855768,-0.0,31.855768,11.000000
315_CT_8-0,21,26.401998,0.000000,0.000000,1.000000,0.000000,0.000000,0.000000,6.348715,0.000000,0.000000,0.000000,0.000000,0.000000,315,20.053283,26.401998,-0.0,26.401998,22.000000
315_CT_8-1,21,26.401998,0.000000,0.000000,1.000000,0.000000,0.000000,0.000000,6.348715,0.000000,0.000000,0.000000,0.000000,0.000000,315,20.053283,26.401998,-0.0,26.401998,11.000000
315_CT_8-2,21,26.895675,0.000000,0.000000,1.000000,0.000000,0.000000,0.000000,6.842392,0.000000,0.000000,0.000000,0.000000,0.000000,315,20.053283,26.895675,-0.0,26.895675,11.000000
315_CT_8-3,21,31.855768,0.000000,0.000000,1.000000,0.000000,0.000000,0.000000,11.802485,0.000000,0.000000,0.000000,0.000000,0.000000,315,20.053283,31.855768,-0.0,31.855768,11.000000
316_STEAM_1-0,21,21.116646,62.000000,58.992715,1.000000,0.000000,0.000000,0.171233,0.000000,0.000000,0.000000,0.000000,0.000000,0.000000,316,21.287879,21.116646,10.616446000000053,21.116646,62.000000
316_STEAM_1-1,21,21.116646,31.000000,29.496357,1.000000,0.000000,0.000000,0.171233,0.000000,0.000000,0.000000,0.000000,0.000000,0.000000,316,21.287879,21.116646,5.308223000000027,21.116646,31.000000
316_STEAM_1-2,21,21.287879,3.877303,3.719152,1.000000,0.000000,0.000000,0.000000,0.000000,0.000000,0.000000,0.000000,0.000000,0.000000,316,21.287879,21.287879,0.0,21.287879,31.000000
316_STEAM_1-3,21,27.274699,0.000000,0.000000,1.000000,0.000000,0.000000,0.000000,5.986820,0.000000,0.000000,0.000000,0.000000,0.000000,316,21.287879,27.274699,-0.0,27.274699,31.000000
318_CC_1-0,21,26.845141,0.000000,0.000000,1.000000,0.000000,0.000000,0.000000,0.000000,0.000000,6.194327,0.000000,0.000000,0.000000,318,20.650814,26.845141,-0.0,26.845141,170.000000
318_CC_1-1,21,26.845141,0.000000,0.000000,1.000000,0.000000,0.000000,0.000000,0.000000,0.000000,6.194327,0.000000,0.000000,0.000000,318,20.650814,26.845141,-0.0,26.845141,61.666667
318_CC_1-2,21,27.276623,0.000000,0.000000,1.000000,0.000000,0.000000,0.000000,0.431481,0.000000,6.194327,0.000000,0.000000,0.000000,318,20.650814,27.276623,-0.0,27.276623,61.666667
318_CC_1-3,21,31.529241,0.000000,0.000000,1.000000,0.000000,0.000000,0.000000,4.684100,0.000000,6.194327,0.000000,0.000000,0.000000,318,20.650814,31.529241,-0.0,31.529241,61.666667
321_CC_1-0,21,22.732463,0.000000,0.000000,1.000000,0.000000,0.000000,0.000000,0.000000,0.000000,2.269625,0.000000,0.000000,0.000000,321,20.462837,22.732463,-0.0,22.732463,170.000000
321_CC_1-1,21,22.732463,0.000000,0.000000,1.000000,0.000000,0.000000,0.000000,0.000000,0.000000,2.269625,0.000000,0.000000,0.000000,321,20.462837,22.732463,-0.0,22.732463,61.666667
321_CC_1-2,21,25.908321,0.000000,0.000000,1.000000,0.000000,0.000000,0.000000,3.175859,0.000000,2.269625,0.000000,0.000000,0.000000,321,20.462837,25.908321,-0.0,25.908321,61.666667
321_CC_1-3,21,33.947092,0.000000,0.000000,1.000000,0.000000,0.000000,0.000000,11.214630,0.000000,2.269625,0.000000,0.000000,0.000000,321,20.462837,33.947092,-0.0,33.947092,61.666667
322_CT_5-0,21,23.334982,0.000000,0.000000,1.000000,0.000000,0.000000,0.000000,2.718687,0.000000,0.000000,0.000000,0.000000,0.000000,322,20.616294,23.334982,-0.0,23.334982,22.000000
322_CT_5-1,21,23.334982,0.000000,0.000000,1.000000,0.000000,0.000000,0.000000,2.718687,0.000000,0.000000,0.000000,0.000000,0.000000,322,20.616294,23.334982,-0.0,23.334982,11.000000
322_CT_5-2,21,26.499179,0.000000,0.000000,1.000000,0.000000,0.000000,0.000000,5.882884,0.000000,0.000000,0.000000,0.000000,0.000000,322,20.616294,26.499179,-0.0,26.499179,11.000000
322_CT_5-3,21,27.894691,0.000000,0.000000,1.000000,0.000000,0.000000,0.000000,7.278396,0.000000,0.000000,0.000000,0.000000,0.000000,322,20.616294,27.894691,-0.0,27.894691,11.000000
322_CT_6-0,21,23.334982,0.000000,0.000000,1.000000,0.000000,0.000000,0.000000,2.718687,0.000000,0.000000,0.000000,0.000000,0.000000,322,20.616294,23.334982,-0.0,23.334982,22.000000
322_CT_6-1,21,23.334982,0.000000,0.000000,1.000000,0.000000,0.000000,0.000000,2.718687,0.000000,0.000000,0.000000,0.000000,0.000000,322,20.616294,23.334982,-0.0,23.334982,11.000000
322_CT_6-2,21,26.499179,0.000000,0.000000,1.000000,0.000000,0.000000,0.000000,5.882884,0.000000,0.000000,0.000000,0.000000,0.000000,322,20.616294,26.499179,-0.0,26.499179,11.000000
322_CT_6-3,21,27.894691,0.000000,0.000000,1.000000,0.000000,0.000000,0.000000,7.278396,0.000000,0.000000,0.000000,0.000000,0.000000,322,20.616294,27.894691,-0.0,27.894691,11.000000
323_CC_1-0,21,26.429209,0.000000,0.000000,1.000000,0.000000,0.000000,0.000000,0.000000,0.000000,2.698779,0.000000,0.000000,0.000000,323,23.730430,26.429209,-0.0,26.429209,170.000000
323_CC_1-1,21,26.429209,0.000000,0.000000,1.000000,0.000000,0.000000,0.000000,0.000000,0.000000,2.698779,0.000000,0.000000,0.000000,323,23.730430,26.429209,-0.0,26.429209,61.666667
323_CC_1-2,21,30.277557,0.000000,0.000000,1.000000,0.000000,0.000000,0.000000,3.848348,0.000000,2.698779,0.000000,0.000000,0.000000,323,23.730430,30.277557,-0.0,30.277557,61.666667
323_CC_1-3,21,31.727490,0.000000,0.000000,1.000000,0.000000,0.000000,0.000000,5.298281,0.000000,2.698779,0.000000,0.000000,0.000000,323,23.730430,31.727490,-0.0,31.727490,61.666667
323_CC_2-0,21,26.429209,0.000000,0.000000,1.000000,0.000000,0.000000,0.000000,0.000000,0.000000,2.698779,0.000000,0.000000,0.000000,323,23.730430,26.429209,-0.0,26.429209,170.000000
323_CC_2-1,21,26.429209,0.000000,0.000000,1.000000,0.000000,0.000000,0.000000,0.000000,0.000000,2.698779,0.000000,0.000000,0.000000,323,23.730430,26.429209,-0.0,26.429209,61.666667
323_CC_2-2,21,30.277557,0.000000,0.000000,1.000000,0.000000,0.000000,0.000000,3.848348,0.000000,2.698779,0.000000,0.000000,0.000000,323,23.730430,30.277557,-0.0,30.277557,61.666667
323_CC_2-3,21,31.727490,0.000000,0.000000,1.000000,0.000000,0.000000,0.000000,5.298281,0.000000,2.698779,0.000000,0.000000,0.000000,323,23.730430,31.727490,-0.0,31.727490,61.666667
322_HYDRO_1-0,21,0.000000,11.604167,0.000000,1.000000,0.000000,0.000000,20.616294,0.000000,0.000000,0.000000,0.000000,0.000000,0.000000,322,20.616294,0.000000,239.234918497098,0.000000,11.604167
322_HYDRO_1-1,21,0.000000,0.000000,0.000000,1.000000,0.000000,0.000000,20.616294,0.000000,0.000000,0.000000,0.000000,0.000000,0.000000,322,20.616294,0.000000,0.0,0.000000,0.000000
322_HYDRO_1-2,21,0.000000,0.000000,0.000000,1.000000,0.000000,0.000000,20.616294,0.000000,0.000000,0.000000,0.000000,0.000000,0.000000,322,20.616294,0.000000,0.0,0.000000,0.000000
322_HYDRO_1-3,21,0.000000,0.000000,0.000000,1.000000,0.000000,0.000000,20.616294,0.000000,0.000000,0.000000,0.000000,0.000000,0.000000,322,20.616294,0.000000,0.0,0.000000,0.000000
322_HYDRO_2-0,21,0.000000,11.604167,0.000000,1.000000,0.000000,0.000000,20.616294,0.000000,0.000000,0.000000,0.000000,0.000000,0.000000,322,20.616294,0.000000,239.234918497098,0.000000,11.604167
322_HYDRO_2-1,21,0.000000,0.000000,0.000000,1.000000,0.000000,0.000000,20.616294,0.000000,0.000000,0.000000,0.000000,0.000000,0.000000,322,20.616294,0.000000,0.0,0.000000,0.000000
322_HYDRO_2-2,21,0.000000,0.000000,0.000000,1.000000,0.000000,0.000000,20.616294,0.000000,0.000000,0.000000,0.000000,0.000000,0.000000,322,20.616294,0.000000,0.0,0.000000,0.000000
322_HYDRO_2-3,21,0.000000,0.000000,0.000000,1.000000,0.000000,0.000000,20.616294,0.000000,0.000000,0.000000,0.000000,0.000000,0.000000,322,20.616294,0.000000,0.0,0.000000,0.000000
322_HYDRO_3-0,21,0.000000,11.604167,0.000000,1.000000,0.000000,0.000000,20.616294,0.000000,0.000000,0.000000,0.000000,0.000000,0.000000,322,20.616294,0.000000,239.234918497098,0.000000,11.604167
322_HYDRO_3-1,21,0.000000,0.000000,0.000000,1.000000,0.000000,0.000000,20.616294,0.000000,0.000000,0.000000,0.000000,0.000000,0.000000,322,20.616294,0.000000,0.0,0.000000,0.000000
322_HYDRO_3-2,21,0.000000,0.000000,0.000000,1.000000,0.000000,0.000000,20.616294,0.000000,0.000000,0.000000,0.000000,0.000000,0.000000,322,20.616294,0.000000,0.0,0.000000,0.000000
322_HYDRO_3-3,21,0.000000,0.000000,0.000000,1.000000,0.000000,0.000000,20.616294,0.000000,0.000000,0.000000,0.000000,0.000000,0.000000,322,20.616294,0.000000,0.0,0.000000,0.000000
322_HYDRO_4-0,21,0.000000,11.604167,0.000000,1.000000,0.000000,0.000000,20.616294,0.000000,0.000000,0.000000,0.000000,0.000000,0.000000,322,20.616294,0.000000,239.234918497098,0.000000,11.604167
322_HYDRO_4-1,21,0.000000,0.000000,0.000000,1.000000,0.000000,0.000000,20.616294,0.000000,0.000000,0.000000,0.000000,0.000000,0.000000,322,20.616294,0.000000,0.0,0.000000,0.000000
322_HYDRO_4-2,21,0.000000,0.000000,0.000000,1.000000,0.000000,0.000000,20.616294,0.000000,0.000000,0.000000,0.000000,0.000000,0.000000,322,20.616294,0.000000,0.0,0.000000,0.000000
322_HYDRO_4-3,21,0.000000,0.000000,0.000000,1.000000,0.000000,0.000000,20.616294,0.000000,0.000000,0.000000,0.000000,0.000000,0.000000,322,20.616294,0.000000,0.0,0.000000,0.000000
301_CT_1-0,22,87.255791,0.000000,0.000000,1.000000,0.000000,0.000000,0.000000,0.000000,0.000000,74.799889,0.000000,0.000000,0.000000,301,12.455902,87.255791,-0.0,87.255791,8.000000
301_CT_1-1,22,87.255791,0.000000,0.000000,1.000000,0.000000,0.000000,0.000000,0.000000,0.000000,74.799889,0.000000,0.000000,0.000000,301,12.455902,87.255791,-0.0,87.255791,4.000000
301_CT_1-2,22,99.695770,0.000000,0.000000,1.000000,0.000000,0.000000,0.000000,12.439979,0.000000,74.799889,0.000000,0.000000,0.000000,301,12.455902,99.695770,-0.0,99.695770,4.000000
301_CT_1-3,22,105.367241,0.000000,0.000000,1.000000,0.000000,0.000000,0.000000,18.111450,0.000000,74.799889,0.000000,0.000000,0.000000,301,12.455902,105.367241,-0.0,105.367241,4.000000
301_CT_2-0,22,87.255791,0.000000,0.000000,1.000000,0.000000,0.000000,0.000000,0.000000,0.000000,74.799889,0.000000,0.000000,0.000000,301,12.455902,87.255791,-0.0,87.255791,8.000000
301_CT_2-1,22,87.255791,0.000000,0.000000,1.000000,0.000000,0.000000,0.000000,0.000000,0.000000,74.799889,0.000000,0.000000,0.000000,301,12.455902,87.255791,-0.0,87.255791,4.000000
301_CT_2-2,22,99.695770,0.000000,0.000000,1.000000,0.000000,0.000000,0.000000,12.439979,0.000000,74.799889,0.000000,0.000000,0.000000,301,12.455902,99.695770,-0.0,99.695770,4.000000
301_CT_2-3,22,105.367241,0.000000,0.000000,1.000000,0.000000,0.000000,0.000000,18.111450,0.000000,74.799889,0.000000,0.000000,0.000000,301,12.455902,105.367241,-0.0,105.367241,4.000000
301_CT_3-0,22,28.469999,0.000000,0.000000,1.000000,0.000000,0.000000,0.000000,0.000000,0.000000,16.014097,0.000000,0.000000,0.000000,301,12.455902,28.469999,-0.0,28.469999,22.000000
301_CT_3-1,22,28.469999,0.000000,0.000000,1.000000,0.000000,0.000000,0.000000,0.000000,0.000000,16.014097,0.000000,0.000000,0.000000,301,12.455902,28.469999,-0.0,28.469999,11.000000
301_CT_3-2,22,29.286315,0.000000,0.000000,1.000000,0.000000,0.000000,0.000000,0.816316,0.000000,16.014097,0.000000,0.000000,0.000000,301,12.455902,29.286315,-0.0,29.286315,11.000000
301_CT_3-3,22,43.742887,0.000000,0.000000,1.000000,0.000000,0.000000,0.000000,15.272887,0.000000,16.014097,0.000000,0.000000,0.000000,301,12.455902,43.742887,-0.0,43.742887,11.000000
301_CT_4-0,22,28.469999,0.000000,0.000000,1.000000,0.000000,0.000000,0.000000,0.000000,0.000000,16.014097,0.000000,0.000000,0.000000,301,12.455902,28.469999,-0.0,28.469999,22.000000
301_CT_4-1,22,28.469999,0.000000,0.000000,1.000000,0.000000,0.000000,0.000000,0.000000,0.000000,16.014097,0.000000,0.000000,0.000000,301,12.455902,28.469999,-0.0,28.469999,11.000000
301_CT_4-2,22,29.286315,0.000000,0.000000,1.000000,0.000000,0.000000,0.000000,0.816316,0.000000,16.014097,0.000000,0.000000,0.000000,301,12.455902,29.286315,-0.0,29.286315,11.000000
301_CT_4-3,22,43.742887,0.000000,0.000000,1.000000,0.000000,0.000000,0.000000,15.272887,0.000000,16.014097,0.000000,0.000000,0.000000,301,12.455902,43.742887,-0.0,43.742887,11.000000
302_CT_1-0,22,87.255791,0.000000,0.000000,1.000000,0.000000,0.000000,0.000000,0.000000,0.000000,74.225067,0.000000,0.000000,0.000000,302,13.030724,87.255791,-0.0,87.255791,8.000000
302_CT_1-1,22,87.255791,0.000000,0.000000,1.000000,0.000000,0.000000,0.000000,0.000000,0.000000,74.225067,0.000000,0.000000,0.000000,302,13.030724,87.255791,-0.0,87.255791,4.000000
302_CT_1-2,22,99.695770,0.000000,0.000000,1.000000,0.000000,0.000000,0.000000,12.439979,0.000000,74.225067,0.000000,0.000000,0.000000,302,13.030724,99.695770,-0.0,99.695770,4.000000
302_CT_1-3,22,105.367241,0.000000,0.000000,1.000000,0.000000,0.000000,0.000000,18.111450,0.000000,74.225067,0.000000,0.000000,0.000000,302,13.030724,105.367241,-0.0,105.367241,4.000000
302_CT_2-0,22,87.255791,0.000000,0.000000,1.000000,0.000000,0.000000,0.000000,0.000000,0.000000,74.225067,0.000000,0.000000,0.000000,302,13.030724,87.255791,-0.0,87.255791,8.000000
302_CT_2-1,22,87.255791,0.000000,0.000000,1.000000,0.000000,0.000000,0.000000,0.000000,0.000000,74.225067,0.000000,0.000000,0.000000,302,13.030724,87.255791,-0.0,87.255791,4.000000
302_CT_2-2,22,99.695770,0.000000,0.000000,1.000000,0.000000,0.000000,0.000000,12.439979,0.000000,74.225067,0.000000,0.000000,0.000000,302,13.030724,99.695770,-0.0,99.695770,4.000000
302_CT_2-3,22,105.367241,0.000000,0.000000,1.000000,0.000000,0.000000,0.000000,18.111450,0.000000,74.225067,0.000000,0.000000,0.000000,302,13.030724,105.367241,-0.0,105.367241,4.000000
302_CT_3-0,22,33.791603,0.000000,0.000000,1.000000,0.000000,0.000000,0.000000,0.000000,0.000000,20.760879,0.000000,0.000000,0.000000,302,13.030724,33.791603,-0.0,33.791603,22.000000
302_CT_3-1,22,33.791603,0.000000,0.000000,1.000000,0.000000,0.000000,0.000000,0.000000,0.000000,20.760879,0.000000,0.000000,0.000000,302,13.030724,33.791603,-0.0,33.791603,11.000000
302_CT_3-2,22,38.382410,0.000000,0.000000,1.000000,0.000000,0.000000,0.000000,4.590807,0.000000,20.760879,0.000000,0.000000,0.000000,302,13.030724,38.382410,-0.0,38.382410,11.000000
302_CT_3-3,22,38.635080,0.000000,0.000000,1.000000,0.000000,0.000000,0.000000,4.843476,0.000000,20.760879,0.000000,0.000000,0.000000,302,13.030724,38.635080,-0.0,38.635080,11.000000
302_CT_4-0,22,33.791603,0.000000,0.000000,1.000000,0.000000,0.000000,0.000000,0.000000,0.000000,20.760879,0.000000,0.000000,0.000000,302,13.030724,33.791603,-0.0,33.791603,22.000000
302_CT_4-1,22,33.791603,0.000000,0.000000,1.000000,0.000000,0.000000,0.000000,0.000000,0.000000,20.760879,0.000000,0.000000,0.000000,302,13.030724,33.791603,-0.0,33.791603,11.000000
302_CT_4-2,22,38.382410,0.000000,0.000000,1.000000,0.000000,0.000000,0.000000,4.590807,0.000000,20.760879,0.000000,0.000000,0.000000,302,13.030724,38.382410,-0.0,38.382410,11.000000
302_CT_4-3,22,38.635080,0.000000,0.000000,1.000000,0.000000,0.000000,0.000000,4.843476,0.000000,20.760879,0.000000,0.000000,0.000000,302,13.030724,38.635080,-0.0,38.635080,11.000000
307_CT_1-0,22,27.894691,0.000000,0.000000,1.000000,0.000000,0.000000,0.000000,0.000000,0.000000,10.011479,0.000000,0.000000,0.000000,307,17.883211,27.894691,-0.0,27.894691,22.000000
307_CT_1-1,22,27.894691,0.000000,0.000000,1.000000,0.000000,0.000000,0.000000,0.000000,0.000000,10.011479,0.000000,0.000000,0.000000,307,17.883211,27.894691,-0.0,27.894691,11.000000
307_CT_1-2,22,29.220233,0.000000,0.000000,1.000000,0.000000,0.000000,0.000000,1.325542,0.000000,10.011479,0.000000,0.000000,0.000000,307,17.883211,29.220233,-0.0,29.220233,11.000000
307_CT_1-3,22,35.474770,0.000000,0.000000,1.000000,0.000000,0.000000,0.000000,7.580079,0.000000,10.011479,0.000000,0.000000,0.000000,307,17.883211,35.474770,-0.0,35.474770,11.000000
307_CT_2-0,22,27.894691,0.000000,0.000000,1.000000,0.000000,0.000000,0.000000,0.000000,0.000000,10.011479,0.000000,0.000000,0.000000,307,17.883211,27.894691,-0.0,27.894691,22.000000
307_CT_2-1,22,27.894691,0.000000,0.000000,1.000000,0.000000,0.000000,0.000000,0.000000,0.000000,10.011479,0.000000,0.000000,0.000000,307,17.883211,27.894691,-0.0,27.894691,11.000000
307_CT_2-2,22,29.220233,0.000000,0.000000,1.000000,0.000000,0.000000,0.000000,1.325542,0.000000,10.011479,0.000000,0.000000,0.000000,307,17.883211,29.220233,-0.0,29.220233,11.000000
307_CT_2-3,22,35.474770,0.000000,0.000000,1.000000,0.000000,0.000000,0.000000,7.580079,0.000000,10.011479,0.000000,0.000000,0.000000,307,17.883211,35.474770,-0.0,35.474770,11.000000
313_CC_1-0,22,15.731579,168.144780,36.422016,1.000000,0.000000,0.000000,0.000000,0.000000,0.000000,0.000000,0.000000,0.000000,0.000000,313,15.731579,15.731579,0.0,15.731579,170.000000
313_CC_1-1,22,15.731579,61.666667,13.357681,1.000000,0.000000,0.000000,0.000000,0.000000,0.000000,0.000000,0.000000,0.000000,0.000000,313,15.731579,15.731579,0.0,15.731579,61.666667
313_CC_1-2,22,26.755735,0.000000,0.000000,1.000000,0.000000,0.000000,0.000000,11.024156,0.000000,0.000000,0.000000,0.000000,0.000000,313,15.731579,26.755735,-0.0,26.755735,61.666667
313_CC_1-3,22,33.752731,0.000000,0.000000,1.000000,0.000000,0.000000,0.000000,18.021152,0.000000,0.000000,0.000000,0.000000,0.000000,313,15.731579,33.752731,-0.0,33.752731,61.666667
315_STEAM_1-0,22,75.436777,0.000000,0.000000,1.000000,0.000000,0.000000,0.000000,0.000000,0.000000,64.528707,0.000000,0.000000,0.000000,315,10.908070,75.436777,-0.0,75.436777,5.000000
315_STEAM_1-1,22,75.436777,0.000000,0.000000,1.000000,0.000000,0.000000,0.000000,0.000000,0.000000,64.528707,0.000000,0.000000,0.000000,315,10.908070,75.436777,-0.0,75.436777,2.333333
315_STEAM_1-2,22,100.399529,0.000000,0.000000,1.000000,0.000000,0.000000,0.000000,24.962753,0.000000,64.528707,0.000000,0.000000,0.000000,315,10.908070,100.399529,-0.0,100.399529,2.333333
315_STEAM_1-3,22,124.099655,0.000000,0.000000,1.000000,0.000000,0.000000,0.000000,48.662879,0.000000,64.528707,0.000000,0.000000,0.000000,315,10.908070,124.099655,-0.0,124.099655,2.333333
315_STEAM_2-0,22,75.436777,0.000000,0.000000,1.000000,0.000000,0.000000,0.000000,0.000000,0.000000,64.528707,0.000000,0.000000,0.000000,315,10.908070,75.436777,-0.0,75.436777,5.000000
315_STEAM_2-1,22,75.436777,0.000000,0.000000,1.000000,0.000000,0.000000,0.000000,0.000000,0.000000,64.528707,0.000000,0.000000,0.000000,315,10.908070,75.436777,-0.0,75.436777,2.333333
315_STEAM_2-2,22,100.399529,0.000000,0.000000,1.000000,0.000000,0.000000,0.000000,24.962753,0.000000,64.528707,0.000000,0.000000,0.000000,315,10.908070,100.399529,-0.0,100.399529,2.333333
315_STEAM_2-3,22,124.099655,0.000000,0.000000,1.000000,0.000000,0.000000,0.000000,48.662879,0.000000,64.528707,0.000000,0.000000,0.000000,315,10.908070,124.099655,-0.0,124.099655,2.333333
315_STEAM_3-0,22,75.436777,0.000000,0.000000,1.000000,0.000000,0.000000,0.000000,0.000000,0.000000,64.528707,0.000000,0.000000,0.000000,315,10.908070,75.436777,-0.0,75.436777,5.000000
315_STEAM_3-1,22,75.436777,0.000000,0.000000,1.000000,0.000000,0.000000,0.000000,0.000000,0.000000,64.528707,0.000000,0.000000,0.000000,315,10.908070,75.436777,-0.0,75.436777,2.333333
315_STEAM_3-2,22,100.399529,0.000000,0.000000,1.000000,0.000000,0.000000,0.000000,24.962753,0.000000,64.528707,0.000000,0.000000,0.000000,315,10.908070,100.399529,-0.0,100.399529,2.333333
315_STEAM_3-3,22,124.099655,0.000000,0.000000,1.000000,0.000000,0.000000,0.000000,48.662879,0.000000,64.528707,0.000000,0.000000,0.000000,315,10.908070,124.099655,-0.0,124.099655,2.333333
315_STEAM_4-0,22,75.436777,0.000000,0.000000,1.000000,0.000000,0.000000,0.000000,0.000000,0.000000,64.528707,0.000000,0.000000,0.000000,315,10.908070,75.436777,-0.0,75.436777,5.000000
315_STEAM_4-1,22,75.436777,0.000000,0.000000,1.000000,0.000000,0.000000,0.000000,0.000000,0.000000,64.528707,0.000000,0.000000,0.000000,315,10.908070,75.436777,-0.0,75.436777,2.333333
315_STEAM_4-2,22,100.399529,0.000000,0.000000,1.000000,0.000000,0.000000,0.000000,24.962753,0.000000,64.528707,0.000000,0.000000,0.000000,315,10.908070,100.399529,-0.0,100.399529,2.333333
315_STEAM_4-3,22,124.099655,0.000000,0.000000,1.000000,0.000000,0.000000,0.000000,48.662879,0.000000,64.528707,0.000000,0.000000,0.000000,315,10.908070,124.099655,-0.0,124.099655,2.333333
315_STEAM_5-0,22,75.436777,0.000000,0.000000,1.000000,0.000000,0.000000,0.000000,0.000000,0.000000,64.528707,0.000000,0.000000,0.000000,315,10.908070,75.436777,-0.0,75.436777,5.000000
315_STEAM_5-1,22,75.436777,0.000000,0.000000,1.000000,0.000000,0.000000,0.000000,0.000000,0.000000,64.528707,0.000000,0.000000,0.000000,315,10.908070,75.436777,-0.0,75.436777,2.333333
315_STEAM_5-2,22,100.399529,0.000000,0.000000,1.000000,0.000000,0.000000,0.000000,24.962753,0.000000,64.528707,0.000000,0.000000,0.000000,315,10.908070,100.399529,-0.0,100.399529,2.333333
315_STEAM_5-3,22,124.099655,0.000000,0.000000,1.000000,0.000000,0.000000,0.000000,48.662879,0.000000,64.528707,0.000000,0.000000,0.000000,315,10.908070,124.099655,-0.0,124.099655,2.333333
315_CT_6-0,22,26.401998,0.000000,0.000000,1.000000,0.000000,0.000000,0.000000,0.000000,0.000000,15.493928,0.000000,0.000000,0.000000,315,10.908070,26.401998,-0.0,26.401998,22.000000
315_CT_6-1,22,26.401998,0.000000,0.000000,1.000000,0.000000,0.000000,0.000000,0.000000,0.000000,15.493928,0.000000,0.000000,0.000000,315,10.908070,26.401998,-0.0,26.401998,11.000000
315_CT_6-2,22,26.895675,0.000000,0.000000,1.000000,0.000000,0.000000,0.000000,0.493677,0.000000,15.493928,0.000000,0.000000,0.000000,315,10.908070,26.895675,-0.0,26.895675,11.000000
315_CT_6-3,22,31.855768,0.000000,0.000000,1.000000,0.000000,0.000000,0.000000,5.453770,0.000000,15.493928,0.000000,0.000000,0.000000,315,10.908070,31.855768,-0.0,31.855768,11.000000
315_CT_7-0,22,26.401998,0.000000,0.000000,1.000000,0.000000,0.000000,0.000000,0.000000,0.000000,15.493928,0.000000,0.000000,0.000000,315,10.908070,26.401998,-0.0,26.401998,22.000000
315_CT_7-1,22,26.401998,0.000000,0.000000,1.000000,0.000000,0.000000,0.000000,0.000000,0.000000,15.493928,0.000000,0.000000,0.000000,315,10.908070,26.401998,-0.0,26.401998,11.000000
315_CT_7-2,22,26.895675,0.000000,0.000000,1.000000,0.000000,0.000000,0.000000,0.493677,0.000000,15.493928,0.000000,0.000000,0.000000,315,10.908070,26.895675,-0.0,26.895675,11.000000
315_CT_7-3,22,31.855768,0.000000,0.000000,1.000000,0.000000,0.000000,0.000000,5.453770,0.000000,15.493928,0.000000,0.000000,0.000000,315,10.908070,31.855768,-0.0,31.855768,11.000000
315_CT_8-0,22,26.401998,0.000000,0.000000,1.000000,0.000000,0.000000,0.000000,0.000000,0.000000,15.493928,0.000000,0.000000,0.000000,315,10.908070,26.401998,-0.0,26.401998,22.000000
315_CT_8-1,22,26.401998,0.000000,0.000000,1.000000,0.000000,0.000000,0.000000,0.000000,0.000000,15.493928,0.000000,0.000000,0.000000,315,10.908070,26.401998,-0.0,26.401998,11.000000
315_CT_8-2,22,26.895675,0.000000,0.000000,1.000000,0.000000,0.000000,0.000000,0.493677,0.000000,15.493928,0.000000,0.000000,0.000000,315,10.908070,26.895675,-0.0,26.895675,11.000000
315_CT_8-3,22,31.855768,0.000000,0.000000,1.000000,0.000000,0.000000,0.000000,5.453770,0.000000,15.493928,0.000000,0.000000,0.000000,315,10.908070,31.855768,-0.0,31.855768,11.000000
316_STEAM_1-0,22,21.116646,0.000000,0.000000,1.000000,0.000000,0.000000,0.000000,0.000000,0.000000,9.110370,0.000000,0.000000,0.000000,316,12.006276,21.116646,-0.0,21.116646,62.000000
316_STEAM_1-1,22,21.116646,0.000000,0.000000,1.000000,0.000000,0.000000,0.000000,0.000000,0.000000,9.110370,0.000000,0.000000,0.000000,316,12.006276,21.116646,-0.0,21.116646,31.000000
316_STEAM_1-2,22,21.287879,0.000000,0.000000,1.000000,0.000000,0.000000,0.000000,0.171233,0.000000,9.110370,0.000000,0.000000,0.000000,316,12.006276,21.287879,-0.0,21.287879,31.000000
316_STEAM_1-3,22,27.274699,0.000000,0.000000,1.000000,0.000000,0.000000,0.000000,6.158053,0.000000,9.110370,0.000000,0.000000,0.000000,316,12.006276,27.274699,-0.0,27.274699,31.000000
318_CC_1-0,22,26.845141,0.000000,0.000000,1.000000,0.000000,0.000000,0.000000,0.000000,0.000000,15.405552,0.000000,0.000000,0.000000,318,11.439590,26.845141,-0.0,26.845141,170.000000
318_CC_1-1,22,26.845141,0.000000,0.000000,1.000000,0.000000,0.000000,0.000000,0.000000,0.000000,15.405552,0.000000,0.000000,0.000000,318,11.439590,26.845141,-0.0,26.845141,61.666667
318_CC_1-2,22,27.276623,0.000000,0.000000,1.000000,0.000000,0.000000,0.000000,0.431481,0.000000,15.405552,0.000000,0.000000,0.000000,318,11.439590,27.276623,-0.0,27.276623,61.666667
318_CC_1-3,22,31.529241,0.000000,0.000000,1.000000,0.000000,0.000000,0.000000,4.684100,0.000000,15.405552,0.000000,0.000000,0.000000,318,11.439590,31.529241,-0.0,31.529241,61.666667
321_CC_1-0,22,22.732463,0.000000,0.000000,1.000000,0.000000,0.000000,0.000000,0.000000,0.000000,11.460083,0.000000,0.000000,0.000000,321,11.272379,22.732463,-0.0,22.732463,170.000000
321_CC_1-1,22,22.732463,0.000000,0.000000,1.000000,0.000000,0.000000,0.000000,0.000000,0.000000,11.460083,0.000000,0.000000,0.000000,321,11.272379,22.732463,-0.0,22.732463,61.666667
321_CC_1-2,22,25.908321,0.000000,0.000000,1.000000,0.000000,0.000000,0.000000,3.175859,0.000000,11.460083,0.000000,0.000000,0.000000,321,11.272379,25.908321,-0.0,25.908321,61.666667
321_CC_1-3,22,33.947092,0.000000,0.000000,1.000000,0.000000,0.000000,0.000000,11.214630,0.000000,11.460083,0.000000,0.000000,0.000000,321,11.272379,33.947092,-0.0,33.947092,61.666667
322_CT_5-0,22,23.334982,0.000000,0.000000,1.000000,0.000000,0.000000,0.000000,11.926098,0.000000,0.000000,0.000000,0.000000,0.000000,322,11.408884,23.334982,-0.0,23.334982,22.000000
322_CT_5-1,22,23.334982,0.000000,0.000000,1.000000,0.000000,0.000000,0.000000,11.926098,0.000000,0.000000,0.000000,0.000000,0.000000,322,11.408884,23.334982,-0.0,23.334982,11.000000
322_CT_5-2,22,26.499179,0.000000,0.000000,1.000000,0.000000,0.000000,0.000000,15.090295,0.000000,0.000000,0.000000,0.000000,0.000000,322,11.408884,26.499179,-0.0,26.499179,11.000000
322_CT_5-3,22,27.894691,0.000000,0.000000,1.000000,0.000000,0.000000,0.000000,16.485807,0.000000,0.000000,0.000000,0.000000,0.000000,322,11.408884,27.894691,-0.0,27.894691,11.000000
322_CT_6-0,22,23.334982,0.000000,0.000000,1.000000,0.000000,0.000000,0.000000,11.926098,0.000000,0.000000,0.000000,0.000000,0.000000,322,11.408884,23.334982,-0.0,23.334982,22.000000
322_CT_6-1,22,23.334982,0.000000,0.000000,1.000000,0.000000,0.000000,0.000000,11.926098,0.000000,0.000000,0.000000,0.000000,0.000000,322,11.408884,23.334982,-0.0,23.334982,11.000000
322_CT_6-2,22,26.499179,0.000000,0.000000,1.000000,0.000000,0.000000,0.000000,15.090295,0.000000,0.000000,0.000000,0.000000,0.000000,322,11.408884,26.499179,-0.0,26.499179,11.000000
322_CT_6-3,22,27.894691,0.000000,0.000000,1.000000,0.000000,0.000000,0.000000,16.485807,0.000000,0.000000,0.000000,0.000000,0.000000,322,11.408884,27.894691,-0.0,27.894691,11.000000
323_CC_1-0,22,26.429209,0.000000,0.000000,1.000000,0.000000,0.000000,0.000000,12.250219,0.000000,0.000000,0.000000,0.000000,0.000000,323,14.178990,26.429209,-0.0,26.429209,170.000000
323_CC_1-1,22,26.429209,0.000000,0.000000,1.000000,0.000000,0.000000,0.000000,12.250219,0.000000,0.000000,0.000000,0.000000,0.000000,323,14.178990,26.429209,-0.0,26.429209,61.666667
323_CC_1-2,22,30.277557,0.000000,0.000000,1.000000,0.000000,0.000000,0.000000,16.098567,0.000000,0.000000,0.000000,0.000000,0.000000,323,14.178990,30.277557,-0.0,30.277557,61.666667
323_CC_1-3,22,31.727490,0.000000,0.000000,1.000000,0.000000,0.000000,0.000000,17.548500,0.000000,0.000000,0.000000,0.000000,0.000000,323,14.178990,31.727490,-0.0,31.727490,61.666667
323_CC_2-0,22,26.429209,0.000000,0.000000,1.000000,0.000000,0.000000,0.000000,12.250219,0.000000,0.000000,0.000000,0.000000,0.000000,323,14.178990,26.429209,-0.0,26.429209,170.000000
323_CC_2-1,22,26.429209,0.000000,0.000000,1.000000,0.000000,0.000000,0.000000,12.250219,0.000000,0.000000,0.000000,0.000000,0.000000,323,14.178990,26.429209,-0.0,26.429209,61.666667
323_CC_2-2,22,30.277557,0.000000,0.000000,1.000000,0.000000,0.000000,0.000000,16.098567,0.000000,0.000000,0.000000,0.000000,0.000000,323,14.178990,30.277557,-0.0,30.277557,61.666667
323_CC_2-3,22,31.727490,0.000000,0.000000,1.000000,0.000000,0.000000,0.000000,17.548500,0.000000,0.000000,0.000000,0.000000,0.000000,323,14.178990,31.727490,-0.0,31.727490,61.666667
322_HYDRO_1-0,22,0.000000,15.000000,0.000000,1.000000,0.000000,0.000000,11.408884,0.000000,0.000000,0.000000,0.000000,0.000000,0.000000,322,11.408884,0.000000,171.13326,0.000000,15.000000
322_HYDRO_1-1,22,0.000000,0.000000,0.000000,1.000000,0.000000,0.000000,11.408884,0.000000,0.000000,0.000000,0.000000,0.000000,0.000000,322,11.408884,0.000000,0.0,0.000000,0.000000
322_HYDRO_1-2,22,0.000000,0.000000,0.000000,1.000000,0.000000,0.000000,11.408884,0.000000,0.000000,0.000000,0.000000,0.000000,0.000000,322,11.408884,0.000000,0.0,0.000000,0.000000
322_HYDRO_1-3,22,0.000000,0.000000,0.000000,1.000000,0.000000,0.000000,11.408884,0.000000,0.000000,0.000000,0.000000,0.000000,0.000000,322,11.408884,0.000000,0.0,0.000000,0.000000
322_HYDRO_2-0,22,0.000000,15.000000,0.000000,1.000000,0.000000,0.000000,11.408884,0.000000,0.000000,0.000000,0.000000,0.000000,0.000000,322,11.408884,0.000000,171.13326,0.000000,15.000000
322_HYDRO_2-1,22,0.000000,0.000000,0.000000,1.000000,0.000000,0.000000,11.408884,0.000000,0.000000,0.000000,0.000000,0.000000,0.000000,322,11.408884,0.000000,0.0,0.000000,0.000000
322_HYDRO_2-2,22,0.000000,0.000000,0.000000,1.000000,0.000000,0.000000,11.408884,0.000000,0.000000,0.000000,0.000000,0.000000,0.000000,322,11.408884,0.000000,0.0,0.000000,0.000000
322_HYDRO_2-3,22,0.000000,0.000000,0.000000,1.000000,0.000000,0.000000,11.408884,0.000000,0.000000,0.000000,0.000000,0.000000,0.000000,322,11.408884,0.000000,0.0,0.000000,0.000000
322_HYDRO_3-0,22,0.000000,15.000000,0.000000,1.000000,0.000000,0.000000,11.408884,0.000000,0.000000,0.000000,0.000000,0.000000,0.000000,322,11.408884,0.000000,171.13326,0.000000,15.000000
322_HYDRO_3-1,22,0.000000,0.000000,0.000000,1.000000,0.000000,0.000000,11.408884,0.000000,0.000000,0.000000,0.000000,0.000000,0.000000,322,11.408884,0.000000,0.0,0.000000,0.000000
322_HYDRO_3-2,22,0.000000,0.000000,0.000000,1.000000,0.000000,0.000000,11.408884,0.000000,0.000000,0.000000,0.000000,0.000000,0.000000,322,11.408884,0.000000,0.0,0.000000,0.000000
322_HYDRO_3-3,22,0.000000,0.000000,0.000000,1.000000,0.000000,0.000000,11.408884,0.000000,0.000000,0.000000,0.000000,0.000000,0.000000,322,11.408884,0.000000,0.0,0.000000,0.000000
322_HYDRO_4-0,22,0.000000,15.000000,0.000000,1.000000,0.000000,0.000000,11.408884,0.000000,0.000000,0.000000,0.000000,0.000000,0.000000,322,11.408884,0.000000,171.13326,0.000000,15.000000
322_HYDRO_4-1,22,0.000000,0.000000,0.000000,1.000000,0.000000,0.000000,11.408884,0.000000,0.000000,0.000000,0.000000,0.000000,0.000000,322,11.408884,0.000000,0.0,0.000000,0.000000
322_HYDRO_4-2,22,0.000000,0.000000,0.000000,1.000000,0.000000,0.000000,11.408884,0.000000,0.000000,0.000000,0.000000,0.000000,0.000000,322,11.408884,0.000000,0.0,0.000000,0.000000
322_HYDRO_4-3,22,0.000000,0.000000,0.000000,1.000000,0.000000,0.000000,11.408884,0.000000,0.000000,0.000000,0.000000,0.000000,0.000000,322,11.408884,0.000000,0.0,0.000000,0.000000
301_CT_1-0,23,87.255791,0.000000,0.000000,1.000000,0.000000,0.000000,0.000000,0.000000,0.000000,74.799889,0.000000,0.000000,0.000000,301,12.455902,87.255791,-0.0,87.255791,8.000000
301_CT_1-1,23,87.255791,0.000000,0.000000,1.000000,0.000000,0.000000,0.000000,0.000000,0.000000,74.799889,0.000000,0.000000,0.000000,301,12.455902,87.255791,-0.0,87.255791,4.000000
301_CT_1-2,23,99.695770,0.000000,0.000000,1.000000,0.000000,0.000000,0.000000,12.439979,0.000000,74.799889,0.000000,0.000000,0.000000,301,12.455902,99.695770,-0.0,99.695770,4.000000
301_CT_1-3,23,105.367241,0.000000,0.000000,1.000000,0.000000,0.000000,0.000000,18.111450,0.000000,74.799889,0.000000,0.000000,0.000000,301,12.455902,105.367241,-0.0,105.367241,4.000000
301_CT_2-0,23,87.255791,0.000000,0.000000,1.000000,0.000000,0.000000,0.000000,0.000000,0.000000,74.799889,0.000000,0.000000,0.000000,301,12.455902,87.255791,-0.0,87.255791,8.000000
301_CT_2-1,23,87.255791,0.000000,0.000000,1.000000,0.000000,0.000000,0.000000,0.000000,0.000000,74.799889,0.000000,0.000000,0.000000,301,12.455902,87.255791,-0.0,87.255791,4.000000
301_CT_2-2,23,99.695770,0.000000,0.000000,1.000000,0.000000,0.000000,0.000000,12.439979,0.000000,74.799889,0.000000,0.000000,0.000000,301,12.455902,99.695770,-0.0,99.695770,4.000000
301_CT_2-3,23,105.367241,0.000000,0.000000,1.000000,0.000000,0.000000,0.000000,18.111450,0.000000,74.799889,0.000000,0.000000,0.000000,301,12.455902,105.367241,-0.0,105.367241,4.000000
301_CT_3-0,23,28.469999,0.000000,0.000000,1.000000,0.000000,0.000000,0.000000,0.000000,0.000000,16.014097,0.000000,0.000000,0.000000,301,12.455902,28.469999,-0.0,28.469999,22.000000
301_CT_3-1,23,28.469999,0.000000,0.000000,1.000000,0.000000,0.000000,0.000000,0.000000,0.000000,16.014097,0.000000,0.000000,0.000000,301,12.455902,28.469999,-0.0,28.469999,11.000000
301_CT_3-2,23,29.286315,0.000000,0.000000,1.000000,0.000000,0.000000,0.000000,0.816316,0.000000,16.014097,0.000000,0.000000,0.000000,301,12.455902,29.286315,-0.0,29.286315,11.000000
301_CT_3-3,23,43.742887,0.000000,0.000000,1.000000,0.000000,0.000000,0.000000,15.272887,0.000000,16.014097,0.000000,0.000000,0.000000,301,12.455902,43.742887,-0.0,43.742887,11.000000
301_CT_4-0,23,28.469999,0.000000,0.000000,1.000000,0.000000,0.000000,0.000000,0.000000,0.000000,16.014097,0.000000,0.000000,0.000000,301,12.455902,28.469999,-0.0,28.469999,22.000000
301_CT_4-1,23,28.469999,0.000000,0.000000,1.000000,0.000000,0.000000,0.000000,0.000000,0.000000,16.014097,0.000000,0.000000,0.000000,301,12.455902,28.469999,-0.0,28.469999,11.000000
301_CT_4-2,23,29.286315,0.000000,0.000000,1.000000,0.000000,0.000000,0.000000,0.816316,0.000000,16.014097,0.000000,0.000000,0.000000,301,12.455902,29.286315,-0.0,29.286315,11.000000
301_CT_4-3,23,43.742887,0.000000,0.000000,1.000000,0.000000,0.000000,0.000000,15.272887,0.000000,16.014097,0.000000,0.000000,0.000000,301,12.455902,43.742887,-0.0,43.742887,11.000000
302_CT_1-0,23,87.255791,0.000000,0.000000,1.000000,0.000000,0.000000,0.000000,0.000000,0.000000,74.225067,0.000000,0.000000,0.000000,302,13.030724,87.255791,-0.0,87.255791,8.000000
302_CT_1-1,23,87.255791,0.000000,0.000000,1.000000,0.000000,0.000000,0.000000,0.000000,0.000000,74.225067,0.000000,0.000000,0.000000,302,13.030724,87.255791,-0.0,87.255791,4.000000
302_CT_1-2,23,99.695770,0.000000,0.000000,1.000000,0.000000,0.000000,0.000000,12.439979,0.000000,74.225067,0.000000,0.000000,0.000000,302,13.030724,99.695770,-0.0,99.695770,4.000000
302_CT_1-3,23,105.367241,0.000000,0.000000,1.000000,0.000000,0.000000,0.000000,18.111450,0.000000,74.225067,0.000000,0.000000,0.000000,302,13.030724,105.367241,-0.0,105.367241,4.000000
302_CT_2-0,23,87.255791,0.000000,0.000000,1.000000,0.000000,0.000000,0.000000,0.000000,0.000000,74.225067,0.000000,0.000000,0.000000,302,13.030724,87.255791,-0.0,87.255791,8.000000
302_CT_2-1,23,87.255791,0.000000,0.000000,1.000000,0.000000,0.000000,0.000000,0.000000,0.000000,74.225067,0.000000,0.000000,0.000000,302,13.030724,87.255791,-0.0,87.255791,4.000000
302_CT_2-2,23,99.695770,0.000000,0.000000,1.000000,0.000000,0.000000,0.000000,12.439979,0.000000,74.225067,0.000000,0.000000,0.000000,302,13.030724,99.695770,-0.0,99.695770,4.000000
302_CT_2-3,23,105.367241,0.000000,0.000000,1.000000,0.000000,0.000000,0.000000,18.111450,0.000000,74.225067,0.000000,0.000000,0.000000,302,13.030724,105.367241,-0.0,105.367241,4.000000
302_CT_3-0,23,33.791603,0.000000,0.000000,1.000000,0.000000,0.000000,0.000000,0.000000,0.000000,20.760879,0.000000,0.000000,0.000000,302,13.030724,33.791603,-0.0,33.791603,22.000000
302_CT_3-1,23,33.791603,0.000000,0.000000,1.000000,0.000000,0.000000,0.000000,0.000000,0.000000,20.760879,0.000000,0.000000,0.000000,302,13.030724,33.791603,-0.0,33.791603,11.000000
302_CT_3-2,23,38.382410,0.000000,0.000000,1.000000,0.000000,0.000000,0.000000,4.590807,0.000000,20.760879,0.000000,0.000000,0.000000,302,13.030724,38.382410,-0.0,38.382410,11.000000
302_CT_3-3,23,38.635080,0.000000,0.000000,1.000000,0.000000,0.000000,0.000000,4.843476,0.000000,20.760879,0.000000,0.000000,0.000000,302,13.030724,38.635080,-0.0,38.635080,11.000000
302_CT_4-0,23,33.791603,0.000000,0.000000,1.000000,0.000000,0.000000,0.000000,0.000000,0.000000,20.760879,0.000000,0.000000,0.000000,302,13.030724,33.791603,-0.0,33.791603,22.000000
302_CT_4-1,23,33.791603,0.000000,0.000000,1.000000,0.000000,0.000000,0.000000,0.000000,0.000000,20.760879,0.000000,0.000000,0.000000,302,13.030724,33.791603,-0.0,33.791603,11.000000
302_CT_4-2,23,38.382410,0.000000,0.000000,1.000000,0.000000,0.000000,0.000000,4.590807,0.000000,20.760879,0.000000,0.000000,0.000000,302,13.030724,38.382410,-0.0,38.382410,11.000000
302_CT_4-3,23,38.635080,0.000000,0.000000,1.000000,0.000000,0.000000,0.000000,4.843476,0.000000,20.760879,0.000000,0.000000,0.000000,302,13.030724,38.635080,-0.0,38.635080,11.000000
307_CT_1-0,23,27.894691,0.000000,0.000000,1.000000,0.000000,0.000000,0.000000,0.000000,0.000000,10.011479,0.000000,0.000000,0.000000,307,17.883211,27.894691,-0.0,27.894691,22.000000
307_CT_1-1,23,27.894691,0.000000,0.000000,1.000000,0.000000,0.000000,0.000000,0.000000,0.000000,10.011479,0.000000,0.000000,0.000000,307,17.883211,27.894691,-0.0,27.894691,11.000000
307_CT_1-2,23,29.220233,0.000000,0.000000,1.000000,0.000000,0.000000,0.000000,1.325542,0.000000,10.011479,0.000000,0.000000,0.000000,307,17.883211,29.220233,-0.0,29.220233,11.000000
307_CT_1-3,23,35.474770,0.000000,0.000000,1.000000,0.000000,0.000000,0.000000,7.580079,0.000000,10.011479,0.000000,0.000000,0.000000,307,17.883211,35.474770,-0.0,35.474770,11.000000
307_CT_2-0,23,27.894691,0.000000,0.000000,1.000000,0.000000,0.000000,0.000000,0.000000,0.000000,10.011479,0.000000,0.000000,0.000000,307,17.883211,27.894691,-0.0,27.894691,22.000000
307_CT_2-1,23,27.894691,0.000000,0.000000,1.000000,0.000000,0.000000,0.000000,0.000000,0.000000,10.011479,0.000000,0.000000,0.000000,307,17.883211,27.894691,-0.0,27.894691,11.000000
307_CT_2-2,23,29.220233,0.000000,0.000000,1.000000,0.000000,0.000000,0.000000,1.325542,0.000000,10.011479,0.000000,0.000000,0.000000,307,17.883211,29.220233,-0.0,29.220233,11.000000
307_CT_2-3,23,35.474770,0.000000,0.000000,1.000000,0.000000,0.000000,0.000000,7.580079,0.000000,10.011479,0.000000,0.000000,0.000000,307,17.883211,35.474770,-0.0,35.474770,11.000000
313_CC_1-0,23,15.731579,0.000000,0.000000,1.000000,0.000000,0.000000,0.000000,0.000000,0.000000,0.000000,0.000000,0.000000,0.000000,313,15.731579,15.731579,0.0,15.731579,170.000000
313_CC_1-1,23,15.731579,55.271851,11.972493,1.000000,0.000000,0.000000,0.000000,0.000000,0.000000,0.000000,0.000000,0.000000,0.000000,313,15.731579,15.731579,0.0,15.731579,61.666667
313_CC_1-2,23,26.755735,0.000000,0.000000,1.000000,0.000000,0.000000,0.000000,11.024156,0.000000,0.000000,0.000000,0.000000,0.000000,313,15.731579,26.755735,-0.0,26.755735,61.666667
313_CC_1-3,23,33.752731,0.000000,0.000000,1.000000,0.000000,0.000000,0.000000,18.021152,0.000000,0.000000,0.000000,0.000000,0.000000,313,15.731579,33.752731,-0.0,33.752731,61.666667
315_STEAM_1-0,23,75.436777,0.000000,0.000000,1.000000,0.000000,0.000000,0.000000,0.000000,0.000000,64.528707,0.000000,0.000000,0.000000,315,10.908070,75.436777,-0.0,75.436777,5.000000
315_STEAM_1-1,23,75.436777,0.000000,0.000000,1.000000,0.000000,0.000000,0.000000,0.000000,0.000000,64.528707,0.000000,0.000000,0.000000,315,10.908070,75.436777,-0.0,75.436777,2.333333
315_STEAM_1-2,23,100.399529,0.000000,0.000000,1.000000,0.000000,0.000000,0.000000,24.962753,0.000000,64.528707,0.000000,0.000000,0.000000,315,10.908070,100.399529,-0.0,100.399529,2.333333
315_STEAM_1-3,23,124.099655,0.000000,0.000000,1.000000,0.000000,0.000000,0.000000,48.662879,0.000000,64.528707,0.000000,0.000000,0.000000,315,10.908070,124.099655,-0.0,124.099655,2.333333
315_STEAM_2-0,23,75.436777,0.000000,0.000000,1.000000,0.000000,0.000000,0.000000,0.000000,0.000000,64.528707,0.000000,0.000000,0.000000,315,10.908070,75.436777,-0.0,75.436777,5.000000
315_STEAM_2-1,23,75.436777,0.000000,0.000000,1.000000,0.000000,0.000000,0.000000,0.000000,0.000000,64.528707,0.000000,0.000000,0.000000,315,10.908070,75.436777,-0.0,75.436777,2.333333
315_STEAM_2-2,23,100.399529,0.000000,0.000000,1.000000,0.000000,0.000000,0.000000,24.962753,0.000000,64.528707,0.000000,0.000000,0.000000,315,10.908070,100.399529,-0.0,100.399529,2.333333
315_STEAM_2-3,23,124.099655,0.000000,0.000000,1.000000,0.000000,0.000000,0.000000,48.662879,0.000000,64.528707,0.000000,0.000000,0.000000,315,10.908070,124.099655,-0.0,124.099655,2.333333
315_STEAM_3-0,23,75.436777,0.000000,0.000000,1.000000,0.000000,0.000000,0.000000,0.000000,0.000000,64.528707,0.000000,0.000000,0.000000,315,10.908070,75.436777,-0.0,75.436777,5.000000
315_STEAM_3-1,23,75.436777,0.000000,0.000000,1.000000,0.000000,0.000000,0.000000,0.000000,0.000000,64.528707,0.000000,0.000000,0.000000,315,10.908070,75.436777,-0.0,75.436777,2.333333
315_STEAM_3-2,23,100.399529,0.000000,0.000000,1.000000,0.000000,0.000000,0.000000,24.962753,0.000000,64.528707,0.000000,0.000000,0.000000,315,10.908070,100.399529,-0.0,100.399529,2.333333
315_STEAM_3-3,23,124.099655,0.000000,0.000000,1.000000,0.000000,0.000000,0.000000,48.662879,0.000000,64.528707,0.000000,0.000000,0.000000,315,10.908070,124.099655,-0.0,124.099655,2.333333
315_STEAM_4-0,23,75.436777,0.000000,0.000000,1.000000,0.000000,0.000000,0.000000,0.000000,0.000000,64.528707,0.000000,0.000000,0.000000,315,10.908070,75.436777,-0.0,75.436777,5.000000
315_STEAM_4-1,23,75.436777,0.000000,0.000000,1.000000,0.000000,0.000000,0.000000,0.000000,0.000000,64.528707,0.000000,0.000000,0.000000,315,10.908070,75.436777,-0.0,75.436777,2.333333
315_STEAM_4-2,23,100.399529,0.000000,0.000000,1.000000,0.000000,0.000000,0.000000,24.962753,0.000000,64.528707,0.000000,0.000000,0.000000,315,10.908070,100.399529,-0.0,100.399529,2.333333
315_STEAM_4-3,23,124.099655,0.000000,0.000000,1.000000,0.000000,0.000000,0.000000,48.662879,0.000000,64.528707,0.000000,0.000000,0.000000,315,10.908070,124.099655,-0.0,124.099655,2.333333
315_STEAM_5-0,23,75.436777,0.000000,0.000000,1.000000,0.000000,0.000000,0.000000,0.000000,0.000000,64.528707,0.000000,0.000000,0.000000,315,10.908070,75.436777,-0.0,75.436777,5.000000
315_STEAM_5-1,23,75.436777,0.000000,0.000000,1.000000,0.000000,0.000000,0.000000,0.000000,0.000000,64.528707,0.000000,0.000000,0.000000,315,10.908070,75.436777,-0.0,75.436777,2.333333
315_STEAM_5-2,23,100.399529,0.000000,0.000000,1.000000,0.000000,0.000000,0.000000,24.962753,0.000000,64.528707,0.000000,0.000000,0.000000,315,10.908070,100.399529,-0.0,100.399529,2.333333
315_STEAM_5-3,23,124.099655,0.000000,0.000000,1.000000,0.000000,0.000000,0.000000,48.662879,0.000000,64.528707,0.000000,0.000000,0.000000,315,10.908070,124.099655,-0.0,124.099655,2.333333
315_CT_6-0,23,26.401998,0.000000,0.000000,1.000000,0.000000,0.000000,0.000000,0.000000,0.000000,15.493928,0.000000,0.000000,0.000000,315,10.908070,26.401998,-0.0,26.401998,22.000000
315_CT_6-1,23,26.401998,0.000000,0.000000,1.000000,0.000000,0.000000,0.000000,0.000000,0.000000,15.493928,0.000000,0.000000,0.000000,315,10.908070,26.401998,-0.0,26.401998,11.000000
315_CT_6-2,23,26.895675,0.000000,0.000000,1.000000,0.000000,0.000000,0.000000,0.493677,0.000000,15.493928,0.000000,0.000000,0.000000,315,10.908070,26.895675,-0.0,26.895675,11.000000
315_CT_6-3,23,31.855768,0.000000,0.000000,1.000000,0.000000,0.000000,0.000000,5.453770,0.000000,15.493928,0.000000,0.000000,0.000000,315,10.908070,31.855768,-0.0,31.855768,11.000000
315_CT_7-0,23,26.401998,0.000000,0.000000,1.000000,0.000000,0.000000,0.000000,0.000000,0.000000,15.493928,0.000000,0.000000,0.000000,315,10.908070,26.401998,-0.0,26.401998,22.000000
315_CT_7-1,23,26.401998,0.000000,0.000000,1.000000,0.000000,0.000000,0.000000,0.000000,0.000000,15.493928,0.000000,0.000000,0.000000,315,10.908070,26.401998,-0.0,26.401998,11.000000
315_CT_7-2,23,26.895675,0.000000,0.000000,1.000000,0.000000,0.000000,0.000000,0.493677,0.000000,15.493928,0.000000,0.000000,0.000000,315,10.908070,26.895675,-0.0,26.895675,11.000000
315_CT_7-3,23,31.855768,0.000000,0.000000,1.000000,0.000000,0.000000,0.000000,5.453770,0.000000,15.493928,0.000000,0.000000,0.000000,315,10.908070,31.855768,-0.0,31.855768,11.000000
315_CT_8-0,23,26.401998,0.000000,0.000000,1.000000,0.000000,0.000000,0.000000,0.000000,0.000000,15.493928,0.000000,0.000000,0.000000,315,10.908070,26.401998,-0.0,26.401998,22.000000
315_CT_8-1,23,26.401998,0.000000,0.000000,1.000000,0.000000,0.000000,0.000000,0.000000,0.000000,15.493928,0.000000,0.000000,0.000000,315,10.908070,26.401998,-0.0,26.401998,11.000000
315_CT_8-2,23,26.895675,0.000000,0.000000,1.000000,0.000000,0.000000,0.000000,0.493677,0.000000,15.493928,0.000000,0.000000,0.000000,315,10.908070,26.895675,-0.0,26.895675,11.000000
315_CT_8-3,23,31.855768,0.000000,0.000000,1.000000,0.000000,0.000000,0.000000,5.453770,0.000000,15.493928,0.000000,0.000000,0.000000,315,10.908070,31.855768,-0.0,31.855768,11.000000
316_STEAM_1-0,23,21.116646,0.000000,0.000000,1.000000,0.000000,0.000000,0.000000,0.000000,0.000000,9.110370,0.000000,0.000000,0.000000,316,12.006276,21.116646,-0.0,21.116646,62.000000
316_STEAM_1-1,23,21.116646,0.000000,0.000000,1.000000,0.000000,0.000000,0.000000,0.000000,0.000000,9.110370,0.000000,0.000000,0.000000,316,12.006276,21.116646,-0.0,21.116646,31.000000
316_STEAM_1-2,23,21.287879,0.000000,0.000000,1.000000,0.000000,0.000000,0.000000,0.171233,0.000000,9.110370,0.000000,0.000000,0.000000,316,12.006276,21.287879,-0.0,21.287879,31.000000
316_STEAM_1-3,23,27.274699,0.000000,0.000000,1.000000,0.000000,0.000000,0.000000,6.158053,0.000000,9.110370,0.000000,0.000000,0.000000,316,12.006276,27.274699,-0.0,27.274699,31.000000
318_CC_1-0,23,26.845141,0.000000,0.000000,1.000000,0.000000,0.000000,0.000000,0.000000,0.000000,15.405552,0.000000,0.000000,0.000000,318,11.439590,26.845141,-0.0,26.845141,170.000000
318_CC_1-1,23,26.845141,0.000000,0.000000,1.000000,0.000000,0.000000,0.000000,0.000000,0.000000,15.405552,0.000000,0.000000,0.000000,318,11.439590,26.845141,-0.0,26.845141,61.666667
318_CC_1-2,23,27.276623,0.000000,0.000000,1.000000,0.000000,0.000000,0.000000,0.431481,0.000000,15.405552,0.000000,0.000000,0.000000,318,11.439590,27.276623,-0.0,27.276623,61.666667
318_CC_1-3,23,31.529241,0.000000,0.000000,1.000000,0.000000,0.000000,0.000000,4.684100,0.000000,15.405552,0.000000,0.000000,0.000000,318,11.439590,31.529241,-0.0,31.529241,61.666667
321_CC_1-0,23,22.732463,0.000000,0.000000,1.000000,0.000000,0.000000,0.000000,0.000000,0.000000,11.460083,0.000000,0.000000,0.000000,321,11.272379,22.732463,-0.0,22.732463,170.000000
321_CC_1-1,23,22.732463,0.000000,0.000000,1.000000,0.000000,0.000000,0.000000,0.000000,0.000000,11.460083,0.000000,0.000000,0.000000,321,11.272379,22.732463,-0.0,22.732463,61.666667
321_CC_1-2,23,25.908321,0.000000,0.000000,1.000000,0.000000,0.000000,0.000000,3.175859,0.000000,11.460083,0.000000,0.000000,0.000000,321,11.272379,25.908321,-0.0,25.908321,61.666667
321_CC_1-3,23,33.947092,0.000000,0.000000,1.000000,0.000000,0.000000,0.000000,11.214630,0.000000,11.460083,0.000000,0.000000,0.000000,321,11.272379,33.947092,-0.0,33.947092,61.666667
322_CT_5-0,23,23.334982,0.000000,0.000000,1.000000,0.000000,0.000000,0.000000,11.926098,0.000000,0.000000,0.000000,0.000000,0.000000,322,11.408884,23.334982,-0.0,23.334982,22.000000
322_CT_5-1,23,23.334982,0.000000,0.000000,1.000000,0.000000,0.000000,0.000000,11.926098,0.000000,0.000000,0.000000,0.000000,0.000000,322,11.408884,23.334982,-0.0,23.334982,11.000000
322_CT_5-2,23,26.499179,0.000000,0.000000,1.000000,0.000000,0.000000,0.000000,15.090295,0.000000,0.000000,0.000000,0.000000,0.000000,322,11.408884,26.499179,-0.0,26.499179,11.000000
322_CT_5-3,23,27.894691,0.000000,0.000000,1.000000,0.000000,0.000000,0.000000,16.485807,0.000000,0.000000,0.000000,0.000000,0.000000,322,11.408884,27.894691,-0.0,27.894691,11.000000
322_CT_6-0,23,23.334982,0.000000,0.000000,1.000000,0.000000,0.000000,0.000000,11.926098,0.000000,0.000000,0.000000,0.000000,0.000000,322,11.408884,23.334982,-0.0,23.334982,22.000000
322_CT_6-1,23,23.334982,0.000000,0.000000,1.000000,0.000000,0.000000,0.000000,11.926098,0.000000,0.000000,0.000000,0.000000,0.000000,322,11.408884,23.334982,-0.0,23.334982,11.000000
322_CT_6-2,23,26.499179,0.000000,0.000000,1.000000,0.000000,0.000000,0.000000,15.090295,0.000000,0.000000,0.000000,0.000000,0.000000,322,11.408884,26.499179,-0.0,26.499179,11.000000
322_CT_6-3,23,27.894691,0.000000,0.000000,1.000000,0.000000,0.000000,0.000000,16.485807,0.000000,0.000000,0.000000,0.000000,0.000000,322,11.408884,27.894691,-0.0,27.894691,11.000000
323_CC_1-0,23,26.429209,0.000000,0.000000,1.000000,0.000000,0.000000,0.000000,12.250219,0.000000,0.000000,0.000000,0.000000,0.000000,323,14.178990,26.429209,-0.0,26.429209,170.000000
323_CC_1-1,23,26.429209,0.000000,0.000000,1.000000,0.000000,0.000000,0.000000,12.250219,0.000000,0.000000,0.000000,0.000000,0.000000,323,14.178990,26.429209,-0.0,26.429209,61.666667
323_CC_1-2,23,30.277557,0.000000,0.000000,1.000000,0.000000,0.000000,0.000000,16.098567,0.000000,0.000000,0.000000,0.000000,0.000000,323,14.178990,30.277557,-0.0,30.277557,61.666667
323_CC_1-3,23,31.727490,0.000000,0.000000,1.000000,0.000000,0.000000,0.000000,17.548500,0.000000,0.000000,0.000000,0.000000,0.000000,323,14.178990,31.727490,-0.0,31.727490,61.666667
323_CC_2-0,23,26.429209,0.000000,0.000000,1.000000,0.000000,0.000000,0.000000,12.250219,0.000000,0.000000,0.000000,0.000000,0.000000,323,14.178990,26.429209,-0.0,26.429209,170.000000
323_CC_2-1,23,26.429209,0.000000,0.000000,1.000000,0.000000,0.000000,0.000000,12.250219,0.000000,0.000000,0.000000,0.000000,0.000000,323,14.178990,26.429209,-0.0,26.429209,61.666667
323_CC_2-2,23,30.277557,0.000000,0.000000,1.000000,0.000000,0.000000,0.000000,16.098567,0.000000,0.000000,0.000000,0.000000,0.000000,323,14.178990,30.277557,-0.0,30.277557,61.666667
323_CC_2-3,23,31.727490,0.000000,0.000000,1.000000,0.000000,0.000000,0.000000,17.548500,0.000000,0.000000,0.000000,0.000000,0.000000,323,14.178990,31.727490,-0.0,31.727490,61.666667
322_HYDRO_1-0,23,0.000000,32.112500,0.000000,1.000000,0.000000,0.000000,11.408884,0.000000,0.000000,0.000000,0.000000,0.000000,0.000000,322,11.408884,0.000000,366.36778745,0.000000,32.112500
322_HYDRO_1-1,23,0.000000,0.000000,0.000000,1.000000,0.000000,0.000000,11.408884,0.000000,0.000000,0.000000,0.000000,0.000000,0.000000,322,11.408884,0.000000,0.0,0.000000,0.000000
322_HYDRO_1-2,23,0.000000,0.000000,0.000000,1.000000,0.000000,0.000000,11.408884,0.000000,0.000000,0.000000,0.000000,0.000000,0.000000,322,11.408884,0.000000,0.0,0.000000,0.000000
322_HYDRO_1-3,23,0.000000,0.000000,0.000000,1.000000,0.000000,0.000000,11.408884,0.000000,0.000000,0.000000,0.000000,0.000000,0.000000,322,11.408884,0.000000,0.0,0.000000,0.000000
322_HYDRO_2-0,23,0.000000,32.112500,0.000000,1.000000,0.000000,0.000000,11.408884,0.000000,0.000000,0.000000,0.000000,0.000000,0.000000,322,11.408884,0.000000,366.36778745,0.000000,32.112500
322_HYDRO_2-1,23,0.000000,0.000000,0.000000,1.000000,0.000000,0.000000,11.408884,0.000000,0.000000,0.000000,0.000000,0.000000,0.000000,322,11.408884,0.000000,0.0,0.000000,0.000000
322_HYDRO_2-2,23,0.000000,0.000000,0.000000,1.000000,0.000000,0.000000,11.408884,0.000000,0.000000,0.000000,0.000000,0.000000,0.000000,322,11.408884,0.000000,0.0,0.000000,0.000000
322_HYDRO_2-3,23,0.000000,0.000000,0.000000,1.000000,0.000000,0.000000,11.408884,0.000000,0.000000,0.000000,0.000000,0.000000,0.000000,322,11.408884,0.000000,0.0,0.000000,0.000000
322_HYDRO_3-0,23,0.000000,32.112500,0.000000,1.000000,0.000000,0.000000,11.408884,0.000000,0.000000,0.000000,0.000000,0.000000,0.000000,322,11.408884,0.000000,366.36778745,0.000000,32.112500
322_HYDRO_3-1,23,0.000000,0.000000,0.000000,1.000000,0.000000,0.000000,11.408884,0.000000,0.000000,0.000000,0.000000,0.000000,0.000000,322,11.408884,0.000000,0.0,0.000000,0.000000
322_HYDRO_3-2,23,0.000000,0.000000,0.000000,1.000000,0.000000,0.000000,11.408884,0.000000,0.000000,0.000000,0.000000,0.000000,0.000000,322,11.408884,0.000000,0.0,0.000000,0.000000
322_HYDRO_3-3,23,0.000000,0.000000,0.000000,1.000000,0.000000,0.000000,11.408884,0.000000,0.000000,0.000000,0.000000,0.000000,0.000000,322,11.408884,0.000000,0.0,0.000000,0.000000
322_HYDRO_4-0,23,0.000000,32.112500,0.000000,1.000000,0.000000,0.000000,11.408884,0.000000,0.000000,0.000000,0.000000,0.000000,0.000000,322,11.408884,0.000000,366.36778745,0.000000,32.112500
322_HYDRO_4-1,23,0.000000,0.000000,0.000000,1.000000,0.000000,0.000000,11.408884,0.000000,0.000000,0.000000,0.000000,0.000000,0.000000,322,11.408884,0.000000,0.0,0.000000,0.000000
322_HYDRO_4-2,23,0.000000,0.000000,0.000000,1.000000,0.000000,0.000000,11.408884,0.000000,0.000000,0.000000,0.000000,0.000000,0.000000,322,11.408884,0.000000,0.0,0.000000,0.000000
322_HYDRO_4-3,23,0.000000,0.000000,0.000000,1.000000,0.000000,0.000000,11.408884,0.000000,0.000000,0.000000,0.000000,0.000000,0.000000,322,11.408884,0.000000,0.0,0.000000,0.000000
301_CT_1-0,24,87.255791,0.000000,0.000000,1.000000,0.000000,0.000000,0.000000,0.000000,0.000000,87.255791,0.000000,0.000000,0.000000,301,0.000000,87.255791,-0.0,87.255791,8.000000
301_CT_1-1,24,87.255791,0.000000,0.000000,1.000000,0.000000,0.000000,0.000000,0.000000,0.000000,87.255791,0.000000,0.000000,0.000000,301,0.000000,87.255791,-0.0,87.255791,4.000000
301_CT_1-2,24,99.695770,0.000000,0.000000,1.000000,0.000000,0.000000,0.000000,12.439979,0.000000,87.255791,0.000000,0.000000,0.000000,301,0.000000,99.695770,-0.0,99.695770,4.000000
301_CT_1-3,24,105.367241,0.000000,0.000000,1.000000,0.000000,0.000000,0.000000,18.111450,0.000000,87.255791,0.000000,0.000000,0.000000,301,0.000000,105.367241,-0.0,105.367241,4.000000
301_CT_2-0,24,87.255791,0.000000,0.000000,1.000000,0.000000,0.000000,0.000000,0.000000,0.000000,87.255791,0.000000,0.000000,0.000000,301,0.000000,87.255791,-0.0,87.255791,8.000000
301_CT_2-1,24,87.255791,0.000000,0.000000,1.000000,0.000000,0.000000,0.000000,0.000000,0.000000,87.255791,0.000000,0.000000,0.000000,301,0.000000,87.255791,-0.0,87.255791,4.000000
301_CT_2-2,24,99.695770,0.000000,0.000000,1.000000,0.000000,0.000000,0.000000,12.439979,0.000000,87.255791,0.000000,0.000000,0.000000,301,0.000000,99.695770,-0.0,99.695770,4.000000
301_CT_2-3,24,105.367241,0.000000,0.000000,1.000000,0.000000,0.000000,0.000000,18.111450,0.000000,87.255791,0.000000,0.000000,0.000000,301,0.000000,105.367241,-0.0,105.367241,4.000000
301_CT_3-0,24,28.469999,0.000000,0.000000,1.000000,0.000000,0.000000,0.000000,0.000000,0.000000,28.469999,0.000000,0.000000,0.000000,301,0.000000,28.469999,-0.0,28.469999,22.000000
301_CT_3-1,24,28.469999,0.000000,0.000000,1.000000,0.000000,0.000000,0.000000,0.000000,0.000000,28.469999,0.000000,0.000000,0.000000,301,0.000000,28.469999,-0.0,28.469999,11.000000
301_CT_3-2,24,29.286315,0.000000,0.000000,1.000000,0.000000,0.000000,0.000000,0.816316,0.000000,28.469999,0.000000,0.000000,0.000000,301,0.000000,29.286315,-0.0,29.286315,11.000000
301_CT_3-3,24,43.742887,0.000000,0.000000,1.000000,0.000000,0.000000,0.000000,15.272887,0.000000,28.469999,0.000000,0.000000,0.000000,301,0.000000,43.742887,-0.0,43.742887,11.000000
301_CT_4-0,24,28.469999,0.000000,0.000000,1.000000,0.000000,0.000000,0.000000,28.469999,0.000000,0.000000,0.000000,0.000000,0.000000,301,0.000000,28.469999,-0.0,28.469999,22.000000
301_CT_4-1,24,28.469999,0.000000,0.000000,1.000000,0.000000,0.000000,0.000000,28.469999,0.000000,0.000000,0.000000,0.000000,0.000000,301,0.000000,28.469999,-0.0,28.469999,11.000000
301_CT_4-2,24,29.286315,0.000000,0.000000,1.000000,0.000000,0.000000,0.000000,29.286315,0.000000,0.000000,0.000000,0.000000,0.000000,301,0.000000,29.286315,-0.0,29.286315,11.000000
301_CT_4-3,24,43.742887,0.000000,0.000000,1.000000,0.000000,0.000000,0.000000,43.742887,0.000000,0.000000,0.000000,0.000000,0.000000,301,0.000000,43.742887,-0.0,43.742887,11.000000
302_CT_1-0,24,87.255791,0.000000,0.000000,1.000000,0.000000,0.000000,0.000000,0.000000,0.000000,87.255791,0.000000,0.000000,0.000000,302,0.000000,87.255791,-0.0,87.255791,8.000000
302_CT_1-1,24,87.255791,0.000000,0.000000,1.000000,0.000000,0.000000,0.000000,0.000000,0.000000,87.255791,0.000000,0.000000,0.000000,302,0.000000,87.255791,-0.0,87.255791,4.000000
302_CT_1-2,24,99.695770,0.000000,0.000000,1.000000,0.000000,0.000000,0.000000,12.439979,0.000000,87.255791,0.000000,0.000000,0.000000,302,0.000000,99.695770,-0.0,99.695770,4.000000
302_CT_1-3,24,105.367241,0.000000,0.000000,1.000000,0.000000,0.000000,0.000000,18.111450,0.000000,87.255791,0.000000,0.000000,0.000000,302,0.000000,105.367241,-0.0,105.367241,4.000000
302_CT_2-0,24,87.255791,0.000000,0.000000,1.000000,0.000000,0.000000,0.000000,0.000000,0.000000,87.255791,0.000000,0.000000,0.000000,302,0.000000,87.255791,-0.0,87.255791,8.000000
302_CT_2-1,24,87.255791,0.000000,0.000000,1.000000,0.000000,0.000000,0.000000,0.000000,0.000000,87.255791,0.000000,0.000000,0.000000,302,0.000000,87.255791,-0.0,87.255791,4.000000
302_CT_2-2,24,99.695770,0.000000,0.000000,1.000000,0.000000,0.000000,0.000000,12.439979,0.000000,87.255791,0.000000,0.000000,0.000000,302,0.000000,99.695770,-0.0,99.695770,4.000000
302_CT_2-3,24,105.367241,0.000000,0.000000,1.000000,0.000000,0.000000,0.000000,18.111450,0.000000,87.255791,0.000000,0.000000,0.000000,302,0.000000,105.367241,-0.0,105.367241,4.000000
302_CT_3-0,24,33.791603,0.000000,0.000000,1.000000,0.000000,0.000000,0.000000,0.000000,0.000000,33.791603,0.000000,0.000000,0.000000,302,0.000000,33.791603,-0.0,33.791603,22.000000
302_CT_3-1,24,33.791603,0.000000,0.000000,1.000000,0.000000,0.000000,0.000000,0.000000,0.000000,33.791603,0.000000,0.000000,0.000000,302,0.000000,33.791603,-0.0,33.791603,11.000000
302_CT_3-2,24,38.382410,0.000000,0.000000,1.000000,0.000000,0.000000,0.000000,4.590807,0.000000,33.791603,0.000000,0.000000,0.000000,302,0.000000,38.382410,-0.0,38.382410,11.000000
302_CT_3-3,24,38.635080,0.000000,0.000000,1.000000,0.000000,0.000000,0.000000,4.843476,0.000000,33.791603,0.000000,0.000000,0.000000,302,0.000000,38.635080,-0.0,38.635080,11.000000
302_CT_4-0,24,33.791603,0.000000,0.000000,1.000000,0.000000,0.000000,0.000000,0.000000,0.000000,33.791603,0.000000,0.000000,0.000000,302,0.000000,33.791603,-0.0,33.791603,22.000000
302_CT_4-1,24,33.791603,0.000000,0.000000,1.000000,0.000000,0.000000,0.000000,0.000000,0.000000,33.791603,0.000000,0.000000,0.000000,302,0.000000,33.791603,-0.0,33.791603,11.000000
302_CT_4-2,24,38.382410,0.000000,0.000000,1.000000,0.000000,0.000000,0.000000,4.590807,0.000000,33.791603,0.000000,0.000000,0.000000,302,0.000000,38.382410,-0.0,38.382410,11.000000
302_CT_4-3,24,38.635080,0.000000,0.000000,1.000000,0.000000,0.000000,0.000000,4.843476,0.000000,33.791603,0.000000,0.000000,0.000000,302,0.000000,38.635080,-0.0,38.635080,11.000000
307_CT_1-0,24,27.894691,0.000000,0.000000,1.000000,0.000000,0.000000,0.000000,0.000000,0.000000,27.894691,0.000000,0.000000,0.000000,307,0.000000,27.894691,-0.0,27.894691,22.000000
307_CT_1-1,24,27.894691,0.000000,0.000000,1.000000,0.000000,0.000000,0.000000,0.000000,0.000000,27.894691,0.000000,0.000000,0.000000,307,0.000000,27.894691,-0.0,27.894691,11.000000
307_CT_1-2,24,29.220233,0.000000,0.000000,1.000000,0.000000,0.000000,0.000000,1.325542,0.000000,27.894691,0.000000,0.000000,0.000000,307,0.000000,29.220233,-0.0,29.220233,11.000000
307_CT_1-3,24,35.474770,0.000000,0.000000,1.000000,0.000000,0.000000,0.000000,7.580079,0.000000,27.894691,0.000000,0.000000,0.000000,307,0.000000,35.474770,-0.0,35.474770,11.000000
307_CT_2-0,24,27.894691,0.000000,0.000000,1.000000,0.000000,0.000000,0.000000,0.000000,0.000000,27.894691,0.000000,0.000000,0.000000,307,0.000000,27.894691,-0.0,27.894691,22.000000
307_CT_2-1,24,27.894691,0.000000,0.000000,1.000000,0.000000,0.000000,0.000000,0.000000,0.000000,27.894691,0.000000,0.000000,0.000000,307,0.000000,27.894691,-0.0,27.894691,11.000000
307_CT_2-2,24,29.220233,0.000000,0.000000,1.000000,0.000000,0.000000,0.000000,1.325542,0.000000,27.894691,0.000000,0.000000,0.000000,307,0.000000,29.220233,-0.0,29.220233,11.000000
307_CT_2-3,24,35.474770,0.000000,0.000000,1.000000,0.000000,0.000000,0.000000,7.580079,0.000000,27.894691,0.000000,0.000000,0.000000,307,0.000000,35.474770,-0.0,35.474770,11.000000
313_CC_1-0,24,15.731579,0.000000,0.000000,1.000000,0.000000,0.000000,0.000000,0.000000,0.000000,15.731579,0.000000,0.000000,0.000000,313,0.000000,15.731579,-0.0,15.731579,170.000000
313_CC_1-1,24,15.731579,0.000000,0.000000,1.000000,0.000000,0.000000,0.000000,0.000000,0.000000,15.731579,0.000000,0.000000,0.000000,313,0.000000,15.731579,-0.0,15.731579,61.666667
313_CC_1-2,24,26.755735,0.000000,0.000000,1.000000,0.000000,0.000000,0.000000,11.024156,0.000000,15.731579,0.000000,0.000000,0.000000,313,0.000000,26.755735,-0.0,26.755735,61.666667
313_CC_1-3,24,33.752731,0.000000,0.000000,1.000000,0.000000,0.000000,0.000000,18.021152,0.000000,15.731579,0.000000,0.000000,0.000000,313,0.000000,33.752731,-0.0,33.752731,61.666667
315_STEAM_1-0,24,75.436777,0.000000,0.000000,1.000000,0.000000,0.000000,0.000000,75.436777,0.000000,0.000000,0.000000,0.000000,0.000000,315,0.000000,75.436777,-0.0,75.436777,5.000000
315_STEAM_1-1,24,75.436777,0.000000,0.000000,1.000000,0.000000,0.000000,0.000000,75.436777,0.000000,0.000000,0.000000,0.000000,0.000000,315,0.000000,75.436777,-0.0,75.436777,2.333333
315_STEAM_1-2,24,100.399529,0.000000,0.000000,1.000000,0.000000,0.000000,0.000000,100.399529,0.000000,0.000000,0.000000,0.000000,0.000000,315,0.000000,100.399529,-0.0,100.399529,2.333333
315_STEAM_1-3,24,124.099655,0.000000,0.000000,1.000000,0.000000,0.000000,0.000000,124.099655,0.000000,0.000000,0.000000,0.000000,0.000000,315,0.000000,124.099655,-0.0,124.099655,2.333333
315_STEAM_2-0,24,75.436777,0.000000,0.000000,1.000000,0.000000,0.000000,0.000000,75.436777,0.000000,0.000000,0.000000,0.000000,0.000000,315,0.000000,75.436777,-0.0,75.436777,5.000000
315_STEAM_2-1,24,75.436777,0.000000,0.000000,1.000000,0.000000,0.000000,0.000000,75.436777,0.000000,0.000000,0.000000,0.000000,0.000000,315,0.000000,75.436777,-0.0,75.436777,2.333333
315_STEAM_2-2,24,100.399529,0.000000,0.000000,1.000000,0.000000,0.000000,0.000000,100.399529,0.000000,0.000000,0.000000,0.000000,0.000000,315,0.000000,100.399529,-0.0,100.399529,2.333333
315_STEAM_2-3,24,124.099655,0.000000,0.000000,1.000000,0.000000,0.000000,0.000000,124.099655,0.000000,0.000000,0.000000,0.000000,0.000000,315,0.000000,124.099655,-0.0,124.099655,2.333333
315_STEAM_3-0,24,75.436777,0.000000,0.000000,1.000000,0.000000,0.000000,0.000000,75.436777,0.000000,0.000000,0.000000,0.000000,0.000000,315,0.000000,75.436777,-0.0,75.436777,5.000000
315_STEAM_3-1,24,75.436777,0.000000,0.000000,1.000000,0.000000,0.000000,0.000000,75.436777,0.000000,0.000000,0.000000,0.000000,0.000000,315,0.000000,75.436777,-0.0,75.436777,2.333333
315_STEAM_3-2,24,100.399529,0.000000,0.000000,1.000000,0.000000,0.000000,0.000000,100.399529,0.000000,0.000000,0.000000,0.000000,0.000000,315,0.000000,100.399529,-0.0,100.399529,2.333333
315_STEAM_3-3,24,124.099655,0.000000,0.000000,1.000000,0.000000,0.000000,0.000000,124.099655,0.000000,0.000000,0.000000,0.000000,0.000000,315,0.000000,124.099655,-0.0,124.099655,2.333333
315_STEAM_4-0,24,75.436777,0.000000,0.000000,1.000000,0.000000,0.000000,0.000000,75.436777,0.000000,0.000000,0.000000,0.000000,0.000000,315,0.000000,75.436777,-0.0,75.436777,5.000000
315_STEAM_4-1,24,75.436777,0.000000,0.000000,1.000000,0.000000,0.000000,0.000000,75.436777,0.000000,0.000000,0.000000,0.000000,0.000000,315,0.000000,75.436777,-0.0,75.436777,2.333333
315_STEAM_4-2,24,100.399529,0.000000,0.000000,1.000000,0.000000,0.000000,0.000000,100.399529,0.000000,0.000000,0.000000,0.000000,0.000000,315,0.000000,100.399529,-0.0,100.399529,2.333333
315_STEAM_4-3,24,124.099655,0.000000,0.000000,1.000000,0.000000,0.000000,0.000000,124.099655,0.000000,0.000000,0.000000,0.000000,0.000000,315,0.000000,124.099655,-0.0,124.099655,2.333333
315_STEAM_5-0,24,75.436777,0.000000,0.000000,1.000000,0.000000,0.000000,0.000000,75.436777,0.000000,0.000000,0.000000,0.000000,0.000000,315,0.000000,75.436777,-0.0,75.436777,5.000000
315_STEAM_5-1,24,75.436777,0.000000,0.000000,1.000000,0.000000,0.000000,0.000000,75.436777,0.000000,0.000000,0.000000,0.000000,0.000000,315,0.000000,75.436777,-0.0,75.436777,2.333333
315_STEAM_5-2,24,100.399529,0.000000,0.000000,1.000000,0.000000,0.000000,0.000000,100.399529,0.000000,0.000000,0.000000,0.000000,0.000000,315,0.000000,100.399529,-0.0,100.399529,2.333333
315_STEAM_5-3,24,124.099655,0.000000,0.000000,1.000000,0.000000,0.000000,0.000000,124.099655,0.000000,0.000000,0.000000,0.000000,0.000000,315,0.000000,124.099655,-0.0,124.099655,2.333333
315_CT_6-0,24,26.401998,0.000000,0.000000,1.000000,0.000000,0.000000,0.000000,26.401998,0.000000,0.000000,0.000000,0.000000,0.000000,315,0.000000,26.401998,-0.0,26.401998,22.000000
315_CT_6-1,24,26.401998,0.000000,0.000000,1.000000,0.000000,0.000000,0.000000,26.401998,0.000000,0.000000,0.000000,0.000000,0.000000,315,0.000000,26.401998,-0.0,26.401998,11.000000
315_CT_6-2,24,26.895675,0.000000,0.000000,1.000000,0.000000,0.000000,0.000000,26.895675,0.000000,0.000000,0.000000,0.000000,0.000000,315,0.000000,26.895675,-0.0,26.895675,11.000000
315_CT_6-3,24,31.855768,0.000000,0.000000,1.000000,0.000000,0.000000,0.000000,31.855768,0.000000,0.000000,0.000000,0.000000,0.000000,315,0.000000,31.855768,-0.0,31.855768,11.000000
315_CT_7-0,24,26.401998,0.000000,0.000000,1.000000,0.000000,0.000000,0.000000,26.401998,0.000000,0.000000,0.000000,0.000000,0.000000,315,0.000000,26.401998,-0.0,26.401998,22.000000
315_CT_7-1,24,26.401998,0.000000,0.000000,1.000000,0.000000,0.000000,0.000000,26.401998,0.000000,0.000000,0.000000,0.000000,0.000000,315,0.000000,26.401998,-0.0,26.401998,11.000000
315_CT_7-2,24,26.895675,0.000000,0.000000,1.000000,0.000000,0.000000,0.000000,26.895675,0.000000,0.000000,0.000000,0.000000,0.000000,315,0.000000,26.895675,-0.0,26.895675,11.000000
315_CT_7-3,24,31.855768,0.000000,0.000000,1.000000,0.000000,0.000000,0.000000,31.855768,0.000000,0.000000,0.000000,0.000000,0.000000,315,0.000000,31.855768,-0.0,31.855768,11.000000
315_CT_8-0,24,26.401998,0.000000,0.000000,1.000000,0.000000,0.000000,0.000000,26.401998,0.000000,0.000000,0.000000,0.000000,0.000000,315,0.000000,26.401998,-0.0,26.401998,22.000000
315_CT_8-1,24,26.401998,0.000000,0.000000,1.000000,0.000000,0.000000,0.000000,26.401998,0.000000,0.000000,0.000000,0.000000,0.000000,315,0.000000,26.401998,-0.0,26.401998,11.000000
315_CT_8-2,24,26.895675,0.000000,0.000000,1.000000,0.000000,0.000000,0.000000,26.895675,0.000000,0.000000,0.000000,0.000000,0.000000,315,0.000000,26.895675,-0.0,26.895675,11.000000
315_CT_8-3,24,31.855768,0.000000,0.000000,1.000000,0.000000,0.000000,0.000000,31.855768,0.000000,0.000000,0.000000,0.000000,0.000000,315,0.000000,31.855768,-0.0,31.855768,11.000000
316_STEAM_1-0,24,21.116646,0.000000,0.000000,1.000000,0.000000,0.000000,0.000000,21.116646,0.000000,0.000000,0.000000,0.000000,0.000000,316,0.000000,21.116646,-0.0,21.116646,62.000000
316_STEAM_1-1,24,21.116646,0.000000,0.000000,1.000000,0.000000,0.000000,0.000000,21.116646,0.000000,0.000000,0.000000,0.000000,0.000000,316,0.000000,21.116646,-0.0,21.116646,31.000000
316_STEAM_1-2,24,21.287879,0.000000,0.000000,1.000000,0.000000,0.000000,0.000000,21.287879,0.000000,0.000000,0.000000,0.000000,0.000000,316,0.000000,21.287879,-0.0,21.287879,31.000000
316_STEAM_1-3,24,27.274699,0.000000,0.000000,1.000000,0.000000,0.000000,0.000000,27.274699,0.000000,0.000000,0.000000,0.000000,0.000000,316,0.000000,27.274699,-0.0,27.274699,31.000000
318_CC_1-0,24,26.845141,0.000000,0.000000,1.000000,0.000000,0.000000,0.000000,26.845141,0.000000,0.000000,0.000000,0.000000,0.000000,318,0.000000,26.845141,-0.0,26.845141,170.000000
318_CC_1-1,24,26.845141,0.000000,0.000000,1.000000,0.000000,0.000000,0.000000,26.845141,0.000000,0.000000,0.000000,0.000000,0.000000,318,0.000000,26.845141,-0.0,26.845141,61.666667
318_CC_1-2,24,27.276623,0.000000,0.000000,1.000000,0.000000,0.000000,0.000000,27.276623,0.000000,0.000000,0.000000,0.000000,0.000000,318,0.000000,27.276623,-0.0,27.276623,61.666667
318_CC_1-3,24,31.529241,0.000000,0.000000,1.000000,0.000000,0.000000,0.000000,31.529241,0.000000,0.000000,0.000000,0.000000,0.000000,318,0.000000,31.529241,-0.0,31.529241,61.666667
321_CC_1-0,24,22.732463,0.000000,0.000000,1.000000,0.000000,0.000000,0.000000,22.732463,0.000000,0.000000,0.000000,0.000000,0.000000,321,0.000000,22.732463,-0.0,22.732463,170.000000
321_CC_1-1,24,22.732463,0.000000,0.000000,1.000000,0.000000,0.000000,0.000000,22.732463,0.000000,0.000000,0.000000,0.000000,0.000000,321,0.000000,22.732463,-0.0,22.732463,61.666667
321_CC_1-2,24,25.908321,0.000000,0.000000,1.000000,0.000000,0.000000,0.000000,25.908321,0.000000,0.000000,0.000000,0.000000,0.000000,321,0.000000,25.908321,-0.0,25.908321,61.666667
321_CC_1-3,24,33.947092,0.000000,0.000000,1.000000,0.000000,0.000000,0.000000,33.947092,0.000000,0.000000,0.000000,0.000000,0.000000,321,0.000000,33.947092,-0.0,33.947092,61.666667
322_CT_5-0,24,23.334982,0.000000,0.000000,1.000000,0.000000,0.000000,0.000000,23.334982,0.000000,0.000000,0.000000,0.000000,0.000000,322,0.000000,23.334982,-0.0,23.334982,22.000000
322_CT_5-1,24,23.334982,0.000000,0.000000,1.000000,0.000000,0.000000,0.000000,23.334982,0.000000,0.000000,0.000000,0.000000,0.000000,322,0.000000,23.334982,-0.0,23.334982,11.000000
322_CT_5-2,24,26.499179,0.000000,0.000000,1.000000,0.000000,0.000000,0.000000,26.499179,0.000000,0.000000,0.000000,0.000000,0.000000,322,0.000000,26.499179,-0.0,26.499179,11.000000
322_CT_5-3,24,27.894691,0.000000,0.000000,1.000000,0.000000,0.000000,0.000000,27.894691,0.000000,0.000000,0.000000,0.000000,0.000000,322,0.000000,27.894691,-0.0,27.894691,11.000000
322_CT_6-0,24,23.334982,0.000000,0.000000,1.000000,0.000000,0.000000,0.000000,23.334982,0.000000,0.000000,0.000000,0.000000,0.000000,322,0.000000,23.334982,-0.0,23.334982,22.000000
322_CT_6-1,24,23.334982,0.000000,0.000000,1.000000,0.000000,0.000000,0.000000,23.334982,0.000000,0.000000,0.000000,0.000000,0.000000,322,0.000000,23.334982,-0.0,23.334982,11.000000
322_CT_6-2,24,26.499179,0.000000,0.000000,1.000000,0.000000,0.000000,0.000000,26.499179,0.000000,0.000000,0.000000,0.000000,0.000000,322,0.000000,26.499179,-0.0,26.499179,11.000000
322_CT_6-3,24,27.894691,0.000000,0.000000,1.000000,0.000000,0.000000,0.000000,27.894691,0.000000,0.000000,0.000000,0.000000,0.000000,322,0.000000,27.894691,-0.0,27.894691,11.000000
323_CC_1-0,24,26.429209,0.000000,0.000000,1.000000,0.000000,0.000000,0.000000,0.000000,0.000000,26.429209,0.000000,0.000000,0.000000,323,0.000000,26.429209,-0.0,26.429209,170.000000
323_CC_1-1,24,26.429209,0.000000,0.000000,1.000000,0.000000,0.000000,0.000000,0.000000,0.000000,26.429209,0.000000,0.000000,0.000000,323,0.000000,26.429209,-0.0,26.429209,61.666667
323_CC_1-2,24,30.277557,0.000000,0.000000,1.000000,0.000000,0.000000,0.000000,3.848348,0.000000,26.429209,0.000000,0.000000,0.000000,323,0.000000,30.277557,-0.0,30.277557,61.666667
323_CC_1-3,24,31.727490,0.000000,0.000000,1.000000,0.000000,0.000000,0.000000,5.298281,0.000000,26.429209,0.000000,0.000000,0.000000,323,0.000000,31.727490,-0.0,31.727490,61.666667
323_CC_2-0,24,26.429209,0.000000,0.000000,1.000000,0.000000,0.000000,0.000000,0.000000,0.000000,26.429209,0.000000,0.000000,0.000000,323,0.000000,26.429209,-0.0,26.429209,170.000000
323_CC_2-1,24,26.429209,0.000000,0.000000,1.000000,0.000000,0.000000,0.000000,0.000000,0.000000,26.429209,0.000000,0.000000,0.000000,323,0.000000,26.429209,-0.0,26.429209,61.666667
323_CC_2-2,24,30.277557,0.000000,0.000000,1.000000,0.000000,0.000000,0.000000,3.848348,0.000000,26.429209,0.000000,0.000000,0.000000,323,0.000000,30.277557,-0.0,30.277557,61.666667
323_CC_2-3,24,31.727490,0.000000,0.000000,1.000000,0.000000,0.000000,0.000000,5.298281,0.000000,26.429209,0.000000,0.000000,0.000000,323,0.000000,31.727490,-0.0,31.727490,61.666667
322_HYDRO_1-0,24,0.000000,0.000000,0.000000,1.000000,0.000000,0.000000,0.000000,0.000000,0.000000,0.000000,0.000000,0.000000,0.000000,322,0.000000,0.000000,0.0,0.000000,44.125000
322_HYDRO_1-1,24,0.000000,0.000000,0.000000,1.000000,0.000000,0.000000,0.000000,0.000000,0.000000,0.000000,0.000000,0.000000,0.000000,322,0.000000,0.000000,0.0,0.000000,0.000000
322_HYDRO_1-2,24,0.000000,0.000000,0.000000,1.000000,0.000000,0.000000,0.000000,0.000000,0.000000,0.000000,0.000000,0.000000,0.000000,322,0.000000,0.000000,0.0,0.000000,0.000000
322_HYDRO_1-3,24,0.000000,0.000000,0.000000,1.000000,0.000000,0.000000,0.000000,0.000000,0.000000,0.000000,0.000000,0.000000,0.000000,322,0.000000,0.000000,0.0,0.000000,0.000000
322_HYDRO_2-0,24,0.000000,0.000000,0.000000,1.000000,0.000000,0.000000,0.000000,0.000000,0.000000,0.000000,0.000000,0.000000,0.000000,322,0.000000,0.000000,0.0,0.000000,44.125000
322_HYDRO_2-1,24,0.000000,0.000000,0.000000,1.000000,0.000000,0.000000,0.000000,0.000000,0.000000,0.000000,0.000000,0.000000,0.000000,322,0.000000,0.000000,0.0,0.000000,0.000000
322_HYDRO_2-2,24,0.000000,0.000000,0.000000,1.000000,0.000000,0.000000,0.000000,0.000000,0.000000,0.000000,0.000000,0.000000,0.000000,322,0.000000,0.000000,0.0,0.000000,0.000000
322_HYDRO_2-3,24,0.000000,0.000000,0.000000,1.000000,0.000000,0.000000,0.000000,0.000000,0.000000,0.000000,0.000000,0.000000,0.000000,322,0.000000,0.000000,0.0,0.000000,0.000000
322_HYDRO_3-0,24,0.000000,0.000000,0.000000,1.000000,0.000000,0.000000,0.000000,0.000000,0.000000,0.000000,0.000000,0.000000,0.000000,322,0.000000,0.000000,0.0,0.000000,44.125000
322_HYDRO_3-1,24,0.000000,0.000000,0.000000,1.000000,0.000000,0.000000,0.000000,0.000000,0.000000,0.000000,0.000000,0.000000,0.000000,322,0.000000,0.000000,0.0,0.000000,0.000000
322_HYDRO_3-2,24,0.000000,0.000000,0.000000,1.000000,0.000000,0.000000,0.000000,0.000000,0.000000,0.000000,0.000000,0.000000,0.000000,322,0.000000,0.000000,0.0,0.000000,0.000000
322_HYDRO_3-3,24,0.000000,0.000000,0.000000,1.000000,0.000000,0.000000,0.000000,0.000000,0.000000,0.000000,0.000000,0.000000,0.000000,322,0.000000,0.000000,0.0,0.000000,0.000000
322_HYDRO_4-0,24,0.000000,0.000000,0.000000,1.000000,0.000000,0.000000,0.000000,0.000000,0.000000,0.000000,0.000000,0.000000,0.000000,322,0.000000,0.000000,0.0,0.000000,44.125000
322_HYDRO_4-1,24,0.000000,0.000000,0.000000,1.000000,0.000000,0.000000,0.000000,0.000000,0.000000,0.000000,0.000000,0.000000,0.000000,322,0.000000,0.000000,0.0,0.000000,0.000000
322_HYDRO_4-2,24,0.000000,0.000000,0.000000,1.000000,0.000000,0.000000,0.000000,0.000000,0.000000,0.000000,0.000000,0.000000,0.000000,322,0.000000,0.000000,0.0,0.000000,0.000000
322_HYDRO_4-3,24,0.000000,0.000000,0.000000,1.000000,0.000000,0.000000,0.000000,0.000000,0.000000,0.000000,0.000000,0.000000,0.000000,322,0.000000,0.000000,0.0,0.000000,0.000000
