,hour,GeneratorDispatch
301_CT_1,1,0.000000
301_CT_1,2,0.000000
301_CT_1,3,0.000000
301_CT_1,4,0.000000
301_CT_1,5,0.000000
301_CT_1,6,0.000000
301_CT_1,7,0.000000
301_CT_1,8,0.000000
301_CT_1,9,0.000000
301_CT_1,10,0.000000
301_CT_1,11,0.000000
301_CT_1,12,0.000000
301_CT_1,13,0.000000
301_CT_1,14,0.000000
301_CT_1,15,0.000000
301_CT_1,16,0.000000
301_CT_1,17,0.000000
301_CT_1,18,0.000000
301_CT_1,19,0.000000
301_CT_1,20,0.000000
301_CT_1,21,0.000000
301_CT_1,22,0.000000
301_CT_1,23,0.000000
301_CT_1,24,0.000000
301_CT_2,1,0.000000
301_CT_2,2,0.000000
301_CT_2,3,0.000000
301_CT_2,4,0.000000
301_CT_2,5,0.000000
301_CT_2,6,0.000000
301_CT_2,7,0.000000
301_CT_2,8,0.000000
301_CT_2,9,0.000000
301_CT_2,10,0.000000
301_CT_2,11,0.000000
301_CT_2,12,0.000000
301_CT_2,13,0.000000
301_CT_2,14,0.000000
301_CT_2,15,0.000000
301_CT_2,16,0.000000
301_CT_2,17,0.000000
301_CT_2,18,0.000000
301_CT_2,19,0.000000
301_CT_2,20,0.000000
301_CT_2,21,0.000000
301_CT_2,22,0.000000
301_CT_2,23,0.000000
301_CT_2,24,0.000000
301_CT_3,1,0.000000
301_CT_3,2,0.000000
301_CT_3,3,0.000000
301_CT_3,4,0.000000
301_CT_3,5,0.000000
301_CT_3,6,0.000000
301_CT_3,7,0.000000
301_CT_3,8,0.000000
301_CT_3,9,0.000000
301_CT_3,10,0.000000
301_CT_3,11,0.000000
301_CT_3,12,0.000000
301_CT_3,13,0.000000
301_CT_3,14,0.000000
301_CT_3,15,0.000000
301_CT_3,16,0.000000
301_CT_3,17,0.000000
301_CT_3,18,0.000000
301_CT_3,19,0.000000
301_CT_3,20,0.000000
301_CT_3,21,0.000000
301_CT_3,22,0.000000
301_CT_3,23,0.000000
301_CT_3,24,0.000000
301_CT_4,1,0.000000
301_CT_4,2,0.000000
301_CT_4,3,0.000000
301_CT_4,4,0.000000
301_CT_4,5,0.000000
301_CT_4,6,0.000000
301_CT_4,7,0.000000
301_CT_4,8,0.000000
301_CT_4,9,0.000000
301_CT_4,10,0.000000
301_CT_4,11,0.000000
301_CT_4,12,0.000000
301_CT_4,13,0.000000
301_CT_4,14,0.000000
301_CT_4,15,0.000000
301_CT_4,16,0.000000
301_CT_4,17,0.000000
301_CT_4,18,0.000000
301_CT_4,19,0.000000
301_CT_4,20,0.000000
301_CT_4,21,0.000000
301_CT_4,22,0.000000
301_CT_4,23,0.000000
301_CT_4,24,0.000000
302_CT_1,1,0.000000
302_CT_1,2,0.000000
302_CT_1,3,0.000000
302_CT_1,4,0.000000
302_CT_1,5,0.000000
302_CT_1,6,0.000000
302_CT_1,7,0.000000
302_CT_1,8,0.000000
302_CT_1,9,0.000000
302_CT_1,10,0.000000
302_CT_1,11,0.000000
302_CT_1,12,0.000000
302_CT_1,13,0.000000
302_CT_1,14,0.000000
302_CT_1,15,0.000000
302_CT_1,16,0.000000
302_CT_1,17,0.000000
302_CT_1,18,0.000000
302_CT_1,19,0.000000
302_CT_1,20,0.000000
302_CT_1,21,0.000000
302_CT_1,22,0.000000
302_CT_1,23,0.000000
302_CT_1,24,0.000000
302_CT_2,1,0.000000
302_CT_2,2,0.000000
302_CT_2,3,0.000000
302_CT_2,4,0.000000
302_CT_2,5,0.000000
302_CT_2,6,0.000000
302_CT_2,7,0.000000
302_CT_2,8,0.000000
302_CT_2,9,0.000000
302_CT_2,10,0.000000
302_CT_2,11,0.000000
302_CT_2,12,0.000000
302_CT_2,13,0.000000
302_CT_2,14,0.000000
302_CT_2,15,0.000000
302_CT_2,16,0.000000
302_CT_2,17,0.000000
302_CT_2,18,0.000000
302_CT_2,19,0.000000
302_CT_2,20,0.000000
302_CT_2,21,0.000000
302_CT_2,22,0.000000
302_CT_2,23,0.000000
302_CT_2,24,0.000000
302_CT_3,1,0.000000
302_CT_3,2,0.000000
302_CT_3,3,0.000000
302_CT_3,4,0.000000
302_CT_3,5,0.000000
302_CT_3,6,0.000000
302_CT_3,7,0.000000
302_CT_3,8,0.000000
302_CT_3,9,0.000000
302_CT_3,10,0.000000
302_CT_3,11,0.000000
302_CT_3,12,0.000000
302_CT_3,13,0.000000
302_CT_3,14,0.000000
302_CT_3,15,0.000000
302_CT_3,16,0.000000
302_CT_3,17,0.000000
302_CT_3,18,0.000000
302_CT_3,19,0.000000
302_CT_3,20,0.000000
302_CT_3,21,0.000000
302_CT_3,22,0.000000
302_CT_3,23,0.000000
302_CT_3,24,0.000000
302_CT_4,1,0.000000
302_CT_4,2,0.000000
302_CT_4,3,0.000000
302_CT_4,4,0.000000
302_CT_4,5,0.000000
302_CT_4,6,0.000000
302_CT_4,7,0.000000
302_CT_4,8,0.000000
302_CT_4,9,0.000000
302_CT_4,10,0.000000
302_CT_4,11,0.000000
302_CT_4,12,0.000000
302_CT_4,13,0.000000
302_CT_4,14,0.000000
302_CT_4,15,0.000000
302_CT_4,16,0.000000
302_CT_4,17,0.000000
302_CT_4,18,0.000000
302_CT_4,19,0.000000
302_CT_4,20,0.000000
302_CT_4,21,0.000000
302_CT_4,22,0.000000
302_CT_4,23,0.000000
302_CT_4,24,0.000000
307_CT_1,1,0.000000
307_CT_1,2,0.000000
307_CT_1,3,0.000000
307_CT_1,4,0.000000
307_CT_1,5,0.000000
307_CT_1,6,0.000000
307_CT_1,7,0.000000
307_CT_1,8,0.000000
307_CT_1,9,0.000000
307_CT_1,10,0.000000
307_CT_1,11,0.000000
307_CT_1,12,44.000000
307_CT_1,13,44.000000
307_CT_1,14,2.492109
307_CT_1,15,33.000000
307_CT_1,16,0.000000
307_CT_1,17,0.000000
307_CT_1,18,0.000000
307_CT_1,19,0.000000
307_CT_1,20,0.000000
307_CT_1,21,0.000000
307_CT_1,22,0.000000
307_CT_1,23,0.000000
307_CT_1,24,0.000000
307_CT_2,1,0.000000
307_CT_2,2,0.000000
307_CT_2,3,0.000000
307_CT_2,4,0.000000
307_CT_2,5,0.000000
307_CT_2,6,0.000000
307_CT_2,7,0.000000
307_CT_2,8,0.000000
307_CT_2,9,0.000000
307_CT_2,10,0.000000
307_CT_2,11,0.000000
307_CT_2,12,34.988962
307_CT_2,13,44.000000
307_CT_2,14,33.000000
307_CT_2,15,33.000000
307_CT_2,16,8.052704
307_CT_2,17,0.000000
307_CT_2,18,0.000000
307_CT_2,19,0.000000
307_CT_2,20,0.000000
307_CT_2,21,0.000000
307_CT_2,22,0.000000
307_CT_2,23,0.000000
307_CT_2,24,0.000000
313_CC_1,1,0.000000
313_CC_1,2,0.000000
313_CC_1,3,0.000000
313_CC_1,4,0.000000
313_CC_1,5,0.000000
313_CC_1,6,0.000000
313_CC_1,7,0.000000
313_CC_1,8,0.000000
313_CC_1,9,16.463573
313_CC_1,10,119.207817
313_CC_1,11,198.548992
313_CC_1,12,231.666667
313_CC_1,13,257.559525
313_CC_1,14,231.666667
313_CC_1,15,231.666667
313_CC_1,16,231.666667
313_CC_1,17,146.042662
313_CC_1,18,0.000000
313_CC_1,19,0.000000
313_CC_1,20,0.000000
313_CC_1,21,0.000000
313_CC_1,22,0.000000
313_CC_1,23,0.000000
313_CC_1,24,0.000000
315_STEAM_1,1,0.000000
315_STEAM_1,2,0.000000
315_STEAM_1,3,0.000000
315_STEAM_1,4,0.000000
315_STEAM_1,5,0.000000
315_STEAM_1,6,0.000000
315_STEAM_1,7,0.000000
315_STEAM_1,8,0.000000
315_STEAM_1,9,0.000000
315_STEAM_1,10,0.000000
315_STEAM_1,11,0.000000
315_STEAM_1,12,0.000000
315_STEAM_1,13,0.000000
315_STEAM_1,14,0.000000
315_STEAM_1,15,0.000000
315_STEAM_1,16,0.000000
315_STEAM_1,17,0.000000
315_STEAM_1,18,0.000000
315_STEAM_1,19,0.000000
315_STEAM_1,20,0.000000
315_STEAM_1,21,0.000000
315_STEAM_1,22,0.000000
315_STEAM_1,23,0.000000
315_STEAM_1,24,0.000000
315_STEAM_2,1,0.000000
315_STEAM_2,2,0.000000
315_STEAM_2,3,0.000000
315_STEAM_2,4,0.000000
315_STEAM_2,5,0.000000
315_STEAM_2,6,0.000000
315_STEAM_2,7,0.000000
315_STEAM_2,8,0.000000
315_STEAM_2,9,0.000000
315_STEAM_2,10,0.000000
315_STEAM_2,11,0.000000
315_STEAM_2,12,0.000000
315_STEAM_2,13,0.000000
315_STEAM_2,14,0.000000
315_STEAM_2,15,0.000000
315_STEAM_2,16,0.000000
315_STEAM_2,17,0.000000
315_STEAM_2,18,0.000000
315_STEAM_2,19,0.000000
315_STEAM_2,20,0.000000
315_STEAM_2,21,0.000000
315_STEAM_2,22,0.000000
315_STEAM_2,23,0.000000
315_STEAM_2,24,0.000000
315_STEAM_3,1,0.000000
315_STEAM_3,2,0.000000
315_STEAM_3,3,0.000000
315_STEAM_3,4,0.000000
315_STEAM_3,5,0.000000
315_STEAM_3,6,0.000000
315_STEAM_3,7,0.000000
315_STEAM_3,8,0.000000
315_STEAM_3,9,0.000000
315_STEAM_3,10,0.000000
315_STEAM_3,11,0.000000
315_STEAM_3,12,0.000000
315_STEAM_3,13,0.000000
315_STEAM_3,14,0.000000
315_STEAM_3,15,0.000000
315_STEAM_3,16,0.000000
315_STEAM_3,17,0.000000
315_STEAM_3,18,0.000000
315_STEAM_3,19,0.000000
315_STEAM_3,20,0.000000
315_STEAM_3,21,0.000000
315_STEAM_3,22,0.000000
315_STEAM_3,23,0.000000
315_STEAM_3,24,0.000000
315_STEAM_4,1,0.000000
315_STEAM_4,2,0.000000
315_STEAM_4,3,0.000000
315_STEAM_4,4,0.000000
315_STEAM_4,5,0.000000
315_STEAM_4,6,0.000000
315_STEAM_4,7,0.000000
315_STEAM_4,8,0.000000
315_STEAM_4,9,0.000000
315_STEAM_4,10,0.000000
315_STEAM_4,11,0.000000
315_STEAM_4,12,0.000000
315_STEAM_4,13,0.000000
315_STEAM_4,14,0.000000
315_STEAM_4,15,0.000000
315_STEAM_4,16,0.000000
315_STEAM_4,17,0.000000
315_STEAM_4,18,0.000000
315_STEAM_4,19,0.000000
315_STEAM_4,20,0.000000
315_STEAM_4,21,0.000000
315_STEAM_4,22,0.000000
315_STEAM_4,23,0.000000
315_STEAM_4,24,0.000000
315_STEAM_5,1,0.000000
315_STEAM_5,2,0.000000
315_STEAM_5,3,0.000000
315_STEAM_5,4,0.000000
315_STEAM_5,5,0.000000
315_STEAM_5,6,0.000000
315_STEAM_5,7,0.000000
315_STEAM_5,8,0.000000
315_STEAM_5,9,0.000000
315_STEAM_5,10,0.000000
315_STEAM_5,11,0.000000
315_STEAM_5,12,0.000000
315_STEAM_5,13,0.000000
315_STEAM_5,14,0.000000
315_STEAM_5,15,0.000000
315_STEAM_5,16,0.000000
315_STEAM_5,17,0.000000
315_STEAM_5,18,0.000000
315_STEAM_5,19,0.000000
315_STEAM_5,20,0.000000
315_STEAM_5,21,0.000000
315_STEAM_5,22,0.000000
315_STEAM_5,23,0.000000
315_STEAM_5,24,0.000000
315_CT_6,1,0.000000
315_CT_6,2,0.000000
315_CT_6,3,0.000000
315_CT_6,4,0.000000
315_CT_6,5,0.000000
315_CT_6,6,0.000000
315_CT_6,7,0.000000
315_CT_6,8,0.000000
315_CT_6,9,0.000000
315_CT_6,10,0.000000
315_CT_6,11,0.000000
315_CT_6,12,0.000000
315_CT_6,13,0.000000
315_CT_6,14,0.000000
315_CT_6,15,0.000000
315_CT_6,16,0.000000
315_CT_6,17,0.000000
315_CT_6,18,0.000000
315_CT_6,19,0.000000
315_CT_6,20,0.000000
315_CT_6,21,0.000000
315_CT_6,22,0.000000
315_CT_6,23,0.000000
315_CT_6,24,0.000000
315_CT_7,1,0.000000
315_CT_7,2,0.000000
315_CT_7,3,0.000000
315_CT_7,4,0.000000
315_CT_7,5,0.000000
315_CT_7,6,0.000000
315_CT_7,7,0.000000
315_CT_7,8,0.000000
315_CT_7,9,0.000000
315_CT_7,10,0.000000
315_CT_7,11,0.000000
315_CT_7,12,0.000000
315_CT_7,13,0.000000
315_CT_7,14,0.000000
315_CT_7,15,0.000000
315_CT_7,16,0.000000
315_CT_7,17,0.000000
315_CT_7,18,0.000000
315_CT_7,19,0.000000
315_CT_7,20,0.000000
315_CT_7,21,0.000000
315_CT_7,22,0.000000
315_CT_7,23,0.000000
315_CT_7,24,0.000000
315_CT_8,1,0.000000
315_CT_8,2,0.000000
315_CT_8,3,0.000000
315_CT_8,4,0.000000
315_CT_8,5,0.000000
315_CT_8,6,0.000000
315_CT_8,7,0.000000
315_CT_8,8,0.000000
315_CT_8,9,0.000000
315_CT_8,10,0.000000
315_CT_8,11,0.000000
315_CT_8,12,0.000000
315_CT_8,13,0.000000
315_CT_8,14,0.000000
315_CT_8,15,0.000000
315_CT_8,16,0.000000
315_CT_8,17,0.000000
315_CT_8,18,0.000000
315_CT_8,19,0.000000
315_CT_8,20,0.000000
315_CT_8,21,0.000000
315_CT_8,22,0.000000
315_CT_8,23,0.000000
315_CT_8,24,0.000000
316_STEAM_1,1,0.000000
316_STEAM_1,2,0.000000
316_STEAM_1,3,0.000000
316_STEAM_1,4,0.000000
316_STEAM_1,5,0.000000
316_STEAM_1,6,0.000000
316_STEAM_1,7,0.000000
316_STEAM_1,8,0.000000
316_STEAM_1,9,0.000000
316_STEAM_1,10,0.000000
316_STEAM_1,11,0.000000
316_STEAM_1,12,0.000000
316_STEAM_1,13,0.000000
316_STEAM_1,14,0.000000
316_STEAM_1,15,0.000000
316_STEAM_1,16,0.000000
316_STEAM_1,17,0.000000
316_STEAM_1,18,0.000000
316_STEAM_1,19,0.000000
316_STEAM_1,20,0.000000
316_STEAM_1,21,0.000000
316_STEAM_1,22,0.000000
316_STEAM_1,23,0.000000
316_STEAM_1,24,0.000000
318_CC_1,1,0.000000
318_CC_1,2,0.000000
318_CC_1,3,0.000000
318_CC_1,4,0.000000
318_CC_1,5,0.000000
318_CC_1,6,0.000000
318_CC_1,7,0.000000
318_CC_1,8,0.000000
318_CC_1,9,0.000000
318_CC_1,10,0.000000
318_CC_1,11,0.000000
318_CC_1,12,0.000000
318_CC_1,13,0.000000
318_CC_1,14,0.000000
318_CC_1,15,0.000000
318_CC_1,16,0.000000
318_CC_1,17,0.000000
318_CC_1,18,0.000000
318_CC_1,19,0.000000
318_CC_1,20,0.000000
318_CC_1,21,0.000000
318_CC_1,22,0.000000
318_CC_1,23,0.000000
318_CC_1,24,0.000000
321_CC_1,1,0.000000
321_CC_1,2,0.000000
321_CC_1,3,0.000000
321_CC_1,4,0.000000
321_CC_1,5,0.000000
321_CC_1,6,0.000000
321_CC_1,7,0.000000
321_CC_1,8,0.000000
321_CC_1,9,0.000000
321_CC_1,10,0.000000
321_CC_1,11,0.000000
321_CC_1,12,0.000000
321_CC_1,13,0.000000
321_CC_1,14,0.000000
321_CC_1,15,0.000000
321_CC_1,16,0.000000
321_CC_1,17,0.000000
321_CC_1,18,0.000000
321_CC_1,19,0.000000
321_CC_1,20,0.000000
321_CC_1,21,0.000000
321_CC_1,22,0.000000
321_CC_1,23,0.000000
321_CC_1,24,0.000000
322_CT_5,1,0.000000
322_CT_5,2,0.000000
322_CT_5,3,0.000000
322_CT_5,4,0.000000
322_CT_5,5,0.000000
322_CT_5,6,0.000000
322_CT_5,7,0.000000
322_CT_5,8,0.000000
322_CT_5,9,0.000000
322_CT_5,10,0.000000
322_CT_5,11,0.000000
322_CT_5,12,0.000000
322_CT_5,13,0.000000
322_CT_5,14,0.000000
322_CT_5,15,0.000000
322_CT_5,16,0.000000
322_CT_5,17,0.000000
322_CT_5,18,0.000000
322_CT_5,19,0.000000
322_CT_5,20,0.000000
322_CT_5,21,0.000000
322_CT_5,22,0.000000
322_CT_5,23,0.000000
322_CT_5,24,0.000000
322_CT_6,1,0.000000
322_CT_6,2,0.000000
322_CT_6,3,0.000000
322_CT_6,4,0.000000
322_CT_6,5,0.000000
322_CT_6,6,0.000000
322_CT_6,7,0.000000
322_CT_6,8,0.000000
322_CT_6,9,0.000000
322_CT_6,10,0.000000
322_CT_6,11,0.000000
322_CT_6,12,0.000000
322_CT_6,13,0.000000
322_CT_6,14,0.000000
322_CT_6,15,0.000000
322_CT_6,16,0.000000
322_CT_6,17,0.000000
322_CT_6,18,0.000000
322_CT_6,19,0.000000
322_CT_6,20,0.000000
322_CT_6,21,0.000000
322_CT_6,22,0.000000
322_CT_6,23,0.000000
322_CT_6,24,0.000000
323_CC_1,1,0.000000
323_CC_1,2,0.000000
323_CC_1,3,0.000000
323_CC_1,4,0.000000
323_CC_1,5,0.000000
323_CC_1,6,0.000000
323_CC_1,7,0.000000
323_CC_1,8,0.000000
323_CC_1,9,0.000000
323_CC_1,10,0.000000
323_CC_1,11,0.000000
323_CC_1,12,0.000000
323_CC_1,13,0.000000
323_CC_1,14,0.000000
323_CC_1,15,0.000000
323_CC_1,16,0.000000
323_CC_1,17,0.000000
323_CC_1,18,0.000000
323_CC_1,19,0.000000
323_CC_1,20,0.000000
323_CC_1,21,0.000000
323_CC_1,22,0.000000
323_CC_1,23,0.000000
323_CC_1,24,0.000000
323_CC_2,1,0.000000
323_CC_2,2,0.000000
323_CC_2,3,0.000000
323_CC_2,4,0.000000
323_CC_2,5,0.000000
323_CC_2,6,0.000000
323_CC_2,7,0.000000
323_CC_2,8,0.000000
323_CC_2,9,0.000000
323_CC_2,10,0.000000
323_CC_2,11,0.000000
323_CC_2,12,0.000000
323_CC_2,13,0.000000
323_CC_2,14,0.000000
323_CC_2,15,0.000000
323_CC_2,16,0.000000
323_CC_2,17,0.000000
323_CC_2,18,0.000000
323_CC_2,19,0.000000
323_CC_2,20,0.000000
323_CC_2,21,0.000000
323_CC_2,22,0.000000
323_CC_2,23,0.000000
323_CC_2,24,0.000000
322_HYDRO_1,1,0.000000
322_HYDRO_1,2,0.000000
322_HYDRO_1,3,0.000000
322_HYDRO_1,4,19.762500
322_HYDRO_1,5,22.212500
322_HYDRO_1,6,0.000000
322_HYDRO_1,7,25.129167
322_HYDRO_1,8,24.033333
322_HYDRO_1,9,29.475000
322_HYDRO_1,10,27.658333
322_HYDRO_1,11,23.000000
322_HYDRO_1,12,24.695833
322_HYDRO_1,13,25.091667
322_HYDRO_1,14,20.504167
322_HYDRO_1,15,18.758333
322_HYDRO_1,16,16.600000
322_HYDRO_1,17,11.241667
322_HYDRO_1,18,16.920833
322_HYDRO_1,19,0.000000
322_HYDRO_1,20,0.000000
322_HYDRO_1,21,0.000000
322_HYDRO_1,22,0.000000
322_HYDRO_1,23,0.000000
322_HYDRO_1,24,0.000000
322_HYDRO_2,1,0.000000
322_HYDRO_2,2,0.000000
322_HYDRO_2,3,0.000000
322_HYDRO_2,4,19.762500
322_HYDRO_2,5,22.212500
322_HYDRO_2,6,25.262500
322_HYDRO_2,7,0.000000
322_HYDRO_2,8,24.033333
322_HYDRO_2,9,29.475000
322_HYDRO_2,10,27.658333
322_HYDRO_2,11,23.000000
322_HYDRO_2,12,24.695833
322_HYDRO_2,13,25.091667
322_HYDRO_2,14,20.504167
322_HYDRO_2,15,18.758333
322_HYDRO_2,16,16.600000
322_HYDRO_2,17,11.241667
322_HYDRO_2,18,0.000000
322_HYDRO_2,19,0.000000
322_HYDRO_2,20,0.000000
322_HYDRO_2,21,0.000000
322_HYDRO_2,22,0.000000
322_HYDRO_2,23,0.000000
322_HYDRO_2,24,0.000000
322_HYDRO_3,1,21.429167
322_HYDRO_3,2,0.000000
322_HYDRO_3,3,0.000000
322_HYDRO_3,4,19.762500
322_HYDRO_3,5,22.212500
322_HYDRO_3,6,25.262500
322_HYDRO_3,7,25.129167
322_HYDRO_3,8,24.033333
322_HYDRO_3,9,29.475000
322_HYDRO_3,10,27.658333
322_HYDRO_3,11,23.000000
322_HYDRO_3,12,24.695833
322_HYDRO_3,13,25.091667
322_HYDRO_3,14,20.504167
322_HYDRO_3,15,18.758333
322_HYDRO_3,16,16.600000
322_HYDRO_3,17,11.241667
322_HYDRO_3,18,0.000000
322_HYDRO_3,19,0.000000
322_HYDRO_3,20,0.000000
322_HYDRO_3,21,0.000000
322_HYDRO_3,22,0.000000
322_HYDRO_3,23,0.000000
322_HYDRO_3,24,0.000000
322_HYDRO_4,1,21.429167
322_HYDRO_4,2,0.000000
322_HYDRO_4,3,21.404167
322_HYDRO_4,4,19.762500
322_HYDRO_4,5,0.000000
322_HYDRO_4,6,25.262500
322_HYDRO_4,7,25.129167
322_HYDRO_4,8,0.000000
322_HYDRO_4,9,29.475000
322_HYDRO_4,10,27.658333
322_HYDRO_4,11,23.000000
322_HYDRO_4,12,24.695833
322_HYDRO_4,13,25.091667
322_HYDRO_4,14,20.504167
322_HYDRO_4,15,18.758333
322_HYDRO_4,16,16.600000
322_HYDRO_4,17,11.241667
322_HYDRO_4,18,16.920833
322_HYDRO_4,19,0.000000
322_HYDRO_4,20,0.000000
322_HYDRO_4,21,0.000000
322_HYDRO_4,22,0.000000
322_HYDRO_4,23,0.000000
322_HYDRO_4,24,0.000000
320_PV_1,1,0.000000
320_PV_1,2,0.000000
320_PV_1,3,-0.000000
320_PV_1,4,0.000000
320_PV_1,5,0.000000
320_PV_1,6,0.000000
320_PV_1,7,0.000000
320_PV_1,8,0.000000
320_PV_1,9,0.000000
320_PV_1,10,0.000000
320_PV_1,11,0.000000
320_PV_1,12,0.000000
320_PV_1,13,0.000000
320_PV_1,14,0.000000
320_PV_1,15,0.000000
320_PV_1,16,0.000000
320_PV_1,17,0.000000
320_PV_1,18,0.000000
320_PV_1,19,-0.000000
320_PV_1,20,34.666667
320_PV_1,21,-0.000000
320_PV_1,22,0.000000
320_PV_1,23,0.000000
320_PV_1,24,-0.000000
314_PV_1,1,0.000000
314_PV_1,2,16.283333
314_PV_1,3,0.000000
314_PV_1,4,0.000000
314_PV_1,5,0.000000
314_PV_1,6,0.000000
314_PV_1,7,0.000000
314_PV_1,8,0.000000
314_PV_1,9,0.000000
314_PV_1,10,0.000000
314_PV_1,11,0.000000
314_PV_1,12,0.000000
314_PV_1,13,0.000000
314_PV_1,14,0.000000
314_PV_1,15,0.000000
314_PV_1,16,0.000000
314_PV_1,17,0.000000
314_PV_1,18,2.533333
314_PV_1,19,16.550000
314_PV_1,20,26.083333
314_PV_1,21,36.266667
314_PV_1,22,35.108333
314_PV_1,23,37.600000
314_PV_1,24,37.383333
314_PV_2,1,0.000000
314_PV_2,2,0.000000
314_PV_2,3,0.000000
314_PV_2,4,0.016667
314_PV_2,5,0.000000
314_PV_2,6,0.000000
314_PV_2,7,0.000000
314_PV_2,8,0.000000
314_PV_2,9,0.000000
314_PV_2,10,0.000000
314_PV_2,11,0.000000
314_PV_2,12,0.000000
314_PV_2,13,0.000000
314_PV_2,14,0.000000
314_PV_2,15,0.000000
314_PV_2,16,0.000000
314_PV_2,17,0.000000
314_PV_2,18,6.441667
314_PV_2,19,0.000000
314_PV_2,20,33.733333
314_PV_2,21,0.000000
314_PV_2,22,0.000000
314_PV_2,23,0.000000
314_PV_2,24,0.000000
313_PV_1,1,0.000000
313_PV_1,2,24.800000
313_PV_1,3,0.000000
313_PV_1,4,0.000000
313_PV_1,5,0.000000
313_PV_1,6,0.000000
313_PV_1,7,0.000000
313_PV_1,8,0.000000
313_PV_1,9,0.000000
313_PV_1,10,0.000000
313_PV_1,11,0.000000
313_PV_1,12,0.000000
313_PV_1,13,0.000000
313_PV_1,14,0.000000
313_PV_1,15,0.000000
313_PV_1,16,0.000000
313_PV_1,17,0.000000
313_PV_1,18,0.000000
313_PV_1,19,0.000000
313_PV_1,20,55.658333
313_PV_1,21,0.000000
313_PV_1,22,0.000000
313_PV_1,23,0.000000
313_PV_1,24,0.000000
314_PV_3,1,0.000000
314_PV_3,2,0.000000
314_PV_3,3,5.683333
314_PV_3,4,0.075000
314_PV_3,5,0.000000
314_PV_3,6,0.000000
314_PV_3,7,0.000000
314_PV_3,8,0.000000
314_PV_3,9,0.000000
314_PV_3,10,0.000000
314_PV_3,11,0.000000
314_PV_3,12,0.000000
314_PV_3,13,0.000000
314_PV_3,14,0.000000
314_PV_3,15,0.000000
314_PV_3,16,0.000000
314_PV_3,17,0.000000
314_PV_3,18,13.591667
314_PV_3,19,0.000000
314_PV_3,20,0.000000
314_PV_3,21,0.000000
314_PV_3,22,0.000000
314_PV_3,23,0.000000
314_PV_3,24,0.000000
314_PV_4,1,0.000000
314_PV_4,2,0.000000
314_PV_4,3,0.000000
314_PV_4,4,0.016667
314_PV_4,5,0.000000
314_PV_4,6,0.000000
314_PV_4,7,0.000000
314_PV_4,8,0.000000
314_PV_4,9,0.000000
314_PV_4,10,0.000000
314_PV_4,11,0.000000
314_PV_4,12,0.000000
314_PV_4,13,0.000000
314_PV_4,14,0.000000
314_PV_4,15,0.000000
314_PV_4,16,0.000000
314_PV_4,17,0.000000
314_PV_4,18,11.150000
314_PV_4,19,0.000000
314_PV_4,20,35.675000
314_PV_4,21,0.000000
314_PV_4,22,0.000000
314_PV_4,23,0.000000
314_PV_4,24,35.841667
313_PV_2,1,0.000000
313_PV_2,2,23.233333
313_PV_2,3,0.000000
313_PV_2,4,0.300000
313_PV_2,5,0.000000
313_PV_2,6,0.000000
313_PV_2,7,0.000000
313_PV_2,8,0.000000
313_PV_2,9,0.000000
313_PV_2,10,0.000000
313_PV_2,11,0.000000
313_PV_2,12,0.000000
313_PV_2,13,0.000000
313_PV_2,14,0.000000
313_PV_2,15,0.000000
313_PV_2,16,0.000000
313_PV_2,17,0.000000
313_PV_2,18,0.000000
313_PV_2,19,0.000000
313_PV_2,20,0.000000
313_PV_2,21,0.000000
313_PV_2,22,0.000000
313_PV_2,23,0.000000
313_PV_2,24,0.000000
310_PV_1,1,0.000000
310_PV_1,2,23.133333
310_PV_1,3,17.675000
310_PV_1,4,0.000000
310_PV_1,5,0.000000
310_PV_1,6,0.000000
310_PV_1,7,0.000000
310_PV_1,8,0.000000
310_PV_1,9,0.000000
310_PV_1,10,0.000000
310_PV_1,11,0.000000
310_PV_1,12,0.000000
310_PV_1,13,0.000000
310_PV_1,14,0.000000
310_PV_1,15,0.000000
310_PV_1,16,0.000000
310_PV_1,17,0.000000
310_PV_1,18,13.016667
310_PV_1,19,23.533333
310_PV_1,20,35.008333
310_PV_1,21,-0.000000
310_PV_1,22,36.758333
310_PV_1,23,38.483333
310_PV_1,24,38.408333
324_PV_1,1,0.000000
324_PV_1,2,0.000000
324_PV_1,3,0.000000
324_PV_1,4,0.000000
324_PV_1,5,0.000000
324_PV_1,6,0.000000
324_PV_1,7,0.000000
324_PV_1,8,0.000000
324_PV_1,9,0.000000
324_PV_1,10,0.000000
324_PV_1,11,0.000000
324_PV_1,12,0.000000
324_PV_1,13,0.000000
324_PV_1,14,0.000000
324_PV_1,15,0.000000
324_PV_1,16,0.000000
324_PV_1,17,0.000000
324_PV_1,18,0.000000
324_PV_1,19,-0.000000
324_PV_1,20,0.000000
324_PV_1,21,0.000000
324_PV_1,22,0.000000
324_PV_1,23,0.000000
324_PV_1,24,-0.000000
312_PV_1,1,0.000000
312_PV_1,2,52.508333
312_PV_1,3,0.396119
312_PV_1,4,0.325000
312_PV_1,5,0.000000
312_PV_1,6,0.000000
312_PV_1,7,0.000000
312_PV_1,8,0.000000
312_PV_1,9,0.000000
312_PV_1,10,0.000000
312_PV_1,11,0.000000
312_PV_1,12,0.000000
312_PV_1,13,0.000000
312_PV_1,14,0.000000
312_PV_1,15,0.000000
312_PV_1,16,0.000000
312_PV_1,17,0.000000
312_PV_1,18,12.058333
312_PV_1,19,-0.000000
312_PV_1,20,63.925000
312_PV_1,21,71.225000
312_PV_1,22,74.025000
312_PV_1,23,73.616667
312_PV_1,24,67.700000
310_PV_2,1,0.000000
310_PV_2,2,21.652703
310_PV_2,3,0.000000
310_PV_2,4,0.258333
310_PV_2,5,0.000000
310_PV_2,6,0.000000
310_PV_2,7,0.000000
310_PV_2,8,0.000000
310_PV_2,9,0.000000
310_PV_2,10,0.000000
310_PV_2,11,0.000000
310_PV_2,12,0.000000
310_PV_2,13,0.000000
310_PV_2,14,0.000000
310_PV_2,15,0.000000
310_PV_2,16,0.000000
310_PV_2,17,0.000000
310_PV_2,18,8.616667
310_PV_2,19,0.000000
310_PV_2,20,0.000000
310_PV_2,21,0.000000
310_PV_2,22,32.975000
310_PV_2,23,0.000000
310_PV_2,24,0.000000
324_PV_2,1,0.000000
324_PV_2,2,0.000000
324_PV_2,3,0.000000
324_PV_2,4,0.000000
324_PV_2,5,0.000000
324_PV_2,6,0.000000
324_PV_2,7,0.000000
324_PV_2,8,0.000000
324_PV_2,9,0.000000
324_PV_2,10,0.000000
324_PV_2,11,0.000000
324_PV_2,12,0.000000
324_PV_2,13,0.000000
324_PV_2,14,0.000000
324_PV_2,15,0.000000
324_PV_2,16,0.000000
324_PV_2,17,0.000000
324_PV_2,18,0.000000
324_PV_2,19,0.000000
324_PV_2,20,0.000000
324_PV_2,21,0.000000
324_PV_2,22,0.000000
324_PV_2,23,0.000000
324_PV_2,24,0.000000
324_PV_3,1,0.000000
324_PV_3,2,0.000000
324_PV_3,3,0.000000
324_PV_3,4,0.000000
324_PV_3,5,0.000000
324_PV_3,6,0.000000
324_PV_3,7,0.000000
324_PV_3,8,0.000000
324_PV_3,9,0.000000
324_PV_3,10,0.000000
324_PV_3,11,0.000000
324_PV_3,12,0.000000
324_PV_3,13,0.000000
324_PV_3,14,0.000000
324_PV_3,15,0.000000
324_PV_3,16,0.000000
324_PV_3,17,0.000000
324_PV_3,18,0.000000
324_PV_3,19,0.000000
324_PV_3,20,0.000000
324_PV_3,21,0.000000
324_PV_3,22,0.000000
324_PV_3,23,0.000000
324_PV_3,24,0.000000
319_PV_1,1,0.000000
319_PV_1,2,0.000000
319_PV_1,3,0.000000
319_PV_1,4,0.000000
319_PV_1,5,0.000000
319_PV_1,6,0.000000
319_PV_1,7,0.000000
319_PV_1,8,0.000000
319_PV_1,9,0.000000
319_PV_1,10,0.000000
319_PV_1,11,0.000000
319_PV_1,12,0.000000
319_PV_1,13,0.000000
319_PV_1,14,0.000000
319_PV_1,15,0.000000
319_PV_1,16,0.000000
319_PV_1,17,0.000000
319_PV_1,18,0.000000
319_PV_1,19,0.000000
319_PV_1,20,136.808333
319_PV_1,21,0.000000
319_PV_1,22,85.558302
319_PV_1,23,125.325000
319_PV_1,24,0.000000
308_RTPV_1,1,0.000000
308_RTPV_1,2,37.750000
308_RTPV_1,3,0.000000
308_RTPV_1,4,0.000000
308_RTPV_1,5,0.000000
308_RTPV_1,6,0.000000
308_RTPV_1,7,0.000000
308_RTPV_1,8,0.000000
308_RTPV_1,9,0.000000
308_RTPV_1,10,0.000000
308_RTPV_1,11,0.000000
308_RTPV_1,12,0.000000
308_RTPV_1,13,0.000000
308_RTPV_1,14,0.000000
308_RTPV_1,15,0.000000
308_RTPV_1,16,0.000000
308_RTPV_1,17,0.000000
308_RTPV_1,18,5.116667
308_RTPV_1,19,25.050000
308_RTPV_1,20,47.341667
308_RTPV_1,21,68.591667
308_RTPV_1,22,75.975000
308_RTPV_1,23,77.041667
308_RTPV_1,24,0.000000
313_RTPV_1,1,0.000000
313_RTPV_1,2,0.000000
313_RTPV_1,3,0.000000
313_RTPV_1,4,0.000000
313_RTPV_1,5,0.000000
313_RTPV_1,6,0.000000
313_RTPV_1,7,0.000000
313_RTPV_1,8,0.000000
313_RTPV_1,9,0.000000
313_RTPV_1,10,0.000000
313_RTPV_1,11,0.000000
313_RTPV_1,12,0.000000
313_RTPV_1,13,0.000000
313_RTPV_1,14,0.000000
313_RTPV_1,15,0.000000
313_RTPV_1,16,0.000000
313_RTPV_1,17,0.000000
313_RTPV_1,18,0.000000
313_RTPV_1,19,0.000000
313_RTPV_1,20,46.783333
313_RTPV_1,21,0.000000
313_RTPV_1,22,0.000000
313_RTPV_1,23,0.000000
313_RTPV_1,24,0.000000
313_RTPV_2,1,0.000000
313_RTPV_2,2,22.241667
313_RTPV_2,3,0.000000
313_RTPV_2,4,0.000000
313_RTPV_2,5,0.000000
313_RTPV_2,6,0.000000
313_RTPV_2,7,0.000000
313_RTPV_2,8,0.000000
313_RTPV_2,9,0.000000
313_RTPV_2,10,0.000000
313_RTPV_2,11,0.000000
313_RTPV_2,12,0.000000
313_RTPV_2,13,0.000000
313_RTPV_2,14,0.000000
313_RTPV_2,15,0.000000
313_RTPV_2,16,0.000000
313_RTPV_2,17,0.000000
313_RTPV_2,18,0.066667
313_RTPV_2,19,12.533333
313_RTPV_2,20,31.583333
313_RTPV_2,21,40.325000
313_RTPV_2,22,45.891667
313_RTPV_2,23,45.766667
313_RTPV_2,24,38.884831
313_RTPV_3,1,0.000000
313_RTPV_3,2,20.783333
313_RTPV_3,3,0.000000
313_RTPV_3,4,0.000000
313_RTPV_3,5,0.000000
313_RTPV_3,6,0.000000
313_RTPV_3,7,0.000000
313_RTPV_3,8,0.000000
313_RTPV_3,9,0.000000
313_RTPV_3,10,0.000000
313_RTPV_3,11,0.000000
313_RTPV_3,12,0.000000
313_RTPV_3,13,0.000000
313_RTPV_3,14,0.000000
313_RTPV_3,15,0.000000
313_RTPV_3,16,0.000000
313_RTPV_3,17,0.000000
313_RTPV_3,18,2.316667
313_RTPV_3,19,15.025000
313_RTPV_3,20,25.158333
313_RTPV_3,21,0.000000
313_RTPV_3,22,46.458333
313_RTPV_3,23,47.300000
313_RTPV_3,24,42.016667
313_RTPV_4,1,0.000000
313_RTPV_4,2,23.633333
313_RTPV_4,3,4.483333
313_RTPV_4,4,0.000000
313_RTPV_4,5,0.000000
313_RTPV_4,6,0.000000
313_RTPV_4,7,0.000000
313_RTPV_4,8,0.000000
313_RTPV_4,9,0.000000
313_RTPV_4,10,0.000000
313_RTPV_4,11,0.000000
313_RTPV_4,12,0.000000
313_RTPV_4,13,0.000000
313_RTPV_4,14,0.000000
313_RTPV_4,15,0.000000
313_RTPV_4,16,0.000000
313_RTPV_4,17,0.000000
313_RTPV_4,18,0.000000
313_RTPV_4,19,16.283333
313_RTPV_4,20,33.050000
313_RTPV_4,21,39.600000
313_RTPV_4,22,0.000000
313_RTPV_4,23,43.225000
313_RTPV_4,24,41.433333
313_RTPV_5,1,0.000000
313_RTPV_5,2,24.050000
313_RTPV_5,3,0.000000
313_RTPV_5,4,0.000000
313_RTPV_5,5,0.000000
313_RTPV_5,6,0.000000
313_RTPV_5,7,0.000000
313_RTPV_5,8,0.000000
313_RTPV_5,9,0.000000
313_RTPV_5,10,0.000000
313_RTPV_5,11,0.000000
313_RTPV_5,12,0.000000
313_RTPV_5,13,0.000000
313_RTPV_5,14,0.000000
313_RTPV_5,15,0.000000
313_RTPV_5,16,0.000000
313_RTPV_5,17,0.000000
313_RTPV_5,18,2.258333
313_RTPV_5,19,1.662575
313_RTPV_5,20,33.900000
313_RTPV_5,21,42.900000
313_RTPV_5,22,48.741667
313_RTPV_5,23,49.625000
313_RTPV_5,24,44.400000
313_RTPV_6,1,0.000000
313_RTPV_6,2,0.000000
313_RTPV_6,3,0.000000
313_RTPV_6,4,0.000000
313_RTPV_6,5,0.000000
313_RTPV_6,6,0.000000
313_RTPV_6,7,0.000000
313_RTPV_6,8,0.000000
313_RTPV_6,9,0.000000
313_RTPV_6,10,0.000000
313_RTPV_6,11,0.000000
313_RTPV_6,12,0.000000
313_RTPV_6,13,0.000000
313_RTPV_6,14,0.000000
313_RTPV_6,15,0.000000
313_RTPV_6,16,0.000000
313_RTPV_6,17,0.000000
313_RTPV_6,18,0.000000
313_RTPV_6,19,0.000000
313_RTPV_6,20,0.000000
313_RTPV_6,21,0.000000
313_RTPV_6,22,0.000000
313_RTPV_6,23,0.000000
313_RTPV_6,24,0.000000
313_RTPV_7,1,0.000000
313_RTPV_7,2,23.475000
313_RTPV_7,3,0.000000
313_RTPV_7,4,0.000000
313_RTPV_7,5,0.000000
313_RTPV_7,6,0.000000
313_RTPV_7,7,0.000000
313_RTPV_7,8,0.000000
313_RTPV_7,9,0.000000
313_RTPV_7,10,0.000000
313_RTPV_7,11,0.000000
313_RTPV_7,12,0.000000
313_RTPV_7,13,0.000000
313_RTPV_7,14,0.000000
313_RTPV_7,15,0.000000
313_RTPV_7,16,0.000000
313_RTPV_7,17,0.000000
313_RTPV_7,18,0.000000
313_RTPV_7,19,0.000000
313_RTPV_7,20,33.916667
313_RTPV_7,21,0.000000
313_RTPV_7,22,0.000000
313_RTPV_7,23,0.000000
313_RTPV_7,24,0.000000
313_RTPV_8,1,0.000000
313_RTPV_8,2,21.900000
313_RTPV_8,3,0.000000
313_RTPV_8,4,0.000000
313_RTPV_8,5,0.000000
313_RTPV_8,6,0.000000
313_RTPV_8,7,0.000000
313_RTPV_8,8,0.000000
313_RTPV_8,9,0.000000
313_RTPV_8,10,0.000000
313_RTPV_8,11,0.000000
313_RTPV_8,12,0.000000
313_RTPV_8,13,0.000000
313_RTPV_8,14,0.000000
313_RTPV_8,15,0.000000
313_RTPV_8,16,0.000000
313_RTPV_8,17,0.000000
313_RTPV_8,18,0.000000
313_RTPV_8,19,0.000000
313_RTPV_8,20,32.400000
313_RTPV_8,21,43.933333
313_RTPV_8,22,49.233333
313_RTPV_8,23,51.675000
313_RTPV_8,24,47.675000
313_RTPV_9,1,0.000000
313_RTPV_9,2,20.450000
313_RTPV_9,3,0.000000
313_RTPV_9,4,0.000000
313_RTPV_9,5,0.000000
313_RTPV_9,6,0.000000
313_RTPV_9,7,0.000000
313_RTPV_9,8,0.000000
313_RTPV_9,9,0.000000
313_RTPV_9,10,0.000000
313_RTPV_9,11,0.000000
313_RTPV_9,12,0.000000
313_RTPV_9,13,0.000000
313_RTPV_9,14,0.000000
313_RTPV_9,15,0.000000
313_RTPV_9,16,0.000000
313_RTPV_9,17,0.000000
313_RTPV_9,18,1.819611
313_RTPV_9,19,18.300000
313_RTPV_9,20,34.641667
313_RTPV_9,21,0.000000
313_RTPV_9,22,44.233333
313_RTPV_9,23,46.100000
313_RTPV_9,24,44.983333
313_RTPV_10,1,0.000000
313_RTPV_10,2,17.816667
313_RTPV_10,3,0.000000
313_RTPV_10,4,0.000000
313_RTPV_10,5,0.000000
313_RTPV_10,6,0.000000
313_RTPV_10,7,0.000000
313_RTPV_10,8,0.000000
313_RTPV_10,9,0.000000
313_RTPV_10,10,0.000000
313_RTPV_10,11,0.000000
313_RTPV_10,12,0.000000
313_RTPV_10,13,0.000000
313_RTPV_10,14,0.000000
313_RTPV_10,15,0.000000
313_RTPV_10,16,0.000000
313_RTPV_10,17,0.000000
313_RTPV_10,18,0.000000
313_RTPV_10,19,0.000000
313_RTPV_10,20,0.000000
313_RTPV_10,21,0.000000
313_RTPV_10,22,0.000000
313_RTPV_10,23,0.000000
313_RTPV_10,24,0.000000
313_RTPV_11,1,0.000000
313_RTPV_11,2,20.483333
313_RTPV_11,3,0.000000
313_RTPV_11,4,0.000000
313_RTPV_11,5,0.000000
313_RTPV_11,6,0.000000
313_RTPV_11,7,0.000000
313_RTPV_11,8,0.000000
313_RTPV_11,9,0.000000
313_RTPV_11,10,0.000000
313_RTPV_11,11,0.000000
313_RTPV_11,12,0.000000
313_RTPV_11,13,0.000000
313_RTPV_11,14,0.000000
313_RTPV_11,15,0.000000
313_RTPV_11,16,0.000000
313_RTPV_11,17,0.000000
313_RTPV_11,18,0.000000
313_RTPV_11,19,0.000000
313_RTPV_11,20,0.000000
313_RTPV_11,21,0.000000
313_RTPV_11,22,0.000000
313_RTPV_11,23,0.000000
313_RTPV_11,24,0.000000
313_RTPV_12,1,0.000000
313_RTPV_12,2,10.083333
313_RTPV_12,3,0.000000
313_RTPV_12,4,0.000000
313_RTPV_12,5,0.000000
313_RTPV_12,6,0.000000
313_RTPV_12,7,0.000000
313_RTPV_12,8,0.000000
313_RTPV_12,9,0.000000
313_RTPV_12,10,0.000000
313_RTPV_12,11,0.000000
313_RTPV_12,12,0.000000
313_RTPV_12,13,0.000000
313_RTPV_12,14,0.000000
313_RTPV_12,15,0.000000
313_RTPV_12,16,0.000000
313_RTPV_12,17,0.000000
313_RTPV_12,18,0.000000
313_RTPV_12,19,0.000000
313_RTPV_12,20,0.000000
313_RTPV_12,21,0.000000
313_RTPV_12,22,0.000000
313_RTPV_12,23,0.000000
313_RTPV_12,24,0.000000
320_RTPV_1,1,0.000000
320_RTPV_1,2,0.000000
320_RTPV_1,3,0.000000
320_RTPV_1,4,0.000000
320_RTPV_1,5,0.000000
320_RTPV_1,6,0.000000
320_RTPV_1,7,0.000000
320_RTPV_1,8,0.000000
320_RTPV_1,9,0.000000
320_RTPV_1,10,0.000000
320_RTPV_1,11,0.000000
320_RTPV_1,12,0.000000
320_RTPV_1,13,0.000000
320_RTPV_1,14,0.000000
320_RTPV_1,15,0.000000
320_RTPV_1,16,0.000000
320_RTPV_1,17,0.000000
320_RTPV_1,18,0.000000
320_RTPV_1,19,0.000000
320_RTPV_1,20,0.000000
320_RTPV_1,21,0.000000
320_RTPV_1,22,0.000000
320_RTPV_1,23,0.000000
320_RTPV_1,24,0.000000
320_RTPV_2,1,0.000000
320_RTPV_2,2,0.000000
320_RTPV_2,3,0.000000
320_RTPV_2,4,0.000000
320_RTPV_2,5,0.000000
320_RTPV_2,6,0.000000
320_RTPV_2,7,0.000000
320_RTPV_2,8,0.000000
320_RTPV_2,9,0.000000
320_RTPV_2,10,0.000000
320_RTPV_2,11,0.000000
320_RTPV_2,12,0.000000
320_RTPV_2,13,0.000000
320_RTPV_2,14,0.000000
320_RTPV_2,15,0.000000
320_RTPV_2,16,0.000000
320_RTPV_2,17,0.000000
320_RTPV_2,18,0.000000
320_RTPV_2,19,0.000000
320_RTPV_2,20,0.000000
320_RTPV_2,21,0.000000
320_RTPV_2,22,0.000000
320_RTPV_2,23,0.000000
320_RTPV_2,24,0.000000
320_RTPV_3,1,0.000000
320_RTPV_3,2,0.000000
320_RTPV_3,3,0.000000
320_RTPV_3,4,0.000000
320_RTPV_3,5,0.000000
320_RTPV_3,6,0.000000
320_RTPV_3,7,0.000000
320_RTPV_3,8,0.000000
320_RTPV_3,9,0.000000
320_RTPV_3,10,0.000000
320_RTPV_3,11,0.000000
320_RTPV_3,12,0.000000
320_RTPV_3,13,0.000000
320_RTPV_3,14,0.000000
320_RTPV_3,15,0.000000
320_RTPV_3,16,0.000000
320_RTPV_3,17,0.000000
320_RTPV_3,18,0.000000
320_RTPV_3,19,0.000000
320_RTPV_3,20,0.000000
320_RTPV_3,21,0.000000
320_RTPV_3,22,0.000000
320_RTPV_3,23,0.000000
320_RTPV_3,24,0.000000
313_RTPV_13,1,0.000000
313_RTPV_13,2,7.125000
313_RTPV_13,3,0.000000
313_RTPV_13,4,0.000000
313_RTPV_13,5,0.000000
313_RTPV_13,6,0.000000
313_RTPV_13,7,0.000000
313_RTPV_13,8,0.000000
313_RTPV_13,9,0.000000
313_RTPV_13,10,0.000000
313_RTPV_13,11,0.000000
313_RTPV_13,12,0.000000
313_RTPV_13,13,0.000000
313_RTPV_13,14,0.000000
313_RTPV_13,15,0.000000
313_RTPV_13,16,0.000000
313_RTPV_13,17,0.000000
313_RTPV_13,18,2.016667
313_RTPV_13,19,9.841667
313_RTPV_13,20,14.850000
313_RTPV_13,21,17.741667
313_RTPV_13,22,0.000000
313_RTPV_13,23,20.133333
313_RTPV_13,24,18.458333
320_RTPV_4,1,0.000000
320_RTPV_4,2,0.000000
320_RTPV_4,3,0.000000
320_RTPV_4,4,0.000000
320_RTPV_4,5,0.000000
320_RTPV_4,6,0.000000
320_RTPV_4,7,0.000000
320_RTPV_4,8,0.000000
320_RTPV_4,9,0.000000
320_RTPV_4,10,0.000000
320_RTPV_4,11,0.000000
320_RTPV_4,12,0.000000
320_RTPV_4,13,0.000000
320_RTPV_4,14,0.000000
320_RTPV_4,15,0.000000
320_RTPV_4,16,0.000000
320_RTPV_4,17,0.000000
320_RTPV_4,18,0.000000
320_RTPV_4,19,0.000000
320_RTPV_4,20,0.000000
320_RTPV_4,21,0.000000
320_RTPV_4,22,0.000000
320_RTPV_4,23,0.000000
320_RTPV_4,24,0.000000
320_RTPV_5,1,0.000000
320_RTPV_5,2,0.000000
320_RTPV_5,3,0.000000
320_RTPV_5,4,0.000000
320_RTPV_5,5,0.000000
320_RTPV_5,6,0.000000
320_RTPV_5,7,0.000000
320_RTPV_5,8,0.000000
320_RTPV_5,9,0.000000
320_RTPV_5,10,0.000000
320_RTPV_5,11,0.000000
320_RTPV_5,12,0.000000
320_RTPV_5,13,0.000000
320_RTPV_5,14,0.000000
320_RTPV_5,15,0.000000
320_RTPV_5,16,0.000000
320_RTPV_5,17,0.000000
320_RTPV_5,18,0.000000
320_RTPV_5,19,0.000000
320_RTPV_5,20,0.000000
320_RTPV_5,21,0.000000
320_RTPV_5,22,0.000000
320_RTPV_5,23,0.000000
320_RTPV_5,24,0.000000
320_RTPV_6,1,0.000000
320_RTPV_6,2,0.000000
320_RTPV_6,3,0.000000
320_RTPV_6,4,0.000000
320_RTPV_6,5,0.000000
320_RTPV_6,6,0.000000
320_RTPV_6,7,0.000000
320_RTPV_6,8,0.000000
320_RTPV_6,9,0.000000
320_RTPV_6,10,0.000000
320_RTPV_6,11,0.000000
320_RTPV_6,12,0.000000
320_RTPV_6,13,0.000000
320_RTPV_6,14,0.000000
320_RTPV_6,15,0.000000
320_RTPV_6,16,0.000000
320_RTPV_6,17,0.000000
320_RTPV_6,18,0.000000
320_RTPV_6,19,0.000000
320_RTPV_6,20,0.000000
320_RTPV_6,21,0.000000
320_RTPV_6,22,0.000000
320_RTPV_6,23,0.000000
320_RTPV_6,24,0.000000
309_WIND_1,1,24.088704
309_WIND_1,2,144.316667
309_WIND_1,3,-0.000000
309_WIND_1,4,4.993029
309_WIND_1,5,-0.000000
309_WIND_1,6,21.108900
309_WIND_1,7,68.181130
309_WIND_1,8,135.119351
309_WIND_1,9,146.066667
309_WIND_1,10,140.716667
309_WIND_1,11,133.908333
309_WIND_1,12,108.250000
309_WIND_1,13,44.850000
309_WIND_1,14,85.333333
309_WIND_1,15,87.975000
309_WIND_1,16,94.633333
309_WIND_1,17,102.608333
309_WIND_1,18,141.566667
309_WIND_1,19,144.925000
309_WIND_1,20,144.816667
309_WIND_1,21,146.916667
309_WIND_1,22,145.158333
309_WIND_1,23,145.866667
309_WIND_1,24,145.808333
317_WIND_1,1,758.708333
317_WIND_1,2,0.000000
317_WIND_1,3,744.750000
317_WIND_1,4,767.991667
317_WIND_1,5,757.083333
317_WIND_1,6,763.058333
317_WIND_1,7,722.466667
317_WIND_1,8,692.675000
317_WIND_1,9,644.475000
317_WIND_1,10,590.575000
317_WIND_1,11,559.133333
317_WIND_1,12,384.891667
317_WIND_1,13,437.341667
317_WIND_1,14,503.191667
317_WIND_1,15,471.983333
317_WIND_1,16,553.641667
317_WIND_1,17,665.175000
317_WIND_1,18,755.500000
317_WIND_1,19,785.000000
317_WIND_1,20,0.000000
317_WIND_1,21,784.916667
317_WIND_1,22,0.000000
317_WIND_1,23,486.196428
317_WIND_1,24,0.000000
303_WIND_1,1,381.604991
303_WIND_1,2,677.648236
303_WIND_1,3,336.107099
303_WIND_1,4,369.071075
303_WIND_1,5,359.646772
303_WIND_1,6,376.481056
303_WIND_1,7,407.454106
303_WIND_1,8,495.724124
303_WIND_1,9,407.555217
303_WIND_1,10,473.334124
303_WIND_1,11,490.547272
303_WIND_1,12,528.319403
303_WIND_1,13,496.470880
303_WIND_1,14,489.921239
303_WIND_1,15,534.713193
303_WIND_1,16,461.179023
303_WIND_1,17,508.543624
303_WIND_1,18,411.612132
303_WIND_1,19,471.251468
303_WIND_1,20,611.104081
303_WIND_1,21,152.418828
303_WIND_1,22,643.122846
303_WIND_1,23,-0.000000
303_WIND_1,24,625.004304
