,hour,SegemntDispatch
301_CT_1-0,1,0.000000
301_CT_1-0,2,0.000000
301_CT_1-0,3,0.000000
301_CT_1-0,4,0.000000
301_CT_1-0,5,0.000000
301_CT_1-0,6,0.000000
301_CT_1-0,7,0.000000
301_CT_1-0,8,0.000000
301_CT_1-0,9,0.000000
301_CT_1-0,10,0.000000
301_CT_1-0,11,0.000000
301_CT_1-0,12,0.000000
301_CT_1-0,13,0.000000
301_CT_1-0,14,0.000000
301_CT_1-0,15,0.000000
301_CT_1-0,16,0.000000
301_CT_1-0,17,0.000000
301_CT_1-0,18,0.000000
301_CT_1-0,19,0.000000
301_CT_1-0,20,0.000000
301_CT_1-0,21,0.000000
301_CT_1-0,22,0.000000
301_CT_1-0,23,0.000000
301_CT_1-0,24,0.000000
301_CT_1-1,1,0.000000
301_CT_1-1,2,0.000000
301_CT_1-1,3,0.000000
301_CT_1-1,4,0.000000
301_CT_1-1,5,0.000000
301_CT_1-1,6,0.000000
301_CT_1-1,7,0.000000
301_CT_1-1,8,0.000000
301_CT_1-1,9,0.000000
301_CT_1-1,10,0.000000
301_CT_1-1,11,0.000000
301_CT_1-1,12,0.000000
301_CT_1-1,13,0.000000
301_CT_1-1,14,0.000000
301_CT_1-1,15,0.000000
301_CT_1-1,16,0.000000
301_CT_1-1,17,0.000000
301_CT_1-1,18,0.000000
301_CT_1-1,19,0.000000
301_CT_1-1,20,0.000000
301_CT_1-1,21,0.000000
301_CT_1-1,22,0.000000
301_CT_1-1,23,0.000000
301_CT_1-1,24,0.000000
301_CT_1-2,1,0.000000
301_CT_1-2,2,0.000000
301_CT_1-2,3,0.000000
301_CT_1-2,4,0.000000
301_CT_1-2,5,0.000000
301_CT_1-2,6,0.000000
301_CT_1-2,7,0.000000
301_CT_1-2,8,0.000000
301_CT_1-2,9,0.000000
301_CT_1-2,10,0.000000
301_CT_1-2,11,0.000000
301_CT_1-2,12,0.000000
301_CT_1-2,13,0.000000
301_CT_1-2,14,0.000000
301_CT_1-2,15,0.000000
301_CT_1-2,16,0.000000
301_CT_1-2,17,0.000000
301_CT_1-2,18,0.000000
301_CT_1-2,19,0.000000
301_CT_1-2,20,0.000000
301_CT_1-2,21,0.000000
301_CT_1-2,22,0.000000
301_CT_1-2,23,0.000000
301_CT_1-2,24,0.000000
301_CT_1-3,1,0.000000
301_CT_1-3,2,0.000000
301_CT_1-3,3,0.000000
301_CT_1-3,4,0.000000
301_CT_1-3,5,0.000000
301_CT_1-3,6,0.000000
301_CT_1-3,7,0.000000
301_CT_1-3,8,0.000000
301_CT_1-3,9,0.000000
301_CT_1-3,10,0.000000
301_CT_1-3,11,0.000000
301_CT_1-3,12,0.000000
301_CT_1-3,13,0.000000
301_CT_1-3,14,0.000000
301_CT_1-3,15,0.000000
301_CT_1-3,16,0.000000
301_CT_1-3,17,0.000000
301_CT_1-3,18,0.000000
301_CT_1-3,19,0.000000
301_CT_1-3,20,0.000000
301_CT_1-3,21,0.000000
301_CT_1-3,22,0.000000
301_CT_1-3,23,0.000000
301_CT_1-3,24,0.000000
301_CT_2-0,1,0.000000
301_CT_2-0,2,0.000000
301_CT_2-0,3,0.000000
301_CT_2-0,4,0.000000
301_CT_2-0,5,0.000000
301_CT_2-0,6,0.000000
301_CT_2-0,7,0.000000
301_CT_2-0,8,0.000000
301_CT_2-0,9,0.000000
301_CT_2-0,10,0.000000
301_CT_2-0,11,0.000000
301_CT_2-0,12,0.000000
301_CT_2-0,13,0.000000
301_CT_2-0,14,0.000000
301_CT_2-0,15,0.000000
301_CT_2-0,16,0.000000
301_CT_2-0,17,0.000000
301_CT_2-0,18,0.000000
301_CT_2-0,19,0.000000
301_CT_2-0,20,0.000000
301_CT_2-0,21,0.000000
301_CT_2-0,22,0.000000
301_CT_2-0,23,0.000000
301_CT_2-0,24,0.000000
301_CT_2-1,1,0.000000
301_CT_2-1,2,0.000000
301_CT_2-1,3,0.000000
301_CT_2-1,4,0.000000
301_CT_2-1,5,0.000000
301_CT_2-1,6,0.000000
301_CT_2-1,7,0.000000
301_CT_2-1,8,0.000000
301_CT_2-1,9,0.000000
301_CT_2-1,10,0.000000
301_CT_2-1,11,0.000000
301_CT_2-1,12,0.000000
301_CT_2-1,13,0.000000
301_CT_2-1,14,0.000000
301_CT_2-1,15,0.000000
301_CT_2-1,16,0.000000
301_CT_2-1,17,0.000000
301_CT_2-1,18,0.000000
301_CT_2-1,19,0.000000
301_CT_2-1,20,0.000000
301_CT_2-1,21,0.000000
301_CT_2-1,22,0.000000
301_CT_2-1,23,0.000000
301_CT_2-1,24,0.000000
301_CT_2-2,1,0.000000
301_CT_2-2,2,0.000000
301_CT_2-2,3,0.000000
301_CT_2-2,4,0.000000
301_CT_2-2,5,0.000000
301_CT_2-2,6,0.000000
301_CT_2-2,7,0.000000
301_CT_2-2,8,0.000000
301_CT_2-2,9,0.000000
301_CT_2-2,10,0.000000
301_CT_2-2,11,0.000000
301_CT_2-2,12,0.000000
301_CT_2-2,13,0.000000
301_CT_2-2,14,0.000000
301_CT_2-2,15,0.000000
301_CT_2-2,16,0.000000
301_CT_2-2,17,0.000000
301_CT_2-2,18,0.000000
301_CT_2-2,19,0.000000
301_CT_2-2,20,0.000000
301_CT_2-2,21,0.000000
301_CT_2-2,22,0.000000
301_CT_2-2,23,0.000000
301_CT_2-2,24,0.000000
301_CT_2-3,1,0.000000
301_CT_2-3,2,0.000000
301_CT_2-3,3,0.000000
301_CT_2-3,4,0.000000
301_CT_2-3,5,0.000000
301_CT_2-3,6,0.000000
301_CT_2-3,7,0.000000
301_CT_2-3,8,0.000000
301_CT_2-3,9,0.000000
301_CT_2-3,10,0.000000
301_CT_2-3,11,0.000000
301_CT_2-3,12,0.000000
301_CT_2-3,13,0.000000
301_CT_2-3,14,0.000000
301_CT_2-3,15,0.000000
301_CT_2-3,16,0.000000
301_CT_2-3,17,0.000000
301_CT_2-3,18,0.000000
301_CT_2-3,19,0.000000
301_CT_2-3,20,0.000000
301_CT_2-3,21,0.000000
301_CT_2-3,22,0.000000
301_CT_2-3,23,0.000000
301_CT_2-3,24,0.000000
301_CT_3-0,1,0.000000
301_CT_3-0,2,0.000000
301_CT_3-0,3,0.000000
301_CT_3-0,4,0.000000
301_CT_3-0,5,0.000000
301_CT_3-0,6,0.000000
301_CT_3-0,7,0.000000
301_CT_3-0,8,0.000000
301_CT_3-0,9,0.000000
301_CT_3-0,10,0.000000
301_CT_3-0,11,0.000000
301_CT_3-0,12,0.000000
301_CT_3-0,13,0.000000
301_CT_3-0,14,0.000000
301_CT_3-0,15,0.000000
301_CT_3-0,16,0.000000
301_CT_3-0,17,0.000000
301_CT_3-0,18,0.000000
301_CT_3-0,19,0.000000
301_CT_3-0,20,0.000000
301_CT_3-0,21,0.000000
301_CT_3-0,22,0.000000
301_CT_3-0,23,0.000000
301_CT_3-0,24,0.000000
301_CT_3-1,1,0.000000
301_CT_3-1,2,0.000000
301_CT_3-1,3,0.000000
301_CT_3-1,4,0.000000
301_CT_3-1,5,0.000000
301_CT_3-1,6,0.000000
301_CT_3-1,7,0.000000
301_CT_3-1,8,0.000000
301_CT_3-1,9,0.000000
301_CT_3-1,10,0.000000
301_CT_3-1,11,0.000000
301_CT_3-1,12,0.000000
301_CT_3-1,13,0.000000
301_CT_3-1,14,0.000000
301_CT_3-1,15,0.000000
301_CT_3-1,16,0.000000
301_CT_3-1,17,0.000000
301_CT_3-1,18,0.000000
301_CT_3-1,19,0.000000
301_CT_3-1,20,0.000000
301_CT_3-1,21,0.000000
301_CT_3-1,22,0.000000
301_CT_3-1,23,0.000000
301_CT_3-1,24,0.000000
301_CT_3-2,1,0.000000
301_CT_3-2,2,0.000000
301_CT_3-2,3,0.000000
301_CT_3-2,4,0.000000
301_CT_3-2,5,0.000000
301_CT_3-2,6,0.000000
301_CT_3-2,7,0.000000
301_CT_3-2,8,0.000000
301_CT_3-2,9,0.000000
301_CT_3-2,10,0.000000
301_CT_3-2,11,0.000000
301_CT_3-2,12,0.000000
301_CT_3-2,13,0.000000
301_CT_3-2,14,0.000000
301_CT_3-2,15,0.000000
301_CT_3-2,16,0.000000
301_CT_3-2,17,0.000000
301_CT_3-2,18,0.000000
301_CT_3-2,19,0.000000
301_CT_3-2,20,0.000000
301_CT_3-2,21,0.000000
301_CT_3-2,22,0.000000
301_CT_3-2,23,0.000000
301_CT_3-2,24,0.000000
301_CT_3-3,1,0.000000
301_CT_3-3,2,0.000000
301_CT_3-3,3,0.000000
301_CT_3-3,4,0.000000
301_CT_3-3,5,0.000000
301_CT_3-3,6,0.000000
301_CT_3-3,7,0.000000
301_CT_3-3,8,0.000000
301_CT_3-3,9,0.000000
301_CT_3-3,10,0.000000
301_CT_3-3,11,0.000000
301_CT_3-3,12,0.000000
301_CT_3-3,13,0.000000
301_CT_3-3,14,0.000000
301_CT_3-3,15,0.000000
301_CT_3-3,16,0.000000
301_CT_3-3,17,0.000000
301_CT_3-3,18,0.000000
301_CT_3-3,19,0.000000
301_CT_3-3,20,0.000000
301_CT_3-3,21,0.000000
301_CT_3-3,22,0.000000
301_CT_3-3,23,0.000000
301_CT_3-3,24,0.000000
301_CT_4-0,1,0.000000
301_CT_4-0,2,0.000000
301_CT_4-0,3,0.000000
301_CT_4-0,4,0.000000
301_CT_4-0,5,0.000000
301_CT_4-0,6,0.000000
301_CT_4-0,7,0.000000
301_CT_4-0,8,0.000000
301_CT_4-0,9,0.000000
301_CT_4-0,10,0.000000
301_CT_4-0,11,0.000000
301_CT_4-0,12,0.000000
301_CT_4-0,13,0.000000
301_CT_4-0,14,0.000000
301_CT_4-0,15,0.000000
301_CT_4-0,16,0.000000
301_CT_4-0,17,0.000000
301_CT_4-0,18,0.000000
301_CT_4-0,19,0.000000
301_CT_4-0,20,0.000000
301_CT_4-0,21,0.000000
301_CT_4-0,22,0.000000
301_CT_4-0,23,0.000000
301_CT_4-0,24,0.000000
301_CT_4-1,1,0.000000
301_CT_4-1,2,0.000000
301_CT_4-1,3,0.000000
301_CT_4-1,4,0.000000
301_CT_4-1,5,0.000000
301_CT_4-1,6,0.000000
301_CT_4-1,7,0.000000
301_CT_4-1,8,0.000000
301_CT_4-1,9,0.000000
301_CT_4-1,10,0.000000
301_CT_4-1,11,0.000000
301_CT_4-1,12,0.000000
301_CT_4-1,13,0.000000
301_CT_4-1,14,0.000000
301_CT_4-1,15,0.000000
301_CT_4-1,16,0.000000
301_CT_4-1,17,0.000000
301_CT_4-1,18,0.000000
301_CT_4-1,19,0.000000
301_CT_4-1,20,0.000000
301_CT_4-1,21,0.000000
301_CT_4-1,22,0.000000
301_CT_4-1,23,0.000000
301_CT_4-1,24,0.000000
301_CT_4-2,1,0.000000
301_CT_4-2,2,0.000000
301_CT_4-2,3,0.000000
301_CT_4-2,4,0.000000
301_CT_4-2,5,0.000000
301_CT_4-2,6,0.000000
301_CT_4-2,7,0.000000
301_CT_4-2,8,0.000000
301_CT_4-2,9,0.000000
301_CT_4-2,10,0.000000
301_CT_4-2,11,0.000000
301_CT_4-2,12,0.000000
301_CT_4-2,13,0.000000
301_CT_4-2,14,0.000000
301_CT_4-2,15,0.000000
301_CT_4-2,16,0.000000
301_CT_4-2,17,0.000000
301_CT_4-2,18,0.000000
301_CT_4-2,19,0.000000
301_CT_4-2,20,0.000000
301_CT_4-2,21,0.000000
301_CT_4-2,22,0.000000
301_CT_4-2,23,0.000000
301_CT_4-2,24,0.000000
301_CT_4-3,1,0.000000
301_CT_4-3,2,0.000000
301_CT_4-3,3,0.000000
301_CT_4-3,4,0.000000
301_CT_4-3,5,0.000000
301_CT_4-3,6,0.000000
301_CT_4-3,7,0.000000
301_CT_4-3,8,0.000000
301_CT_4-3,9,0.000000
301_CT_4-3,10,0.000000
301_CT_4-3,11,0.000000
301_CT_4-3,12,0.000000
301_CT_4-3,13,0.000000
301_CT_4-3,14,0.000000
301_CT_4-3,15,0.000000
301_CT_4-3,16,0.000000
301_CT_4-3,17,0.000000
301_CT_4-3,18,0.000000
301_CT_4-3,19,0.000000
301_CT_4-3,20,0.000000
301_CT_4-3,21,0.000000
301_CT_4-3,22,0.000000
301_CT_4-3,23,0.000000
301_CT_4-3,24,0.000000
302_CT_1-0,1,0.000000
302_CT_1-0,2,0.000000
302_CT_1-0,3,0.000000
302_CT_1-0,4,0.000000
302_CT_1-0,5,0.000000
302_CT_1-0,6,0.000000
302_CT_1-0,7,0.000000
302_CT_1-0,8,0.000000
302_CT_1-0,9,0.000000
302_CT_1-0,10,0.000000
302_CT_1-0,11,0.000000
302_CT_1-0,12,0.000000
302_CT_1-0,13,0.000000
302_CT_1-0,14,0.000000
302_CT_1-0,15,0.000000
302_CT_1-0,16,0.000000
302_CT_1-0,17,0.000000
302_CT_1-0,18,0.000000
302_CT_1-0,19,0.000000
302_CT_1-0,20,0.000000
302_CT_1-0,21,0.000000
302_CT_1-0,22,0.000000
302_CT_1-0,23,0.000000
302_CT_1-0,24,0.000000
302_CT_1-1,1,0.000000
302_CT_1-1,2,0.000000
302_CT_1-1,3,0.000000
302_CT_1-1,4,0.000000
302_CT_1-1,5,0.000000
302_CT_1-1,6,0.000000
302_CT_1-1,7,0.000000
302_CT_1-1,8,0.000000
302_CT_1-1,9,0.000000
302_CT_1-1,10,0.000000
302_CT_1-1,11,0.000000
302_CT_1-1,12,0.000000
302_CT_1-1,13,0.000000
302_CT_1-1,14,0.000000
302_CT_1-1,15,0.000000
302_CT_1-1,16,0.000000
302_CT_1-1,17,0.000000
302_CT_1-1,18,0.000000
302_CT_1-1,19,0.000000
302_CT_1-1,20,0.000000
302_CT_1-1,21,0.000000
302_CT_1-1,22,0.000000
302_CT_1-1,23,0.000000
302_CT_1-1,24,0.000000
302_CT_1-2,1,0.000000
302_CT_1-2,2,0.000000
302_CT_1-2,3,0.000000
302_CT_1-2,4,0.000000
302_CT_1-2,5,0.000000
302_CT_1-2,6,0.000000
302_CT_1-2,7,0.000000
302_CT_1-2,8,0.000000
302_CT_1-2,9,0.000000
302_CT_1-2,10,0.000000
302_CT_1-2,11,0.000000
302_CT_1-2,12,0.000000
302_CT_1-2,13,0.000000
302_CT_1-2,14,0.000000
302_CT_1-2,15,0.000000
302_CT_1-2,16,0.000000
302_CT_1-2,17,0.000000
302_CT_1-2,18,0.000000
302_CT_1-2,19,0.000000
302_CT_1-2,20,0.000000
302_CT_1-2,21,0.000000
302_CT_1-2,22,0.000000
302_CT_1-2,23,0.000000
302_CT_1-2,24,0.000000
302_CT_1-3,1,0.000000
302_CT_1-3,2,0.000000
302_CT_1-3,3,0.000000
302_CT_1-3,4,0.000000
302_CT_1-3,5,0.000000
302_CT_1-3,6,0.000000
302_CT_1-3,7,0.000000
302_CT_1-3,8,0.000000
302_CT_1-3,9,0.000000
302_CT_1-3,10,0.000000
302_CT_1-3,11,0.000000
302_CT_1-3,12,0.000000
302_CT_1-3,13,0.000000
302_CT_1-3,14,0.000000
302_CT_1-3,15,0.000000
302_CT_1-3,16,0.000000
302_CT_1-3,17,0.000000
302_CT_1-3,18,0.000000
302_CT_1-3,19,0.000000
302_CT_1-3,20,0.000000
302_CT_1-3,21,0.000000
302_CT_1-3,22,0.000000
302_CT_1-3,23,0.000000
302_CT_1-3,24,0.000000
302_CT_2-0,1,0.000000
302_CT_2-0,2,0.000000
302_CT_2-0,3,0.000000
302_CT_2-0,4,0.000000
302_CT_2-0,5,0.000000
302_CT_2-0,6,0.000000
302_CT_2-0,7,0.000000
302_CT_2-0,8,0.000000
302_CT_2-0,9,0.000000
302_CT_2-0,10,0.000000
302_CT_2-0,11,0.000000
302_CT_2-0,12,0.000000
302_CT_2-0,13,0.000000
302_CT_2-0,14,0.000000
302_CT_2-0,15,0.000000
302_CT_2-0,16,0.000000
302_CT_2-0,17,0.000000
302_CT_2-0,18,0.000000
302_CT_2-0,19,0.000000
302_CT_2-0,20,0.000000
302_CT_2-0,21,0.000000
302_CT_2-0,22,0.000000
302_CT_2-0,23,0.000000
302_CT_2-0,24,0.000000
302_CT_2-1,1,0.000000
302_CT_2-1,2,0.000000
302_CT_2-1,3,0.000000
302_CT_2-1,4,0.000000
302_CT_2-1,5,0.000000
302_CT_2-1,6,0.000000
302_CT_2-1,7,0.000000
302_CT_2-1,8,0.000000
302_CT_2-1,9,0.000000
302_CT_2-1,10,0.000000
302_CT_2-1,11,0.000000
302_CT_2-1,12,0.000000
302_CT_2-1,13,0.000000
302_CT_2-1,14,0.000000
302_CT_2-1,15,0.000000
302_CT_2-1,16,0.000000
302_CT_2-1,17,0.000000
302_CT_2-1,18,0.000000
302_CT_2-1,19,0.000000
302_CT_2-1,20,0.000000
302_CT_2-1,21,0.000000
302_CT_2-1,22,0.000000
302_CT_2-1,23,0.000000
302_CT_2-1,24,0.000000
302_CT_2-2,1,0.000000
302_CT_2-2,2,0.000000
302_CT_2-2,3,0.000000
302_CT_2-2,4,0.000000
302_CT_2-2,5,0.000000
302_CT_2-2,6,0.000000
302_CT_2-2,7,0.000000
302_CT_2-2,8,0.000000
302_CT_2-2,9,0.000000
302_CT_2-2,10,0.000000
302_CT_2-2,11,0.000000
302_CT_2-2,12,0.000000
302_CT_2-2,13,0.000000
302_CT_2-2,14,0.000000
302_CT_2-2,15,0.000000
302_CT_2-2,16,0.000000
302_CT_2-2,17,0.000000
302_CT_2-2,18,0.000000
302_CT_2-2,19,0.000000
302_CT_2-2,20,0.000000
302_CT_2-2,21,0.000000
302_CT_2-2,22,0.000000
302_CT_2-2,23,0.000000
302_CT_2-2,24,0.000000
302_CT_2-3,1,0.000000
302_CT_2-3,2,0.000000
302_CT_2-3,3,0.000000
302_CT_2-3,4,0.000000
302_CT_2-3,5,0.000000
302_CT_2-3,6,0.000000
302_CT_2-3,7,0.000000
302_CT_2-3,8,0.000000
302_CT_2-3,9,0.000000
302_CT_2-3,10,0.000000
302_CT_2-3,11,0.000000
302_CT_2-3,12,0.000000
302_CT_2-3,13,0.000000
302_CT_2-3,14,0.000000
302_CT_2-3,15,0.000000
302_CT_2-3,16,0.000000
302_CT_2-3,17,0.000000
302_CT_2-3,18,0.000000
302_CT_2-3,19,0.000000
302_CT_2-3,20,0.000000
302_CT_2-3,21,0.000000
302_CT_2-3,22,0.000000
302_CT_2-3,23,0.000000
302_CT_2-3,24,0.000000
302_CT_3-0,1,0.000000
302_CT_3-0,2,0.000000
302_CT_3-0,3,0.000000
302_CT_3-0,4,0.000000
302_CT_3-0,5,0.000000
302_CT_3-0,6,0.000000
302_CT_3-0,7,0.000000
302_CT_3-0,8,0.000000
302_CT_3-0,9,0.000000
302_CT_3-0,10,0.000000
302_CT_3-0,11,0.000000
302_CT_3-0,12,0.000000
302_CT_3-0,13,0.000000
302_CT_3-0,14,0.000000
302_CT_3-0,15,0.000000
302_CT_3-0,16,0.000000
302_CT_3-0,17,0.000000
302_CT_3-0,18,0.000000
302_CT_3-0,19,0.000000
302_CT_3-0,20,0.000000
302_CT_3-0,21,0.000000
302_CT_3-0,22,0.000000
302_CT_3-0,23,0.000000
302_CT_3-0,24,0.000000
302_CT_3-1,1,0.000000
302_CT_3-1,2,0.000000
302_CT_3-1,3,0.000000
302_CT_3-1,4,0.000000
302_CT_3-1,5,0.000000
302_CT_3-1,6,0.000000
302_CT_3-1,7,0.000000
302_CT_3-1,8,0.000000
302_CT_3-1,9,0.000000
302_CT_3-1,10,0.000000
302_CT_3-1,11,0.000000
302_CT_3-1,12,0.000000
302_CT_3-1,13,0.000000
302_CT_3-1,14,0.000000
302_CT_3-1,15,0.000000
302_CT_3-1,16,0.000000
302_CT_3-1,17,0.000000
302_CT_3-1,18,0.000000
302_CT_3-1,19,0.000000
302_CT_3-1,20,0.000000
302_CT_3-1,21,0.000000
302_CT_3-1,22,0.000000
302_CT_3-1,23,0.000000
302_CT_3-1,24,0.000000
302_CT_3-2,1,0.000000
302_CT_3-2,2,0.000000
302_CT_3-2,3,0.000000
302_CT_3-2,4,0.000000
302_CT_3-2,5,0.000000
302_CT_3-2,6,0.000000
302_CT_3-2,7,0.000000
302_CT_3-2,8,0.000000
302_CT_3-2,9,0.000000
302_CT_3-2,10,0.000000
302_CT_3-2,11,0.000000
302_CT_3-2,12,0.000000
302_CT_3-2,13,0.000000
302_CT_3-2,14,0.000000
302_CT_3-2,15,0.000000
302_CT_3-2,16,0.000000
302_CT_3-2,17,0.000000
302_CT_3-2,18,0.000000
302_CT_3-2,19,0.000000
302_CT_3-2,20,0.000000
302_CT_3-2,21,0.000000
302_CT_3-2,22,0.000000
302_CT_3-2,23,0.000000
302_CT_3-2,24,0.000000
302_CT_3-3,1,0.000000
302_CT_3-3,2,0.000000
302_CT_3-3,3,0.000000
302_CT_3-3,4,0.000000
302_CT_3-3,5,0.000000
302_CT_3-3,6,0.000000
302_CT_3-3,7,0.000000
302_CT_3-3,8,0.000000
302_CT_3-3,9,0.000000
302_CT_3-3,10,0.000000
302_CT_3-3,11,0.000000
302_CT_3-3,12,0.000000
302_CT_3-3,13,0.000000
302_CT_3-3,14,0.000000
302_CT_3-3,15,0.000000
302_CT_3-3,16,0.000000
302_CT_3-3,17,0.000000
302_CT_3-3,18,0.000000
302_CT_3-3,19,0.000000
302_CT_3-3,20,0.000000
302_CT_3-3,21,0.000000
302_CT_3-3,22,0.000000
302_CT_3-3,23,0.000000
302_CT_3-3,24,0.000000
302_CT_4-0,1,0.000000
302_CT_4-0,2,0.000000
302_CT_4-0,3,0.000000
302_CT_4-0,4,0.000000
302_CT_4-0,5,0.000000
302_CT_4-0,6,0.000000
302_CT_4-0,7,0.000000
302_CT_4-0,8,0.000000
302_CT_4-0,9,0.000000
302_CT_4-0,10,0.000000
302_CT_4-0,11,0.000000
302_CT_4-0,12,0.000000
302_CT_4-0,13,0.000000
302_CT_4-0,14,0.000000
302_CT_4-0,15,0.000000
302_CT_4-0,16,0.000000
302_CT_4-0,17,0.000000
302_CT_4-0,18,0.000000
302_CT_4-0,19,0.000000
302_CT_4-0,20,0.000000
302_CT_4-0,21,0.000000
302_CT_4-0,22,0.000000
302_CT_4-0,23,0.000000
302_CT_4-0,24,0.000000
302_CT_4-1,1,0.000000
302_CT_4-1,2,0.000000
302_CT_4-1,3,0.000000
302_CT_4-1,4,0.000000
302_CT_4-1,5,0.000000
302_CT_4-1,6,0.000000
302_CT_4-1,7,0.000000
302_CT_4-1,8,0.000000
302_CT_4-1,9,0.000000
302_CT_4-1,10,0.000000
302_CT_4-1,11,0.000000
302_CT_4-1,12,0.000000
302_CT_4-1,13,0.000000
302_CT_4-1,14,0.000000
302_CT_4-1,15,0.000000
302_CT_4-1,16,0.000000
302_CT_4-1,17,0.000000
302_CT_4-1,18,0.000000
302_CT_4-1,19,0.000000
302_CT_4-1,20,0.000000
302_CT_4-1,21,0.000000
302_CT_4-1,22,0.000000
302_CT_4-1,23,0.000000
302_CT_4-1,24,0.000000
302_CT_4-2,1,0.000000
302_CT_4-2,2,0.000000
302_CT_4-2,3,0.000000
302_CT_4-2,4,0.000000
302_CT_4-2,5,0.000000
302_CT_4-2,6,0.000000
302_CT_4-2,7,0.000000
302_CT_4-2,8,0.000000
302_CT_4-2,9,0.000000
302_CT_4-2,10,0.000000
302_CT_4-2,11,0.000000
302_CT_4-2,12,0.000000
302_CT_4-2,13,0.000000
302_CT_4-2,14,0.000000
302_CT_4-2,15,0.000000
302_CT_4-2,16,0.000000
302_CT_4-2,17,0.000000
302_CT_4-2,18,0.000000
302_CT_4-2,19,0.000000
302_CT_4-2,20,0.000000
302_CT_4-2,21,0.000000
302_CT_4-2,22,0.000000
302_CT_4-2,23,0.000000
302_CT_4-2,24,0.000000
302_CT_4-3,1,0.000000
302_CT_4-3,2,0.000000
302_CT_4-3,3,0.000000
302_CT_4-3,4,0.000000
302_CT_4-3,5,0.000000
302_CT_4-3,6,0.000000
302_CT_4-3,7,0.000000
302_CT_4-3,8,0.000000
302_CT_4-3,9,0.000000
302_CT_4-3,10,0.000000
302_CT_4-3,11,0.000000
302_CT_4-3,12,0.000000
302_CT_4-3,13,0.000000
302_CT_4-3,14,0.000000
302_CT_4-3,15,0.000000
302_CT_4-3,16,0.000000
302_CT_4-3,17,0.000000
302_CT_4-3,18,0.000000
302_CT_4-3,19,0.000000
302_CT_4-3,20,0.000000
302_CT_4-3,21,0.000000
302_CT_4-3,22,0.000000
302_CT_4-3,23,0.000000
302_CT_4-3,24,0.000000
307_CT_1-0,1,0.000000
307_CT_1-0,2,0.000000
307_CT_1-0,3,0.000000
307_CT_1-0,4,0.000000
307_CT_1-0,5,0.000000
307_CT_1-0,6,0.000000
307_CT_1-0,7,0.000000
307_CT_1-0,8,0.000000
307_CT_1-0,9,0.000000
307_CT_1-0,10,0.000000
307_CT_1-0,11,0.000000
307_CT_1-0,12,0.000000
307_CT_1-0,13,0.000000
307_CT_1-0,14,0.000000
307_CT_1-0,15,0.000000
307_CT_1-0,16,0.000000
307_CT_1-0,17,0.000000
307_CT_1-0,18,0.000000
307_CT_1-0,19,22.000000
307_CT_1-0,20,22.000000
307_CT_1-0,21,22.000000
307_CT_1-0,22,0.000000
307_CT_1-0,23,0.000000
307_CT_1-0,24,0.000000
307_CT_1-1,1,0.000000
307_CT_1-1,2,0.000000
307_CT_1-1,3,0.000000
307_CT_1-1,4,0.000000
307_CT_1-1,5,0.000000
307_CT_1-1,6,0.000000
307_CT_1-1,7,0.000000
307_CT_1-1,8,0.000000
307_CT_1-1,9,0.000000
307_CT_1-1,10,0.000000
307_CT_1-1,11,0.000000
307_CT_1-1,12,0.000000
307_CT_1-1,13,0.000000
307_CT_1-1,14,0.000000
307_CT_1-1,15,0.000000
307_CT_1-1,16,0.000000
307_CT_1-1,17,0.000000
307_CT_1-1,18,0.000000
307_CT_1-1,19,11.000000
307_CT_1-1,20,11.000000
307_CT_1-1,21,11.000000
307_CT_1-1,22,0.000000
307_CT_1-1,23,0.000000
307_CT_1-1,24,0.000000
307_CT_1-2,1,0.000000
307_CT_1-2,2,0.000000
307_CT_1-2,3,0.000000
307_CT_1-2,4,0.000000
307_CT_1-2,5,0.000000
307_CT_1-2,6,0.000000
307_CT_1-2,7,0.000000
307_CT_1-2,8,0.000000
307_CT_1-2,9,0.000000
307_CT_1-2,10,0.000000
307_CT_1-2,11,0.000000
307_CT_1-2,12,0.000000
307_CT_1-2,13,0.000000
307_CT_1-2,14,0.000000
307_CT_1-2,15,0.000000
307_CT_1-2,16,0.000000
307_CT_1-2,17,0.000000
307_CT_1-2,18,0.000000
307_CT_1-2,19,11.000000
307_CT_1-2,20,11.000000
307_CT_1-2,21,11.000000
307_CT_1-2,22,0.000000
307_CT_1-2,23,0.000000
307_CT_1-2,24,0.000000
307_CT_1-3,1,0.000000
307_CT_1-3,2,0.000000
307_CT_1-3,3,0.000000
307_CT_1-3,4,0.000000
307_CT_1-3,5,0.000000
307_CT_1-3,6,0.000000
307_CT_1-3,7,0.000000
307_CT_1-3,8,0.000000
307_CT_1-3,9,0.000000
307_CT_1-3,10,0.000000
307_CT_1-3,11,0.000000
307_CT_1-3,12,0.000000
307_CT_1-3,13,0.000000
307_CT_1-3,14,0.000000
307_CT_1-3,15,0.000000
307_CT_1-3,16,0.000000
307_CT_1-3,17,0.000000
307_CT_1-3,18,0.000000
307_CT_1-3,19,11.000000
307_CT_1-3,20,0.000000
307_CT_1-3,21,0.000000
307_CT_1-3,22,0.000000
307_CT_1-3,23,0.000000
307_CT_1-3,24,0.000000
307_CT_2-0,1,0.000000
307_CT_2-0,2,0.000000
307_CT_2-0,3,0.000000
307_CT_2-0,4,0.000000
307_CT_2-0,5,0.000000
307_CT_2-0,6,0.000000
307_CT_2-0,7,0.000000
307_CT_2-0,8,0.000000
307_CT_2-0,9,0.000000
307_CT_2-0,10,0.000000
307_CT_2-0,11,0.000000
307_CT_2-0,12,0.000000
307_CT_2-0,13,0.000000
307_CT_2-0,14,0.000000
307_CT_2-0,15,0.000000
307_CT_2-0,16,0.000000
307_CT_2-0,17,0.000000
307_CT_2-0,18,0.000000
307_CT_2-0,19,22.000000
307_CT_2-0,20,22.000000
307_CT_2-0,21,22.000000
307_CT_2-0,22,9.000757
307_CT_2-0,23,0.000000
307_CT_2-0,24,0.000000
307_CT_2-1,1,0.000000
307_CT_2-1,2,0.000000
307_CT_2-1,3,0.000000
307_CT_2-1,4,0.000000
307_CT_2-1,5,0.000000
307_CT_2-1,6,0.000000
307_CT_2-1,7,0.000000
307_CT_2-1,8,0.000000
307_CT_2-1,9,0.000000
307_CT_2-1,10,0.000000
307_CT_2-1,11,0.000000
307_CT_2-1,12,0.000000
307_CT_2-1,13,0.000000
307_CT_2-1,14,0.000000
307_CT_2-1,15,0.000000
307_CT_2-1,16,0.000000
307_CT_2-1,17,0.000000
307_CT_2-1,18,0.000000
307_CT_2-1,19,11.000000
307_CT_2-1,20,11.000000
307_CT_2-1,21,11.000000
307_CT_2-1,22,0.000000
307_CT_2-1,23,0.000000
307_CT_2-1,24,0.000000
307_CT_2-2,1,0.000000
307_CT_2-2,2,0.000000
307_CT_2-2,3,0.000000
307_CT_2-2,4,0.000000
307_CT_2-2,5,0.000000
307_CT_2-2,6,0.000000
307_CT_2-2,7,0.000000
307_CT_2-2,8,0.000000
307_CT_2-2,9,0.000000
307_CT_2-2,10,0.000000
307_CT_2-2,11,0.000000
307_CT_2-2,12,0.000000
307_CT_2-2,13,0.000000
307_CT_2-2,14,0.000000
307_CT_2-2,15,0.000000
307_CT_2-2,16,0.000000
307_CT_2-2,17,0.000000
307_CT_2-2,18,0.000000
307_CT_2-2,19,11.000000
307_CT_2-2,20,11.000000
307_CT_2-2,21,11.000000
307_CT_2-2,22,0.000000
307_CT_2-2,23,0.000000
307_CT_2-2,24,0.000000
307_CT_2-3,1,0.000000
307_CT_2-3,2,0.000000
307_CT_2-3,3,0.000000
307_CT_2-3,4,0.000000
307_CT_2-3,5,0.000000
307_CT_2-3,6,0.000000
307_CT_2-3,7,0.000000
307_CT_2-3,8,0.000000
307_CT_2-3,9,0.000000
307_CT_2-3,10,0.000000
307_CT_2-3,11,0.000000
307_CT_2-3,12,0.000000
307_CT_2-3,13,0.000000
307_CT_2-3,14,0.000000
307_CT_2-3,15,0.000000
307_CT_2-3,16,0.000000
307_CT_2-3,17,0.000000
307_CT_2-3,18,0.000000
307_CT_2-3,19,11.000000
307_CT_2-3,20,0.000000
307_CT_2-3,21,0.000000
307_CT_2-3,22,0.000000
307_CT_2-3,23,0.000000
307_CT_2-3,24,0.000000
313_CC_1-0,1,170.000000
313_CC_1-0,2,170.000000
313_CC_1-0,3,170.000000
313_CC_1-0,4,170.000000
313_CC_1-0,5,170.000000
313_CC_1-0,6,170.000000
313_CC_1-0,7,0.000000
313_CC_1-0,8,0.000000
313_CC_1-0,9,170.000000
313_CC_1-0,10,170.000000
313_CC_1-0,11,170.000000
313_CC_1-0,12,170.000000
313_CC_1-0,13,170.000000
313_CC_1-0,14,170.000000
313_CC_1-0,15,170.000000
313_CC_1-0,16,170.000000
313_CC_1-0,17,170.000000
313_CC_1-0,18,170.000000
313_CC_1-0,19,170.000000
313_CC_1-0,20,170.000000
313_CC_1-0,21,170.000000
313_CC_1-0,22,170.000000
313_CC_1-0,23,16.252325
313_CC_1-0,24,0.000000
313_CC_1-1,1,61.666667
313_CC_1-1,2,61.666667
313_CC_1-1,3,61.666667
313_CC_1-1,4,61.666667
313_CC_1-1,5,61.666667
313_CC_1-1,6,61.666667
313_CC_1-1,7,0.000000
313_CC_1-1,8,0.000000
313_CC_1-1,9,61.666667
313_CC_1-1,10,61.666667
313_CC_1-1,11,61.666667
313_CC_1-1,12,61.666667
313_CC_1-1,13,61.666667
313_CC_1-1,14,61.666667
313_CC_1-1,15,61.666667
313_CC_1-1,16,61.666667
313_CC_1-1,17,61.666667
313_CC_1-1,18,61.666667
313_CC_1-1,19,61.666667
313_CC_1-1,20,61.666667
313_CC_1-1,21,61.666667
313_CC_1-1,22,61.666667
313_CC_1-1,23,0.000000
313_CC_1-1,24,0.000000
313_CC_1-2,1,0.000000
313_CC_1-2,2,0.000000
313_CC_1-2,3,0.000000
313_CC_1-2,4,0.000000
313_CC_1-2,5,0.000000
313_CC_1-2,6,0.000000
313_CC_1-2,7,0.000000
313_CC_1-2,8,0.000000
313_CC_1-2,9,0.000000
313_CC_1-2,10,0.000000
313_CC_1-2,11,0.000000
313_CC_1-2,12,0.000000
313_CC_1-2,13,0.000000
313_CC_1-2,14,0.000000
313_CC_1-2,15,61.666667
313_CC_1-2,16,61.666667
313_CC_1-2,17,61.666667
313_CC_1-2,18,0.000000
313_CC_1-2,19,61.666667
313_CC_1-2,20,61.666667
313_CC_1-2,21,61.666667
313_CC_1-2,22,0.000000
313_CC_1-2,23,0.000000
313_CC_1-2,24,0.000000
313_CC_1-3,1,0.000000
313_CC_1-3,2,0.000000
313_CC_1-3,3,0.000000
313_CC_1-3,4,0.000000
313_CC_1-3,5,0.000000
313_CC_1-3,6,0.000000
313_CC_1-3,7,0.000000
313_CC_1-3,8,0.000000
313_CC_1-3,9,0.000000
313_CC_1-3,10,0.000000
313_CC_1-3,11,0.000000
313_CC_1-3,12,0.000000
313_CC_1-3,13,0.000000
313_CC_1-3,14,0.000000
313_CC_1-3,15,0.000000
313_CC_1-3,16,0.000000
313_CC_1-3,17,0.000000
313_CC_1-3,18,0.000000
313_CC_1-3,19,0.000000
313_CC_1-3,20,0.000000
313_CC_1-3,21,0.000000
313_CC_1-3,22,0.000000
313_CC_1-3,23,0.000000
313_CC_1-3,24,0.000000
315_STEAM_1-0,1,0.000000
315_STEAM_1-0,2,0.000000
315_STEAM_1-0,3,0.000000
315_STEAM_1-0,4,0.000000
315_STEAM_1-0,5,0.000000
315_STEAM_1-0,6,0.000000
315_STEAM_1-0,7,0.000000
315_STEAM_1-0,8,0.000000
315_STEAM_1-0,9,0.000000
315_STEAM_1-0,10,0.000000
315_STEAM_1-0,11,0.000000
315_STEAM_1-0,12,0.000000
315_STEAM_1-0,13,0.000000
315_STEAM_1-0,14,0.000000
315_STEAM_1-0,15,0.000000
315_STEAM_1-0,16,0.000000
315_STEAM_1-0,17,0.000000
315_STEAM_1-0,18,0.000000
315_STEAM_1-0,19,0.000000
315_STEAM_1-0,20,0.000000
315_STEAM_1-0,21,0.000000
315_STEAM_1-0,22,0.000000
315_STEAM_1-0,23,0.000000
315_STEAM_1-0,24,0.000000
315_STEAM_1-1,1,0.000000
315_STEAM_1-1,2,0.000000
315_STEAM_1-1,3,0.000000
315_STEAM_1-1,4,0.000000
315_STEAM_1-1,5,0.000000
315_STEAM_1-1,6,0.000000
315_STEAM_1-1,7,0.000000
315_STEAM_1-1,8,0.000000
315_STEAM_1-1,9,0.000000
315_STEAM_1-1,10,0.000000
315_STEAM_1-1,11,0.000000
315_STEAM_1-1,12,0.000000
315_STEAM_1-1,13,0.000000
315_STEAM_1-1,14,0.000000
315_STEAM_1-1,15,0.000000
315_STEAM_1-1,16,0.000000
315_STEAM_1-1,17,0.000000
315_STEAM_1-1,18,0.000000
315_STEAM_1-1,19,0.000000
315_STEAM_1-1,20,0.000000
315_STEAM_1-1,21,0.000000
315_STEAM_1-1,22,0.000000
315_STEAM_1-1,23,0.000000
315_STEAM_1-1,24,0.000000
315_STEAM_1-2,1,0.000000
315_STEAM_1-2,2,0.000000
315_STEAM_1-2,3,0.000000
315_STEAM_1-2,4,0.000000
315_STEAM_1-2,5,0.000000
315_STEAM_1-2,6,0.000000
315_STEAM_1-2,7,0.000000
315_STEAM_1-2,8,0.000000
315_STEAM_1-2,9,0.000000
315_STEAM_1-2,10,0.000000
315_STEAM_1-2,11,0.000000
315_STEAM_1-2,12,0.000000
315_STEAM_1-2,13,0.000000
315_STEAM_1-2,14,0.000000
315_STEAM_1-2,15,0.000000
315_STEAM_1-2,16,0.000000
315_STEAM_1-2,17,0.000000
315_STEAM_1-2,18,0.000000
315_STEAM_1-2,19,0.000000
315_STEAM_1-2,20,0.000000
315_STEAM_1-2,21,0.000000
315_STEAM_1-2,22,0.000000
315_STEAM_1-2,23,0.000000
315_STEAM_1-2,24,0.000000
315_STEAM_1-3,1,0.000000
315_STEAM_1-3,2,0.000000
315_STEAM_1-3,3,0.000000
315_STEAM_1-3,4,0.000000
315_STEAM_1-3,5,0.000000
315_STEAM_1-3,6,0.000000
315_STEAM_1-3,7,0.000000
315_STEAM_1-3,8,0.000000
315_STEAM_1-3,9,0.000000
315_STEAM_1-3,10,0.000000
315_STEAM_1-3,11,0.000000
315_STEAM_1-3,12,0.000000
315_STEAM_1-3,13,0.000000
315_STEAM_1-3,14,0.000000
315_STEAM_1-3,15,0.000000
315_STEAM_1-3,16,0.000000
315_STEAM_1-3,17,0.000000
315_STEAM_1-3,18,0.000000
315_STEAM_1-3,19,0.000000
315_STEAM_1-3,20,0.000000
315_STEAM_1-3,21,0.000000
315_STEAM_1-3,22,0.000000
315_STEAM_1-3,23,0.000000
315_STEAM_1-3,24,0.000000
315_STEAM_2-0,1,0.000000
315_STEAM_2-0,2,0.000000
315_STEAM_2-0,3,0.000000
315_STEAM_2-0,4,0.000000
315_STEAM_2-0,5,0.000000
315_STEAM_2-0,6,0.000000
315_STEAM_2-0,7,0.000000
315_STEAM_2-0,8,0.000000
315_STEAM_2-0,9,0.000000
315_STEAM_2-0,10,0.000000
315_STEAM_2-0,11,0.000000
315_STEAM_2-0,12,0.000000
315_STEAM_2-0,13,0.000000
315_STEAM_2-0,14,0.000000
315_STEAM_2-0,15,0.000000
315_STEAM_2-0,16,0.000000
315_STEAM_2-0,17,0.000000
315_STEAM_2-0,18,0.000000
315_STEAM_2-0,19,0.000000
315_STEAM_2-0,20,0.000000
315_STEAM_2-0,21,0.000000
315_STEAM_2-0,22,0.000000
315_STEAM_2-0,23,0.000000
315_STEAM_2-0,24,0.000000
315_STEAM_2-1,1,0.000000
315_STEAM_2-1,2,0.000000
315_STEAM_2-1,3,0.000000
315_STEAM_2-1,4,0.000000
315_STEAM_2-1,5,0.000000
315_STEAM_2-1,6,0.000000
315_STEAM_2-1,7,0.000000
315_STEAM_2-1,8,0.000000
315_STEAM_2-1,9,0.000000
315_STEAM_2-1,10,0.000000
315_STEAM_2-1,11,0.000000
315_STEAM_2-1,12,0.000000
315_STEAM_2-1,13,0.000000
315_STEAM_2-1,14,0.000000
315_STEAM_2-1,15,0.000000
315_STEAM_2-1,16,0.000000
315_STEAM_2-1,17,0.000000
315_STEAM_2-1,18,0.000000
315_STEAM_2-1,19,0.000000
315_STEAM_2-1,20,0.000000
315_STEAM_2-1,21,0.000000
315_STEAM_2-1,22,0.000000
315_STEAM_2-1,23,0.000000
315_STEAM_2-1,24,0.000000
315_STEAM_2-2,1,0.000000
315_STEAM_2-2,2,0.000000
315_STEAM_2-2,3,0.000000
315_STEAM_2-2,4,0.000000
315_STEAM_2-2,5,0.000000
315_STEAM_2-2,6,0.000000
315_STEAM_2-2,7,0.000000
315_STEAM_2-2,8,0.000000
315_STEAM_2-2,9,0.000000
315_STEAM_2-2,10,0.000000
315_STEAM_2-2,11,0.000000
315_STEAM_2-2,12,0.000000
315_STEAM_2-2,13,0.000000
315_STEAM_2-2,14,0.000000
315_STEAM_2-2,15,0.000000
315_STEAM_2-2,16,0.000000
315_STEAM_2-2,17,0.000000
315_STEAM_2-2,18,0.000000
315_STEAM_2-2,19,0.000000
315_STEAM_2-2,20,0.000000
315_STEAM_2-2,21,0.000000
315_STEAM_2-2,22,0.000000
315_STEAM_2-2,23,0.000000
315_STEAM_2-2,24,0.000000
315_STEAM_2-3,1,0.000000
315_STEAM_2-3,2,0.000000
315_STEAM_2-3,3,0.000000
315_STEAM_2-3,4,0.000000
315_STEAM_2-3,5,0.000000
315_STEAM_2-3,6,0.000000
315_STEAM_2-3,7,0.000000
315_STEAM_2-3,8,0.000000
315_STEAM_2-3,9,0.000000
315_STEAM_2-3,10,0.000000
315_STEAM_2-3,11,0.000000
315_STEAM_2-3,12,0.000000
315_STEAM_2-3,13,0.000000
315_STEAM_2-3,14,0.000000
315_STEAM_2-3,15,0.000000
315_STEAM_2-3,16,0.000000
315_STEAM_2-3,17,0.000000
315_STEAM_2-3,18,0.000000
315_STEAM_2-3,19,0.000000
315_STEAM_2-3,20,0.000000
315_STEAM_2-3,21,0.000000
315_STEAM_2-3,22,0.000000
315_STEAM_2-3,23,0.000000
315_STEAM_2-3,24,0.000000
315_STEAM_3-0,1,0.000000
315_STEAM_3-0,2,0.000000
315_STEAM_3-0,3,0.000000
315_STEAM_3-0,4,0.000000
315_STEAM_3-0,5,0.000000
315_STEAM_3-0,6,0.000000
315_STEAM_3-0,7,0.000000
315_STEAM_3-0,8,0.000000
315_STEAM_3-0,9,0.000000
315_STEAM_3-0,10,0.000000
315_STEAM_3-0,11,0.000000
315_STEAM_3-0,12,0.000000
315_STEAM_3-0,13,0.000000
315_STEAM_3-0,14,0.000000
315_STEAM_3-0,15,0.000000
315_STEAM_3-0,16,0.000000
315_STEAM_3-0,17,0.000000
315_STEAM_3-0,18,0.000000
315_STEAM_3-0,19,0.000000
315_STEAM_3-0,20,0.000000
315_STEAM_3-0,21,0.000000
315_STEAM_3-0,22,0.000000
315_STEAM_3-0,23,0.000000
315_STEAM_3-0,24,0.000000
315_STEAM_3-1,1,0.000000
315_STEAM_3-1,2,0.000000
315_STEAM_3-1,3,0.000000
315_STEAM_3-1,4,0.000000
315_STEAM_3-1,5,0.000000
315_STEAM_3-1,6,0.000000
315_STEAM_3-1,7,0.000000
315_STEAM_3-1,8,0.000000
315_STEAM_3-1,9,0.000000
315_STEAM_3-1,10,0.000000
315_STEAM_3-1,11,0.000000
315_STEAM_3-1,12,0.000000
315_STEAM_3-1,13,0.000000
315_STEAM_3-1,14,0.000000
315_STEAM_3-1,15,0.000000
315_STEAM_3-1,16,0.000000
315_STEAM_3-1,17,0.000000
315_STEAM_3-1,18,0.000000
315_STEAM_3-1,19,0.000000
315_STEAM_3-1,20,0.000000
315_STEAM_3-1,21,0.000000
315_STEAM_3-1,22,0.000000
315_STEAM_3-1,23,0.000000
315_STEAM_3-1,24,0.000000
315_STEAM_3-2,1,0.000000
315_STEAM_3-2,2,0.000000
315_STEAM_3-2,3,0.000000
315_STEAM_3-2,4,0.000000
315_STEAM_3-2,5,0.000000
315_STEAM_3-2,6,0.000000
315_STEAM_3-2,7,0.000000
315_STEAM_3-2,8,0.000000
315_STEAM_3-2,9,0.000000
315_STEAM_3-2,10,0.000000
315_STEAM_3-2,11,0.000000
315_STEAM_3-2,12,0.000000
315_STEAM_3-2,13,0.000000
315_STEAM_3-2,14,0.000000
315_STEAM_3-2,15,0.000000
315_STEAM_3-2,16,0.000000
315_STEAM_3-2,17,0.000000
315_STEAM_3-2,18,0.000000
315_STEAM_3-2,19,0.000000
315_STEAM_3-2,20,0.000000
315_STEAM_3-2,21,0.000000
315_STEAM_3-2,22,0.000000
315_STEAM_3-2,23,0.000000
315_STEAM_3-2,24,0.000000
315_STEAM_3-3,1,0.000000
315_STEAM_3-3,2,0.000000
315_STEAM_3-3,3,0.000000
315_STEAM_3-3,4,0.000000
315_STEAM_3-3,5,0.000000
315_STEAM_3-3,6,0.000000
315_STEAM_3-3,7,0.000000
315_STEAM_3-3,8,0.000000
315_STEAM_3-3,9,0.000000
315_STEAM_3-3,10,0.000000
315_STEAM_3-3,11,0.000000
315_STEAM_3-3,12,0.000000
315_STEAM_3-3,13,0.000000
315_STEAM_3-3,14,0.000000
315_STEAM_3-3,15,0.000000
315_STEAM_3-3,16,0.000000
315_STEAM_3-3,17,0.000000
315_STEAM_3-3,18,0.000000
315_STEAM_3-3,19,0.000000
315_STEAM_3-3,20,0.000000
315_STEAM_3-3,21,0.000000
315_STEAM_3-3,22,0.000000
315_STEAM_3-3,23,0.000000
315_STEAM_3-3,24,0.000000
315_STEAM_4-0,1,0.000000
315_STEAM_4-0,2,0.000000
315_STEAM_4-0,3,0.000000
315_STEAM_4-0,4,0.000000
315_STEAM_4-0,5,0.000000
315_STEAM_4-0,6,0.000000
315_STEAM_4-0,7,0.000000
315_STEAM_4-0,8,0.000000
315_STEAM_4-0,9,0.000000
315_STEAM_4-0,10,0.000000
315_STEAM_4-0,11,0.000000
315_STEAM_4-0,12,0.000000
315_STEAM_4-0,13,0.000000
315_STEAM_4-0,14,0.000000
315_STEAM_4-0,15,0.000000
315_STEAM_4-0,16,0.000000
315_STEAM_4-0,17,0.000000
315_STEAM_4-0,18,0.000000
315_STEAM_4-0,19,0.000000
315_STEAM_4-0,20,0.000000
315_STEAM_4-0,21,0.000000
315_STEAM_4-0,22,0.000000
315_STEAM_4-0,23,0.000000
315_STEAM_4-0,24,0.000000
315_STEAM_4-1,1,0.000000
315_STEAM_4-1,2,0.000000
315_STEAM_4-1,3,0.000000
315_STEAM_4-1,4,0.000000
315_STEAM_4-1,5,0.000000
315_STEAM_4-1,6,0.000000
315_STEAM_4-1,7,0.000000
315_STEAM_4-1,8,0.000000
315_STEAM_4-1,9,0.000000
315_STEAM_4-1,10,0.000000
315_STEAM_4-1,11,0.000000
315_STEAM_4-1,12,0.000000
315_STEAM_4-1,13,0.000000
315_STEAM_4-1,14,0.000000
315_STEAM_4-1,15,0.000000
315_STEAM_4-1,16,0.000000
315_STEAM_4-1,17,0.000000
315_STEAM_4-1,18,0.000000
315_STEAM_4-1,19,0.000000
315_STEAM_4-1,20,0.000000
315_STEAM_4-1,21,0.000000
315_STEAM_4-1,22,0.000000
315_STEAM_4-1,23,0.000000
315_STEAM_4-1,24,0.000000
315_STEAM_4-2,1,0.000000
315_STEAM_4-2,2,0.000000
315_STEAM_4-2,3,0.000000
315_STEAM_4-2,4,0.000000
315_STEAM_4-2,5,0.000000
315_STEAM_4-2,6,0.000000
315_STEAM_4-2,7,0.000000
315_STEAM_4-2,8,0.000000
315_STEAM_4-2,9,0.000000
315_STEAM_4-2,10,0.000000
315_STEAM_4-2,11,0.000000
315_STEAM_4-2,12,0.000000
315_STEAM_4-2,13,0.000000
315_STEAM_4-2,14,0.000000
315_STEAM_4-2,15,0.000000
315_STEAM_4-2,16,0.000000
315_STEAM_4-2,17,0.000000
315_STEAM_4-2,18,0.000000
315_STEAM_4-2,19,0.000000
315_STEAM_4-2,20,0.000000
315_STEAM_4-2,21,0.000000
315_STEAM_4-2,22,0.000000
315_STEAM_4-2,23,0.000000
315_STEAM_4-2,24,0.000000
315_STEAM_4-3,1,0.000000
315_STEAM_4-3,2,0.000000
315_STEAM_4-3,3,0.000000
315_STEAM_4-3,4,0.000000
315_STEAM_4-3,5,0.000000
315_STEAM_4-3,6,0.000000
315_STEAM_4-3,7,0.000000
315_STEAM_4-3,8,0.000000
315_STEAM_4-3,9,0.000000
315_STEAM_4-3,10,0.000000
315_STEAM_4-3,11,0.000000
315_STEAM_4-3,12,0.000000
315_STEAM_4-3,13,0.000000
315_STEAM_4-3,14,0.000000
315_STEAM_4-3,15,0.000000
315_STEAM_4-3,16,0.000000
315_STEAM_4-3,17,0.000000
315_STEAM_4-3,18,0.000000
315_STEAM_4-3,19,0.000000
315_STEAM_4-3,20,0.000000
315_STEAM_4-3,21,0.000000
315_STEAM_4-3,22,0.000000
315_STEAM_4-3,23,0.000000
315_STEAM_4-3,24,0.000000
315_STEAM_5-0,1,0.000000
315_STEAM_5-0,2,0.000000
315_STEAM_5-0,3,0.000000
315_STEAM_5-0,4,0.000000
315_STEAM_5-0,5,0.000000
315_STEAM_5-0,6,0.000000
315_STEAM_5-0,7,0.000000
315_STEAM_5-0,8,0.000000
315_STEAM_5-0,9,0.000000
315_STEAM_5-0,10,0.000000
315_STEAM_5-0,11,0.000000
315_STEAM_5-0,12,0.000000
315_STEAM_5-0,13,0.000000
315_STEAM_5-0,14,0.000000
315_STEAM_5-0,15,0.000000
315_STEAM_5-0,16,0.000000
315_STEAM_5-0,17,0.000000
315_STEAM_5-0,18,0.000000
315_STEAM_5-0,19,0.000000
315_STEAM_5-0,20,0.000000
315_STEAM_5-0,21,0.000000
315_STEAM_5-0,22,0.000000
315_STEAM_5-0,23,0.000000
315_STEAM_5-0,24,0.000000
315_STEAM_5-1,1,0.000000
315_STEAM_5-1,2,0.000000
315_STEAM_5-1,3,0.000000
315_STEAM_5-1,4,0.000000
315_STEAM_5-1,5,0.000000
315_STEAM_5-1,6,0.000000
315_STEAM_5-1,7,0.000000
315_STEAM_5-1,8,0.000000
315_STEAM_5-1,9,0.000000
315_STEAM_5-1,10,0.000000
315_STEAM_5-1,11,0.000000
315_STEAM_5-1,12,0.000000
315_STEAM_5-1,13,0.000000
315_STEAM_5-1,14,0.000000
315_STEAM_5-1,15,0.000000
315_STEAM_5-1,16,0.000000
315_STEAM_5-1,17,0.000000
315_STEAM_5-1,18,0.000000
315_STEAM_5-1,19,0.000000
315_STEAM_5-1,20,0.000000
315_STEAM_5-1,21,0.000000
315_STEAM_5-1,22,0.000000
315_STEAM_5-1,23,0.000000
315_STEAM_5-1,24,0.000000
315_STEAM_5-2,1,0.000000
315_STEAM_5-2,2,0.000000
315_STEAM_5-2,3,0.000000
315_STEAM_5-2,4,0.000000
315_STEAM_5-2,5,0.000000
315_STEAM_5-2,6,0.000000
315_STEAM_5-2,7,0.000000
315_STEAM_5-2,8,0.000000
315_STEAM_5-2,9,0.000000
315_STEAM_5-2,10,0.000000
315_STEAM_5-2,11,0.000000
315_STEAM_5-2,12,0.000000
315_STEAM_5-2,13,0.000000
315_STEAM_5-2,14,0.000000
315_STEAM_5-2,15,0.000000
315_STEAM_5-2,16,0.000000
315_STEAM_5-2,17,0.000000
315_STEAM_5-2,18,0.000000
315_STEAM_5-2,19,0.000000
315_STEAM_5-2,20,0.000000
315_STEAM_5-2,21,0.000000
315_STEAM_5-2,22,0.000000
315_STEAM_5-2,23,0.000000
315_STEAM_5-2,24,0.000000
315_STEAM_5-3,1,0.000000
315_STEAM_5-3,2,0.000000
315_STEAM_5-3,3,0.000000
315_STEAM_5-3,4,0.000000
315_STEAM_5-3,5,0.000000
315_STEAM_5-3,6,0.000000
315_STEAM_5-3,7,0.000000
315_STEAM_5-3,8,0.000000
315_STEAM_5-3,9,0.000000
315_STEAM_5-3,10,0.000000
315_STEAM_5-3,11,0.000000
315_STEAM_5-3,12,0.000000
315_STEAM_5-3,13,0.000000
315_STEAM_5-3,14,0.000000
315_STEAM_5-3,15,0.000000
315_STEAM_5-3,16,0.000000
315_STEAM_5-3,17,0.000000
315_STEAM_5-3,18,0.000000
315_STEAM_5-3,19,0.000000
315_STEAM_5-3,20,0.000000
315_STEAM_5-3,21,0.000000
315_STEAM_5-3,22,0.000000
315_STEAM_5-3,23,0.000000
315_STEAM_5-3,24,0.000000
315_CT_6-0,1,22.000000
315_CT_6-0,2,22.000000
315_CT_6-0,3,22.000000
315_CT_6-0,4,22.000000
315_CT_6-0,5,22.000000
315_CT_6-0,6,0.000000
315_CT_6-0,7,0.000000
315_CT_6-0,8,0.000000
315_CT_6-0,9,0.000000
315_CT_6-0,10,0.000000
315_CT_6-0,11,0.000000
315_CT_6-0,12,22.000000
315_CT_6-0,13,0.000000
315_CT_6-0,14,22.000000
315_CT_6-0,15,22.000000
315_CT_6-0,16,22.000000
315_CT_6-0,17,22.000000
315_CT_6-0,18,22.000000
315_CT_6-0,19,0.000000
315_CT_6-0,20,0.000000
315_CT_6-0,21,0.000000
315_CT_6-0,22,0.000000
315_CT_6-0,23,0.000000
315_CT_6-0,24,0.000000
315_CT_6-1,1,11.000000
315_CT_6-1,2,11.000000
315_CT_6-1,3,11.000000
315_CT_6-1,4,11.000000
315_CT_6-1,5,11.000000
315_CT_6-1,6,0.000000
315_CT_6-1,7,0.000000
315_CT_6-1,8,0.000000
315_CT_6-1,9,0.000000
315_CT_6-1,10,0.000000
315_CT_6-1,11,0.000000
315_CT_6-1,12,11.000000
315_CT_6-1,13,0.000000
315_CT_6-1,14,11.000000
315_CT_6-1,15,11.000000
315_CT_6-1,16,11.000000
315_CT_6-1,17,11.000000
315_CT_6-1,18,11.000000
315_CT_6-1,19,0.000000
315_CT_6-1,20,0.000000
315_CT_6-1,21,0.000000
315_CT_6-1,22,0.000000
315_CT_6-1,23,0.000000
315_CT_6-1,24,0.000000
315_CT_6-2,1,0.000000
315_CT_6-2,2,0.000000
315_CT_6-2,3,0.000000
315_CT_6-2,4,0.000000
315_CT_6-2,5,0.000000
315_CT_6-2,6,0.000000
315_CT_6-2,7,0.000000
315_CT_6-2,8,0.000000
315_CT_6-2,9,0.000000
315_CT_6-2,10,0.000000
315_CT_6-2,11,0.000000
315_CT_6-2,12,0.000000
315_CT_6-2,13,0.000000
315_CT_6-2,14,0.000000
315_CT_6-2,15,0.000000
315_CT_6-2,16,11.000000
315_CT_6-2,17,0.000000
315_CT_6-2,18,0.000000
315_CT_6-2,19,0.000000
315_CT_6-2,20,0.000000
315_CT_6-2,21,0.000000
315_CT_6-2,22,0.000000
315_CT_6-2,23,0.000000
315_CT_6-2,24,0.000000
315_CT_6-3,1,0.000000
315_CT_6-3,2,0.000000
315_CT_6-3,3,0.000000
315_CT_6-3,4,0.000000
315_CT_6-3,5,0.000000
315_CT_6-3,6,0.000000
315_CT_6-3,7,0.000000
315_CT_6-3,8,0.000000
315_CT_6-3,9,0.000000
315_CT_6-3,10,0.000000
315_CT_6-3,11,0.000000
315_CT_6-3,12,0.000000
315_CT_6-3,13,0.000000
315_CT_6-3,14,0.000000
315_CT_6-3,15,0.000000
315_CT_6-3,16,0.000000
315_CT_6-3,17,0.000000
315_CT_6-3,18,0.000000
315_CT_6-3,19,0.000000
315_CT_6-3,20,0.000000
315_CT_6-3,21,0.000000
315_CT_6-3,22,0.000000
315_CT_6-3,23,0.000000
315_CT_6-3,24,0.000000
315_CT_7-0,1,22.000000
315_CT_7-0,2,22.000000
315_CT_7-0,3,22.000000
315_CT_7-0,4,22.000000
315_CT_7-0,5,22.000000
315_CT_7-0,6,0.000000
315_CT_7-0,7,0.000000
315_CT_7-0,8,0.000000
315_CT_7-0,9,0.000000
315_CT_7-0,10,0.000000
315_CT_7-0,11,0.000000
315_CT_7-0,12,6.754453
315_CT_7-0,13,15.193198
315_CT_7-0,14,22.000000
315_CT_7-0,15,22.000000
315_CT_7-0,16,22.000000
315_CT_7-0,17,22.000000
315_CT_7-0,18,22.000000
315_CT_7-0,19,0.000000
315_CT_7-0,20,0.000000
315_CT_7-0,21,0.000000
315_CT_7-0,22,0.000000
315_CT_7-0,23,0.000000
315_CT_7-0,24,0.000000
315_CT_7-1,1,11.000000
315_CT_7-1,2,11.000000
315_CT_7-1,3,11.000000
315_CT_7-1,4,11.000000
315_CT_7-1,5,11.000000
315_CT_7-1,6,0.000000
315_CT_7-1,7,0.000000
315_CT_7-1,8,0.000000
315_CT_7-1,9,0.000000
315_CT_7-1,10,0.000000
315_CT_7-1,11,0.000000
315_CT_7-1,12,11.000000
315_CT_7-1,13,0.000000
315_CT_7-1,14,11.000000
315_CT_7-1,15,11.000000
315_CT_7-1,16,11.000000
315_CT_7-1,17,11.000000
315_CT_7-1,18,11.000000
315_CT_7-1,19,0.000000
315_CT_7-1,20,0.000000
315_CT_7-1,21,0.000000
315_CT_7-1,22,0.000000
315_CT_7-1,23,0.000000
315_CT_7-1,24,0.000000
315_CT_7-2,1,0.000000
315_CT_7-2,2,0.000000
315_CT_7-2,3,0.000000
315_CT_7-2,4,0.000000
315_CT_7-2,5,0.000000
315_CT_7-2,6,0.000000
315_CT_7-2,7,0.000000
315_CT_7-2,8,0.000000
315_CT_7-2,9,0.000000
315_CT_7-2,10,0.000000
315_CT_7-2,11,0.000000
315_CT_7-2,12,0.000000
315_CT_7-2,13,0.000000
315_CT_7-2,14,0.000000
315_CT_7-2,15,0.000000
315_CT_7-2,16,11.000000
315_CT_7-2,17,0.000000
315_CT_7-2,18,0.000000
315_CT_7-2,19,0.000000
315_CT_7-2,20,0.000000
315_CT_7-2,21,0.000000
315_CT_7-2,22,0.000000
315_CT_7-2,23,0.000000
315_CT_7-2,24,0.000000
315_CT_7-3,1,0.000000
315_CT_7-3,2,0.000000
315_CT_7-3,3,0.000000
315_CT_7-3,4,0.000000
315_CT_7-3,5,0.000000
315_CT_7-3,6,0.000000
315_CT_7-3,7,0.000000
315_CT_7-3,8,0.000000
315_CT_7-3,9,0.000000
315_CT_7-3,10,0.000000
315_CT_7-3,11,0.000000
315_CT_7-3,12,0.000000
315_CT_7-3,13,0.000000
315_CT_7-3,14,0.000000
315_CT_7-3,15,0.000000
315_CT_7-3,16,0.000000
315_CT_7-3,17,0.000000
315_CT_7-3,18,0.000000
315_CT_7-3,19,0.000000
315_CT_7-3,20,0.000000
315_CT_7-3,21,0.000000
315_CT_7-3,22,0.000000
315_CT_7-3,23,0.000000
315_CT_7-3,24,0.000000
315_CT_8-0,1,22.000000
315_CT_8-0,2,22.000000
315_CT_8-0,3,22.000000
315_CT_8-0,4,22.000000
315_CT_8-0,5,22.000000
315_CT_8-0,6,0.000000
315_CT_8-0,7,0.000000
315_CT_8-0,8,0.000000
315_CT_8-0,9,0.000000
315_CT_8-0,10,0.000000
315_CT_8-0,11,0.000000
315_CT_8-0,12,22.000000
315_CT_8-0,13,22.000000
315_CT_8-0,14,22.000000
315_CT_8-0,15,22.000000
315_CT_8-0,16,22.000000
315_CT_8-0,17,22.000000
315_CT_8-0,18,22.000000
315_CT_8-0,19,0.000000
315_CT_8-0,20,0.000000
315_CT_8-0,21,0.000000
315_CT_8-0,22,0.000000
315_CT_8-0,23,0.000000
315_CT_8-0,24,0.000000
315_CT_8-1,1,11.000000
315_CT_8-1,2,11.000000
315_CT_8-1,3,11.000000
315_CT_8-1,4,11.000000
315_CT_8-1,5,11.000000
315_CT_8-1,6,0.000000
315_CT_8-1,7,0.000000
315_CT_8-1,8,0.000000
315_CT_8-1,9,0.000000
315_CT_8-1,10,0.000000
315_CT_8-1,11,0.000000
315_CT_8-1,12,11.000000
315_CT_8-1,13,11.000000
315_CT_8-1,14,11.000000
315_CT_8-1,15,11.000000
315_CT_8-1,16,11.000000
315_CT_8-1,17,11.000000
315_CT_8-1,18,11.000000
315_CT_8-1,19,0.000000
315_CT_8-1,20,0.000000
315_CT_8-1,21,0.000000
315_CT_8-1,22,0.000000
315_CT_8-1,23,0.000000
315_CT_8-1,24,0.000000
315_CT_8-2,1,0.000000
315_CT_8-2,2,0.000000
315_CT_8-2,3,0.000000
315_CT_8-2,4,0.000000
315_CT_8-2,5,0.000000
315_CT_8-2,6,0.000000
315_CT_8-2,7,0.000000
315_CT_8-2,8,0.000000
315_CT_8-2,9,0.000000
315_CT_8-2,10,0.000000
315_CT_8-2,11,0.000000
315_CT_8-2,12,0.000000
315_CT_8-2,13,0.000000
315_CT_8-2,14,0.000000
315_CT_8-2,15,0.000000
315_CT_8-2,16,11.000000
315_CT_8-2,17,0.000000
315_CT_8-2,18,0.000000
315_CT_8-2,19,0.000000
315_CT_8-2,20,0.000000
315_CT_8-2,21,0.000000
315_CT_8-2,22,0.000000
315_CT_8-2,23,0.000000
315_CT_8-2,24,0.000000
315_CT_8-3,1,0.000000
315_CT_8-3,2,0.000000
315_CT_8-3,3,0.000000
315_CT_8-3,4,0.000000
315_CT_8-3,5,0.000000
315_CT_8-3,6,0.000000
315_CT_8-3,7,0.000000
315_CT_8-3,8,0.000000
315_CT_8-3,9,0.000000
315_CT_8-3,10,0.000000
315_CT_8-3,11,0.000000
315_CT_8-3,12,0.000000
315_CT_8-3,13,0.000000
315_CT_8-3,14,0.000000
315_CT_8-3,15,0.000000
315_CT_8-3,16,0.000000
315_CT_8-3,17,0.000000
315_CT_8-3,18,0.000000
315_CT_8-3,19,0.000000
315_CT_8-3,20,0.000000
315_CT_8-3,21,0.000000
315_CT_8-3,22,0.000000
315_CT_8-3,23,0.000000
315_CT_8-3,24,0.000000
316_STEAM_1-0,1,62.000000
316_STEAM_1-0,2,62.000000
316_STEAM_1-0,3,62.000000
316_STEAM_1-0,4,62.000000
316_STEAM_1-0,5,62.000000
316_STEAM_1-0,6,62.000000
316_STEAM_1-0,7,0.000000
316_STEAM_1-0,8,0.000000
316_STEAM_1-0,9,0.000000
316_STEAM_1-0,10,62.000000
316_STEAM_1-0,11,62.000000
316_STEAM_1-0,12,62.000000
316_STEAM_1-0,13,62.000000
316_STEAM_1-0,14,62.000000
316_STEAM_1-0,15,62.000000
316_STEAM_1-0,16,62.000000
316_STEAM_1-0,17,62.000000
316_STEAM_1-0,18,62.000000
316_STEAM_1-0,19,62.000000
316_STEAM_1-0,20,62.000000
316_STEAM_1-0,21,62.000000
316_STEAM_1-0,22,0.000000
316_STEAM_1-0,23,0.000000
316_STEAM_1-0,24,0.000000
316_STEAM_1-1,1,31.000000
316_STEAM_1-1,2,31.000000
316_STEAM_1-1,3,31.000000
316_STEAM_1-1,4,31.000000
316_STEAM_1-1,5,31.000000
316_STEAM_1-1,6,31.000000
316_STEAM_1-1,7,0.000000
316_STEAM_1-1,8,0.000000
316_STEAM_1-1,9,0.000000
316_STEAM_1-1,10,31.000000
316_STEAM_1-1,11,31.000000
316_STEAM_1-1,12,31.000000
316_STEAM_1-1,13,31.000000
316_STEAM_1-1,14,31.000000
316_STEAM_1-1,15,31.000000
316_STEAM_1-1,16,31.000000
316_STEAM_1-1,17,31.000000
316_STEAM_1-1,18,31.000000
316_STEAM_1-1,19,31.000000
316_STEAM_1-1,20,31.000000
316_STEAM_1-1,21,31.000000
316_STEAM_1-1,22,0.000000
316_STEAM_1-1,23,0.000000
316_STEAM_1-1,24,0.000000
316_STEAM_1-2,1,31.000000
316_STEAM_1-2,2,31.000000
316_STEAM_1-2,3,31.000000
316_STEAM_1-2,4,31.000000
316_STEAM_1-2,5,31.000000
316_STEAM_1-2,6,31.000000
316_STEAM_1-2,7,0.000000
316_STEAM_1-2,8,0.000000
316_STEAM_1-2,9,0.000000
316_STEAM_1-2,10,31.000000
316_STEAM_1-2,11,31.000000
316_STEAM_1-2,12,31.000000
316_STEAM_1-2,13,31.000000
316_STEAM_1-2,14,31.000000
316_STEAM_1-2,15,31.000000
316_STEAM_1-2,16,31.000000
316_STEAM_1-2,17,31.000000
316_STEAM_1-2,18,31.000000
316_STEAM_1-2,19,31.000000
316_STEAM_1-2,20,31.000000
316_STEAM_1-2,21,26.003726
316_STEAM_1-2,22,0.000000
316_STEAM_1-2,23,0.000000
316_STEAM_1-2,24,0.000000
316_STEAM_1-3,1,0.000000
316_STEAM_1-3,2,0.000000
316_STEAM_1-3,3,0.000000
316_STEAM_1-3,4,0.000000
316_STEAM_1-3,5,0.000000
316_STEAM_1-3,6,0.000000
316_STEAM_1-3,7,0.000000
316_STEAM_1-3,8,0.000000
316_STEAM_1-3,9,0.000000
316_STEAM_1-3,10,0.000000
316_STEAM_1-3,11,0.000000
316_STEAM_1-3,12,0.000000
316_STEAM_1-3,13,0.000000
316_STEAM_1-3,14,0.000000
316_STEAM_1-3,15,0.000000
316_STEAM_1-3,16,21.159896
316_STEAM_1-3,17,0.000000
316_STEAM_1-3,18,0.000000
316_STEAM_1-3,19,0.000000
316_STEAM_1-3,20,0.000000
316_STEAM_1-3,21,0.000000
316_STEAM_1-3,22,0.000000
316_STEAM_1-3,23,0.000000
316_STEAM_1-3,24,0.000000
318_CC_1-0,1,0.000000
318_CC_1-0,2,0.000000
318_CC_1-0,3,0.000000
318_CC_1-0,4,0.000000
318_CC_1-0,5,0.000000
318_CC_1-0,6,0.000000
318_CC_1-0,7,0.000000
318_CC_1-0,8,0.000000
318_CC_1-0,9,0.000000
318_CC_1-0,10,0.000000
318_CC_1-0,11,0.000000
318_CC_1-0,12,0.000000
318_CC_1-0,13,0.000000
318_CC_1-0,14,0.000000
318_CC_1-0,15,78.003963
318_CC_1-0,16,170.000000
318_CC_1-0,17,26.360381
318_CC_1-0,18,0.000000
318_CC_1-0,19,0.000000
318_CC_1-0,20,0.000000
318_CC_1-0,21,0.000000
318_CC_1-0,22,0.000000
318_CC_1-0,23,0.000000
318_CC_1-0,24,0.000000
318_CC_1-1,1,0.000000
318_CC_1-1,2,0.000000
318_CC_1-1,3,0.000000
318_CC_1-1,4,0.000000
318_CC_1-1,5,0.000000
318_CC_1-1,6,0.000000
318_CC_1-1,7,0.000000
318_CC_1-1,8,0.000000
318_CC_1-1,9,0.000000
318_CC_1-1,10,0.000000
318_CC_1-1,11,0.000000
318_CC_1-1,12,0.000000
318_CC_1-1,13,0.000000
318_CC_1-1,14,0.000000
318_CC_1-1,15,61.666667
318_CC_1-1,16,61.666667
318_CC_1-1,17,0.000000
318_CC_1-1,18,0.000000
318_CC_1-1,19,0.000000
318_CC_1-1,20,0.000000
318_CC_1-1,21,0.000000
318_CC_1-1,22,0.000000
318_CC_1-1,23,0.000000
318_CC_1-1,24,0.000000
318_CC_1-2,1,0.000000
318_CC_1-2,2,0.000000
318_CC_1-2,3,0.000000
318_CC_1-2,4,0.000000
318_CC_1-2,5,0.000000
318_CC_1-2,6,0.000000
318_CC_1-2,7,0.000000
318_CC_1-2,8,0.000000
318_CC_1-2,9,0.000000
318_CC_1-2,10,0.000000
318_CC_1-2,11,0.000000
318_CC_1-2,12,0.000000
318_CC_1-2,13,0.000000
318_CC_1-2,14,0.000000
318_CC_1-2,15,0.000000
318_CC_1-2,16,0.000000
318_CC_1-2,17,0.000000
318_CC_1-2,18,0.000000
318_CC_1-2,19,0.000000
318_CC_1-2,20,0.000000
318_CC_1-2,21,0.000000
318_CC_1-2,22,0.000000
318_CC_1-2,23,0.000000
318_CC_1-2,24,0.000000
318_CC_1-3,1,0.000000
318_CC_1-3,2,0.000000
318_CC_1-3,3,0.000000
318_CC_1-3,4,0.000000
318_CC_1-3,5,0.000000
318_CC_1-3,6,0.000000
318_CC_1-3,7,0.000000
318_CC_1-3,8,0.000000
318_CC_1-3,9,0.000000
318_CC_1-3,10,0.000000
318_CC_1-3,11,0.000000
318_CC_1-3,12,0.000000
318_CC_1-3,13,0.000000
318_CC_1-3,14,0.000000
318_CC_1-3,15,0.000000
318_CC_1-3,16,0.000000
318_CC_1-3,17,0.000000
318_CC_1-3,18,0.000000
318_CC_1-3,19,0.000000
318_CC_1-3,20,0.000000
318_CC_1-3,21,0.000000
318_CC_1-3,22,0.000000
318_CC_1-3,23,0.000000
318_CC_1-3,24,0.000000
321_CC_1-0,1,170.000000
321_CC_1-0,2,170.000000
321_CC_1-0,3,170.000000
321_CC_1-0,4,170.000000
321_CC_1-0,5,170.000000
321_CC_1-0,6,122.877296
321_CC_1-0,7,0.000000
321_CC_1-0,8,0.000000
321_CC_1-0,9,0.000000
321_CC_1-0,10,80.113913
321_CC_1-0,11,170.000000
321_CC_1-0,12,170.000000
321_CC_1-0,13,170.000000
321_CC_1-0,14,170.000000
321_CC_1-0,15,170.000000
321_CC_1-0,16,170.000000
321_CC_1-0,17,170.000000
321_CC_1-0,18,170.000000
321_CC_1-0,19,0.000000
321_CC_1-0,20,0.000000
321_CC_1-0,21,0.000000
321_CC_1-0,22,0.000000
321_CC_1-0,23,0.000000
321_CC_1-0,24,0.000000
321_CC_1-1,1,61.666667
321_CC_1-1,2,61.666667
321_CC_1-1,3,61.666667
321_CC_1-1,4,61.666667
321_CC_1-1,5,61.666667
321_CC_1-1,6,0.000000
321_CC_1-1,7,0.000000
321_CC_1-1,8,0.000000
321_CC_1-1,9,0.000000
321_CC_1-1,10,61.666667
321_CC_1-1,11,61.666667
321_CC_1-1,12,61.666667
321_CC_1-1,13,61.666667
321_CC_1-1,14,61.666667
321_CC_1-1,15,61.666667
321_CC_1-1,16,61.666667
321_CC_1-1,17,61.666667
321_CC_1-1,18,61.666667
321_CC_1-1,19,44.933333
321_CC_1-1,20,0.000000
321_CC_1-1,21,0.000000
321_CC_1-1,22,0.000000
321_CC_1-1,23,0.000000
321_CC_1-1,24,0.000000
321_CC_1-2,1,61.666667
321_CC_1-2,2,61.666667
321_CC_1-2,3,61.666667
321_CC_1-2,4,61.666667
321_CC_1-2,5,61.666667
321_CC_1-2,6,0.000000
321_CC_1-2,7,0.000000
321_CC_1-2,8,0.000000
321_CC_1-2,9,0.000000
321_CC_1-2,10,0.000000
321_CC_1-2,11,0.000000
321_CC_1-2,12,61.666667
321_CC_1-2,13,61.666667
321_CC_1-2,14,61.666667
321_CC_1-2,15,61.666667
321_CC_1-2,16,61.666667
321_CC_1-2,17,61.666667
321_CC_1-2,18,61.666667
321_CC_1-2,19,0.000000
321_CC_1-2,20,0.000000
321_CC_1-2,21,0.000000
321_CC_1-2,22,0.000000
321_CC_1-2,23,0.000000
321_CC_1-2,24,0.000000
321_CC_1-3,1,0.000000
321_CC_1-3,2,0.000000
321_CC_1-3,3,0.000000
321_CC_1-3,4,0.000000
321_CC_1-3,5,0.000000
321_CC_1-3,6,0.000000
321_CC_1-3,7,0.000000
321_CC_1-3,8,0.000000
321_CC_1-3,9,0.000000
321_CC_1-3,10,0.000000
321_CC_1-3,11,0.000000
321_CC_1-3,12,0.000000
321_CC_1-3,13,0.000000
321_CC_1-3,14,0.000000
321_CC_1-3,15,0.000000
321_CC_1-3,16,0.000000
321_CC_1-3,17,0.000000
321_CC_1-3,18,0.000000
321_CC_1-3,19,0.000000
321_CC_1-3,20,0.000000
321_CC_1-3,21,0.000000
321_CC_1-3,22,0.000000
321_CC_1-3,23,0.000000
321_CC_1-3,24,0.000000
322_CT_5-0,1,22.000000
322_CT_5-0,2,22.000000
322_CT_5-0,3,22.000000
322_CT_5-0,4,22.000000
322_CT_5-0,5,22.000000
322_CT_5-0,6,0.000000
322_CT_5-0,7,0.000000
322_CT_5-0,8,0.000000
322_CT_5-0,9,0.000000
322_CT_5-0,10,0.000000
322_CT_5-0,11,22.000000
322_CT_5-0,12,22.000000
322_CT_5-0,13,22.000000
322_CT_5-0,14,22.000000
322_CT_5-0,15,22.000000
322_CT_5-0,16,22.000000
322_CT_5-0,17,22.000000
322_CT_5-0,18,22.000000
322_CT_5-0,19,0.000000
322_CT_5-0,20,0.000000
322_CT_5-0,21,0.000000
322_CT_5-0,22,0.000000
322_CT_5-0,23,0.000000
322_CT_5-0,24,0.000000
322_CT_5-1,1,11.000000
322_CT_5-1,2,11.000000
322_CT_5-1,3,11.000000
322_CT_5-1,4,11.000000
322_CT_5-1,5,11.000000
322_CT_5-1,6,0.000000
322_CT_5-1,7,0.000000
322_CT_5-1,8,0.000000
322_CT_5-1,9,0.000000
322_CT_5-1,10,0.000000
322_CT_5-1,11,0.000000
322_CT_5-1,12,11.000000
322_CT_5-1,13,11.000000
322_CT_5-1,14,11.000000
322_CT_5-1,15,11.000000
322_CT_5-1,16,11.000000
322_CT_5-1,17,11.000000
322_CT_5-1,18,11.000000
322_CT_5-1,19,0.000000
322_CT_5-1,20,0.000000
322_CT_5-1,21,0.000000
322_CT_5-1,22,0.000000
322_CT_5-1,23,0.000000
322_CT_5-1,24,0.000000
322_CT_5-2,1,0.000000
322_CT_5-2,2,0.000000
322_CT_5-2,3,0.000000
322_CT_5-2,4,0.000000
322_CT_5-2,5,0.000000
322_CT_5-2,6,0.000000
322_CT_5-2,7,0.000000
322_CT_5-2,8,0.000000
322_CT_5-2,9,0.000000
322_CT_5-2,10,0.000000
322_CT_5-2,11,0.000000
322_CT_5-2,12,0.000000
322_CT_5-2,13,0.000000
322_CT_5-2,14,0.000000
322_CT_5-2,15,11.000000
322_CT_5-2,16,11.000000
322_CT_5-2,17,11.000000
322_CT_5-2,18,11.000000
322_CT_5-2,19,0.000000
322_CT_5-2,20,0.000000
322_CT_5-2,21,0.000000
322_CT_5-2,22,0.000000
322_CT_5-2,23,0.000000
322_CT_5-2,24,0.000000
322_CT_5-3,1,0.000000
322_CT_5-3,2,0.000000
322_CT_5-3,3,0.000000
322_CT_5-3,4,0.000000
322_CT_5-3,5,0.000000
322_CT_5-3,6,0.000000
322_CT_5-3,7,0.000000
322_CT_5-3,8,0.000000
322_CT_5-3,9,0.000000
322_CT_5-3,10,0.000000
322_CT_5-3,11,0.000000
322_CT_5-3,12,0.000000
322_CT_5-3,13,0.000000
322_CT_5-3,14,0.000000
322_CT_5-3,15,0.000000
322_CT_5-3,16,0.000000
322_CT_5-3,17,0.000000
322_CT_5-3,18,0.000000
322_CT_5-3,19,0.000000
322_CT_5-3,20,0.000000
322_CT_5-3,21,0.000000
322_CT_5-3,22,0.000000
322_CT_5-3,23,0.000000
322_CT_5-3,24,0.000000
322_CT_6-0,1,22.000000
322_CT_6-0,2,22.000000
322_CT_6-0,3,22.000000
322_CT_6-0,4,22.000000
322_CT_6-0,5,22.000000
322_CT_6-0,6,0.000000
322_CT_6-0,7,0.000000
322_CT_6-0,8,0.000000
322_CT_6-0,9,0.000000
322_CT_6-0,10,0.000000
322_CT_6-0,11,19.817586
322_CT_6-0,12,22.000000
322_CT_6-0,13,22.000000
322_CT_6-0,14,22.000000
322_CT_6-0,15,22.000000
322_CT_6-0,16,22.000000
322_CT_6-0,17,22.000000
322_CT_6-0,18,22.000000
322_CT_6-0,19,0.000000
322_CT_6-0,20,0.000000
322_CT_6-0,21,0.000000
322_CT_6-0,22,0.000000
322_CT_6-0,23,0.000000
322_CT_6-0,24,0.000000
322_CT_6-1,1,11.000000
322_CT_6-1,2,11.000000
322_CT_6-1,3,11.000000
322_CT_6-1,4,11.000000
322_CT_6-1,5,11.000000
322_CT_6-1,6,0.000000
322_CT_6-1,7,0.000000
322_CT_6-1,8,0.000000
322_CT_6-1,9,0.000000
322_CT_6-1,10,0.000000
322_CT_6-1,11,11.000000
322_CT_6-1,12,11.000000
322_CT_6-1,13,11.000000
322_CT_6-1,14,11.000000
322_CT_6-1,15,11.000000
322_CT_6-1,16,11.000000
322_CT_6-1,17,11.000000
322_CT_6-1,18,11.000000
322_CT_6-1,19,0.000000
322_CT_6-1,20,0.000000
322_CT_6-1,21,0.000000
322_CT_6-1,22,0.000000
322_CT_6-1,23,0.000000
322_CT_6-1,24,0.000000
322_CT_6-2,1,0.000000
322_CT_6-2,2,0.000000
322_CT_6-2,3,0.000000
322_CT_6-2,4,0.000000
322_CT_6-2,5,0.000000
322_CT_6-2,6,0.000000
322_CT_6-2,7,0.000000
322_CT_6-2,8,0.000000
322_CT_6-2,9,0.000000
322_CT_6-2,10,0.000000
322_CT_6-2,11,0.000000
322_CT_6-2,12,0.000000
322_CT_6-2,13,0.000000
322_CT_6-2,14,0.000000
322_CT_6-2,15,11.000000
322_CT_6-2,16,11.000000
322_CT_6-2,17,11.000000
322_CT_6-2,18,7.471307
322_CT_6-2,19,0.000000
322_CT_6-2,20,0.000000
322_CT_6-2,21,0.000000
322_CT_6-2,22,0.000000
322_CT_6-2,23,0.000000
322_CT_6-2,24,0.000000
322_CT_6-3,1,0.000000
322_CT_6-3,2,0.000000
322_CT_6-3,3,0.000000
322_CT_6-3,4,0.000000
322_CT_6-3,5,0.000000
322_CT_6-3,6,0.000000
322_CT_6-3,7,0.000000
322_CT_6-3,8,0.000000
322_CT_6-3,9,0.000000
322_CT_6-3,10,0.000000
322_CT_6-3,11,0.000000
322_CT_6-3,12,0.000000
322_CT_6-3,13,0.000000
322_CT_6-3,14,0.000000
322_CT_6-3,15,0.000000
322_CT_6-3,16,0.000000
322_CT_6-3,17,0.000000
322_CT_6-3,18,0.000000
322_CT_6-3,19,0.000000
322_CT_6-3,20,0.000000
322_CT_6-3,21,0.000000
322_CT_6-3,22,0.000000
322_CT_6-3,23,0.000000
322_CT_6-3,24,0.000000
323_CC_1-0,1,55.898605
323_CC_1-0,2,170.000000
323_CC_1-0,3,162.479471
323_CC_1-0,4,21.489692
323_CC_1-0,5,0.000000
323_CC_1-0,6,0.000000
323_CC_1-0,7,0.000000
323_CC_1-0,8,0.000000
323_CC_1-0,9,0.000000
323_CC_1-0,10,0.000000
323_CC_1-0,11,0.000000
323_CC_1-0,12,0.000000
323_CC_1-0,13,0.000000
323_CC_1-0,14,170.000000
323_CC_1-0,15,170.000000
323_CC_1-0,16,170.000000
323_CC_1-0,17,170.000000
323_CC_1-0,18,170.000000
323_CC_1-0,19,170.000000
323_CC_1-0,20,102.843422
323_CC_1-0,21,0.000000
323_CC_1-0,22,0.000000
323_CC_1-0,23,0.000000
323_CC_1-0,24,0.000000
323_CC_1-1,1,61.666667
323_CC_1-1,2,61.666667
323_CC_1-1,3,0.000000
323_CC_1-1,4,0.000000
323_CC_1-1,5,0.000000
323_CC_1-1,6,0.000000
323_CC_1-1,7,0.000000
323_CC_1-1,8,0.000000
323_CC_1-1,9,0.000000
323_CC_1-1,10,0.000000
323_CC_1-1,11,0.000000
323_CC_1-1,12,0.000000
323_CC_1-1,13,0.000000
323_CC_1-1,14,61.666667
323_CC_1-1,15,61.666667
323_CC_1-1,16,61.666667
323_CC_1-1,17,61.666667
323_CC_1-1,18,61.666667
323_CC_1-1,19,61.666667
323_CC_1-1,20,61.666667
323_CC_1-1,21,0.000000
323_CC_1-1,22,0.000000
323_CC_1-1,23,0.000000
323_CC_1-1,24,0.000000
323_CC_1-2,1,0.000000
323_CC_1-2,2,0.000000
323_CC_1-2,3,0.000000
323_CC_1-2,4,0.000000
323_CC_1-2,5,0.000000
323_CC_1-2,6,0.000000
323_CC_1-2,7,0.000000
323_CC_1-2,8,0.000000
323_CC_1-2,9,0.000000
323_CC_1-2,10,0.000000
323_CC_1-2,11,0.000000
323_CC_1-2,12,0.000000
323_CC_1-2,13,0.000000
323_CC_1-2,14,0.000000
323_CC_1-2,15,0.000000
323_CC_1-2,16,0.000000
323_CC_1-2,17,0.000000
323_CC_1-2,18,0.000000
323_CC_1-2,19,0.000000
323_CC_1-2,20,0.000000
323_CC_1-2,21,0.000000
323_CC_1-2,22,0.000000
323_CC_1-2,23,0.000000
323_CC_1-2,24,0.000000
323_CC_1-3,1,0.000000
323_CC_1-3,2,0.000000
323_CC_1-3,3,0.000000
323_CC_1-3,4,0.000000
323_CC_1-3,5,0.000000
323_CC_1-3,6,0.000000
323_CC_1-3,7,0.000000
323_CC_1-3,8,0.000000
323_CC_1-3,9,0.000000
323_CC_1-3,10,0.000000
323_CC_1-3,11,0.000000
323_CC_1-3,12,0.000000
323_CC_1-3,13,0.000000
323_CC_1-3,14,0.000000
323_CC_1-3,15,0.000000
323_CC_1-3,16,0.000000
323_CC_1-3,17,0.000000
323_CC_1-3,18,0.000000
323_CC_1-3,19,0.000000
323_CC_1-3,20,0.000000
323_CC_1-3,21,0.000000
323_CC_1-3,22,0.000000
323_CC_1-3,23,0.000000
323_CC_1-3,24,0.000000
323_CC_2-0,1,170.000000
323_CC_2-0,2,51.535133
323_CC_2-0,3,170.000000
323_CC_2-0,4,170.000000
323_CC_2-0,5,0.000000
323_CC_2-0,6,0.000000
323_CC_2-0,7,0.000000
323_CC_2-0,8,0.000000
323_CC_2-0,9,0.000000
323_CC_2-0,10,0.000000
323_CC_2-0,11,0.000000
323_CC_2-0,12,0.000000
323_CC_2-0,13,0.000000
323_CC_2-0,14,25.366342
323_CC_2-0,15,170.000000
323_CC_2-0,16,170.000000
323_CC_2-0,17,170.000000
323_CC_2-0,18,170.000000
323_CC_2-0,19,170.000000
323_CC_2-0,20,170.000000
323_CC_2-0,21,0.000000
323_CC_2-0,22,0.000000
323_CC_2-0,23,0.000000
323_CC_2-0,24,0.000000
323_CC_2-1,1,61.666667
323_CC_2-1,2,61.666667
323_CC_2-1,3,0.000000
323_CC_2-1,4,61.666667
323_CC_2-1,5,58.998871
323_CC_2-1,6,0.000000
323_CC_2-1,7,0.000000
323_CC_2-1,8,0.000000
323_CC_2-1,9,0.000000
323_CC_2-1,10,0.000000
323_CC_2-1,11,0.000000
323_CC_2-1,12,0.000000
323_CC_2-1,13,0.000000
323_CC_2-1,14,0.000000
323_CC_2-1,15,61.666667
323_CC_2-1,16,61.666667
323_CC_2-1,17,61.666667
323_CC_2-1,18,61.666667
323_CC_2-1,19,61.666667
323_CC_2-1,20,61.666667
323_CC_2-1,21,0.000000
323_CC_2-1,22,0.000000
323_CC_2-1,23,0.000000
323_CC_2-1,24,0.000000
323_CC_2-2,1,0.000000
323_CC_2-2,2,0.000000
323_CC_2-2,3,0.000000
323_CC_2-2,4,0.000000
323_CC_2-2,5,0.000000
323_CC_2-2,6,0.000000
323_CC_2-2,7,0.000000
323_CC_2-2,8,0.000000
323_CC_2-2,9,0.000000
323_CC_2-2,10,0.000000
323_CC_2-2,11,0.000000
323_CC_2-2,12,0.000000
323_CC_2-2,13,0.000000
323_CC_2-2,14,0.000000
323_CC_2-2,15,0.000000
323_CC_2-2,16,0.000000
323_CC_2-2,17,0.000000
323_CC_2-2,18,0.000000
323_CC_2-2,19,0.000000
323_CC_2-2,20,0.000000
323_CC_2-2,21,0.000000
323_CC_2-2,22,0.000000
323_CC_2-2,23,0.000000
323_CC_2-2,24,0.000000
323_CC_2-3,1,0.000000
323_CC_2-3,2,0.000000
323_CC_2-3,3,0.000000
323_CC_2-3,4,0.000000
323_CC_2-3,5,0.000000
323_CC_2-3,6,0.000000
323_CC_2-3,7,0.000000
323_CC_2-3,8,0.000000
323_CC_2-3,9,0.000000
323_CC_2-3,10,0.000000
323_CC_2-3,11,0.000000
323_CC_2-3,12,0.000000
323_CC_2-3,13,0.000000
323_CC_2-3,14,0.000000
323_CC_2-3,15,0.000000
323_CC_2-3,16,0.000000
323_CC_2-3,17,0.000000
323_CC_2-3,18,0.000000
323_CC_2-3,19,0.000000
323_CC_2-3,20,0.000000
323_CC_2-3,21,0.000000
323_CC_2-3,22,0.000000
323_CC_2-3,23,0.000000
323_CC_2-3,24,0.000000
322_HYDRO_1-0,1,9.045833
322_HYDRO_1-0,2,9.504167
322_HYDRO_1-0,3,6.887500
322_HYDRO_1-0,4,8.025000
322_HYDRO_1-0,5,7.791667
322_HYDRO_1-0,6,14.437500
322_HYDRO_1-0,7,15.933333
322_HYDRO_1-0,8,13.400000
322_HYDRO_1-0,9,14.787500
322_HYDRO_1-0,10,13.937500
322_HYDRO_1-0,11,13.800000
322_HYDRO_1-0,12,12.608333
322_HYDRO_1-0,13,11.275000
322_HYDRO_1-0,14,10.620833
322_HYDRO_1-0,15,9.487500
322_HYDRO_1-0,16,8.095833
322_HYDRO_1-0,17,11.941667
322_HYDRO_1-0,18,14.020833
322_HYDRO_1-0,19,11.950000
322_HYDRO_1-0,20,10.804167
322_HYDRO_1-0,21,8.566667
322_HYDRO_1-0,22,15.116667
322_HYDRO_1-0,23,24.283333
322_HYDRO_1-0,24,0.000000
322_HYDRO_1-1,1,0.000000
322_HYDRO_1-1,2,0.000000
322_HYDRO_1-1,3,0.000000
322_HYDRO_1-1,4,0.000000
322_HYDRO_1-1,5,0.000000
322_HYDRO_1-1,6,0.000000
322_HYDRO_1-1,7,0.000000
322_HYDRO_1-1,8,0.000000
322_HYDRO_1-1,9,0.000000
322_HYDRO_1-1,10,0.000000
322_HYDRO_1-1,11,0.000000
322_HYDRO_1-1,12,0.000000
322_HYDRO_1-1,13,0.000000
322_HYDRO_1-1,14,0.000000
322_HYDRO_1-1,15,0.000000
322_HYDRO_1-1,16,0.000000
322_HYDRO_1-1,17,0.000000
322_HYDRO_1-1,18,0.000000
322_HYDRO_1-1,19,0.000000
322_HYDRO_1-1,20,0.000000
322_HYDRO_1-1,21,0.000000
322_HYDRO_1-1,22,0.000000
322_HYDRO_1-1,23,0.000000
322_HYDRO_1-1,24,0.000000
322_HYDRO_1-2,1,0.000000
322_HYDRO_1-2,2,0.000000
322_HYDRO_1-2,3,0.000000
322_HYDRO_1-2,4,0.000000
322_HYDRO_1-2,5,0.000000
322_HYDRO_1-2,6,0.000000
322_HYDRO_1-2,7,0.000000
322_HYDRO_1-2,8,0.000000
322_HYDRO_1-2,9,0.000000
322_HYDRO_1-2,10,0.000000
322_HYDRO_1-2,11,0.000000
322_HYDRO_1-2,12,0.000000
322_HYDRO_1-2,13,0.000000
322_HYDRO_1-2,14,0.000000
322_HYDRO_1-2,15,0.000000
322_HYDRO_1-2,16,0.000000
322_HYDRO_1-2,17,0.000000
322_HYDRO_1-2,18,0.000000
322_HYDRO_1-2,19,0.000000
322_HYDRO_1-2,20,0.000000
322_HYDRO_1-2,21,0.000000
322_HYDRO_1-2,22,0.000000
322_HYDRO_1-2,23,0.000000
322_HYDRO_1-2,24,0.000000
322_HYDRO_1-3,1,0.000000
322_HYDRO_1-3,2,0.000000
322_HYDRO_1-3,3,0.000000
322_HYDRO_1-3,4,0.000000
322_HYDRO_1-3,5,0.000000
322_HYDRO_1-3,6,0.000000
322_HYDRO_1-3,7,0.000000
322_HYDRO_1-3,8,0.000000
322_HYDRO_1-3,9,0.000000
322_HYDRO_1-3,10,0.000000
322_HYDRO_1-3,11,0.000000
322_HYDRO_1-3,12,0.000000
322_HYDRO_1-3,13,0.000000
322_HYDRO_1-3,14,0.000000
322_HYDRO_1-3,15,0.000000
322_HYDRO_1-3,16,0.000000
322_HYDRO_1-3,17,0.000000
322_HYDRO_1-3,18,0.000000
322_HYDRO_1-3,19,0.000000
322_HYDRO_1-3,20,0.000000
322_HYDRO_1-3,21,0.000000
322_HYDRO_1-3,22,0.000000
322_HYDRO_1-3,23,0.000000
322_HYDRO_1-3,24,0.000000
322_HYDRO_2-0,1,9.045833
322_HYDRO_2-0,2,9.504167
322_HYDRO_2-0,3,6.887500
322_HYDRO_2-0,4,8.025000
322_HYDRO_2-0,5,7.791667
322_HYDRO_2-0,6,14.437500
322_HYDRO_2-0,7,15.933333
322_HYDRO_2-0,8,13.400000
322_HYDRO_2-0,9,14.787500
322_HYDRO_2-0,10,13.937500
322_HYDRO_2-0,11,13.800000
322_HYDRO_2-0,12,12.608333
322_HYDRO_2-0,13,11.275000
322_HYDRO_2-0,14,10.620833
322_HYDRO_2-0,15,9.487500
322_HYDRO_2-0,16,8.095833
322_HYDRO_2-0,17,11.941667
322_HYDRO_2-0,18,14.020833
322_HYDRO_2-0,19,11.950000
322_HYDRO_2-0,20,10.804167
322_HYDRO_2-0,21,8.566667
322_HYDRO_2-0,22,15.116667
322_HYDRO_2-0,23,24.283333
322_HYDRO_2-0,24,0.000000
322_HYDRO_2-1,1,0.000000
322_HYDRO_2-1,2,0.000000
322_HYDRO_2-1,3,0.000000
322_HYDRO_2-1,4,0.000000
322_HYDRO_2-1,5,0.000000
322_HYDRO_2-1,6,0.000000
322_HYDRO_2-1,7,0.000000
322_HYDRO_2-1,8,0.000000
322_HYDRO_2-1,9,0.000000
322_HYDRO_2-1,10,0.000000
322_HYDRO_2-1,11,0.000000
322_HYDRO_2-1,12,0.000000
322_HYDRO_2-1,13,0.000000
322_HYDRO_2-1,14,0.000000
322_HYDRO_2-1,15,0.000000
322_HYDRO_2-1,16,0.000000
322_HYDRO_2-1,17,0.000000
322_HYDRO_2-1,18,0.000000
322_HYDRO_2-1,19,0.000000
322_HYDRO_2-1,20,0.000000
322_HYDRO_2-1,21,0.000000
322_HYDRO_2-1,22,0.000000
322_HYDRO_2-1,23,0.000000
322_HYDRO_2-1,24,0.000000
322_HYDRO_2-2,1,0.000000
322_HYDRO_2-2,2,0.000000
322_HYDRO_2-2,3,0.000000
322_HYDRO_2-2,4,0.000000
322_HYDRO_2-2,5,0.000000
322_HYDRO_2-2,6,0.000000
322_HYDRO_2-2,7,0.000000
322_HYDRO_2-2,8,0.000000
322_HYDRO_2-2,9,0.000000
322_HYDRO_2-2,10,0.000000
322_HYDRO_2-2,11,0.000000
322_HYDRO_2-2,12,0.000000
322_HYDRO_2-2,13,0.000000
322_HYDRO_2-2,14,0.000000
322_HYDRO_2-2,15,0.000000
322_HYDRO_2-2,16,0.000000
322_HYDRO_2-2,17,0.000000
322_HYDRO_2-2,18,0.000000
322_HYDRO_2-2,19,0.000000
322_HYDRO_2-2,20,0.000000
322_HYDRO_2-2,21,0.000000
322_HYDRO_2-2,22,0.000000
322_HYDRO_2-2,23,0.000000
322_HYDRO_2-2,24,0.000000
322_HYDRO_2-3,1,0.000000
322_HYDRO_2-3,2,0.000000
322_HYDRO_2-3,3,0.000000
322_HYDRO_2-3,4,0.000000
322_HYDRO_2-3,5,0.000000
322_HYDRO_2-3,6,0.000000
322_HYDRO_2-3,7,0.000000
322_HYDRO_2-3,8,0.000000
322_HYDRO_2-3,9,0.000000
322_HYDRO_2-3,10,0.000000
322_HYDRO_2-3,11,0.000000
322_HYDRO_2-3,12,0.000000
322_HYDRO_2-3,13,0.000000
322_HYDRO_2-3,14,0.000000
322_HYDRO_2-3,15,0.000000
322_HYDRO_2-3,16,0.000000
322_HYDRO_2-3,17,0.000000
322_HYDRO_2-3,18,0.000000
322_HYDRO_2-3,19,0.000000
322_HYDRO_2-3,20,0.000000
322_HYDRO_2-3,21,0.000000
322_HYDRO_2-3,22,0.000000
322_HYDRO_2-3,23,0.000000
322_HYDRO_2-3,24,0.000000
322_HYDRO_3-0,1,9.045833
322_HYDRO_3-0,2,9.504167
322_HYDRO_3-0,3,6.887500
322_HYDRO_3-0,4,8.025000
322_HYDRO_3-0,5,7.791667
322_HYDRO_3-0,6,14.437500
322_HYDRO_3-0,7,15.933333
322_HYDRO_3-0,8,13.400000
322_HYDRO_3-0,9,14.787500
322_HYDRO_3-0,10,13.937500
322_HYDRO_3-0,11,13.800000
322_HYDRO_3-0,12,12.608333
322_HYDRO_3-0,13,11.275000
322_HYDRO_3-0,14,10.620833
322_HYDRO_3-0,15,9.487500
322_HYDRO_3-0,16,8.095833
322_HYDRO_3-0,17,11.941667
322_HYDRO_3-0,18,14.020833
322_HYDRO_3-0,19,11.950000
322_HYDRO_3-0,20,10.804167
322_HYDRO_3-0,21,8.566667
322_HYDRO_3-0,22,15.116667
322_HYDRO_3-0,23,24.283333
322_HYDRO_3-0,24,0.000000
322_HYDRO_3-1,1,0.000000
322_HYDRO_3-1,2,0.000000
322_HYDRO_3-1,3,0.000000
322_HYDRO_3-1,4,0.000000
322_HYDRO_3-1,5,0.000000
322_HYDRO_3-1,6,0.000000
322_HYDRO_3-1,7,0.000000
322_HYDRO_3-1,8,0.000000
322_HYDRO_3-1,9,0.000000
322_HYDRO_3-1,10,0.000000
322_HYDRO_3-1,11,0.000000
322_HYDRO_3-1,12,0.000000
322_HYDRO_3-1,13,0.000000
322_HYDRO_3-1,14,0.000000
322_HYDRO_3-1,15,0.000000
322_HYDRO_3-1,16,0.000000
322_HYDRO_3-1,17,0.000000
322_HYDRO_3-1,18,0.000000
322_HYDRO_3-1,19,0.000000
322_HYDRO_3-1,20,0.000000
322_HYDRO_3-1,21,0.000000
322_HYDRO_3-1,22,0.000000
322_HYDRO_3-1,23,0.000000
322_HYDRO_3-1,24,0.000000
322_HYDRO_3-2,1,0.000000
322_HYDRO_3-2,2,0.000000
322_HYDRO_3-2,3,0.000000
322_HYDRO_3-2,4,0.000000
322_HYDRO_3-2,5,0.000000
322_HYDRO_3-2,6,0.000000
322_HYDRO_3-2,7,0.000000
322_HYDRO_3-2,8,0.000000
322_HYDRO_3-2,9,0.000000
322_HYDRO_3-2,10,0.000000
322_HYDRO_3-2,11,0.000000
322_HYDRO_3-2,12,0.000000
322_HYDRO_3-2,13,0.000000
322_HYDRO_3-2,14,0.000000
322_HYDRO_3-2,15,0.000000
322_HYDRO_3-2,16,0.000000
322_HYDRO_3-2,17,0.000000
322_HYDRO_3-2,18,0.000000
322_HYDRO_3-2,19,0.000000
322_HYDRO_3-2,20,0.000000
322_HYDRO_3-2,21,0.000000
322_HYDRO_3-2,22,0.000000
322_HYDRO_3-2,23,0.000000
322_HYDRO_3-2,24,0.000000
322_HYDRO_3-3,1,0.000000
322_HYDRO_3-3,2,0.000000
322_HYDRO_3-3,3,0.000000
322_HYDRO_3-3,4,0.000000
322_HYDRO_3-3,5,0.000000
322_HYDRO_3-3,6,0.000000
322_HYDRO_3-3,7,0.000000
322_HYDRO_3-3,8,0.000000
322_HYDRO_3-3,9,0.000000
322_HYDRO_3-3,10,0.000000
322_HYDRO_3-3,11,0.000000
322_HYDRO_3-3,12,0.000000
322_HYDRO_3-3,13,0.000000
322_HYDRO_3-3,14,0.000000
322_HYDRO_3-3,15,0.000000
322_HYDRO_3-3,16,0.000000
322_HYDRO_3-3,17,0.000000
322_HYDRO_3-3,18,0.000000
322_HYDRO_3-3,19,0.000000
322_HYDRO_3-3,20,0.000000
322_HYDRO_3-3,21,0.000000
322_HYDRO_3-3,22,0.000000
322_HYDRO_3-3,23,0.000000
322_HYDRO_3-3,24,0.000000
322_HYDRO_4-0,1,9.045833
322_HYDRO_4-0,2,9.504167
322_HYDRO_4-0,3,6.887500
322_HYDRO_4-0,4,8.025000
322_HYDRO_4-0,5,7.791667
322_HYDRO_4-0,6,14.437500
322_HYDRO_4-0,7,15.933333
322_HYDRO_4-0,8,13.400000
322_HYDRO_4-0,9,14.787500
322_HYDRO_4-0,10,13.937500
322_HYDRO_4-0,11,13.800000
322_HYDRO_4-0,12,12.608333
322_HYDRO_4-0,13,11.275000
322_HYDRO_4-0,14,10.620833
322_HYDRO_4-0,15,9.487500
322_HYDRO_4-0,16,8.095833
322_HYDRO_4-0,17,11.941667
322_HYDRO_4-0,18,14.020833
322_HYDRO_4-0,19,11.950000
322_HYDRO_4-0,20,10.804167
322_HYDRO_4-0,21,8.566667
322_HYDRO_4-0,22,15.116667
322_HYDRO_4-0,23,24.283333
322_HYDRO_4-0,24,0.000000
322_HYDRO_4-1,1,0.000000
322_HYDRO_4-1,2,0.000000
322_HYDRO_4-1,3,0.000000
322_HYDRO_4-1,4,0.000000
322_HYDRO_4-1,5,0.000000
322_HYDRO_4-1,6,0.000000
322_HYDRO_4-1,7,0.000000
322_HYDRO_4-1,8,0.000000
322_HYDRO_4-1,9,0.000000
322_HYDRO_4-1,10,0.000000
322_HYDRO_4-1,11,0.000000
322_HYDRO_4-1,12,0.000000
322_HYDRO_4-1,13,0.000000
322_HYDRO_4-1,14,0.000000
322_HYDRO_4-1,15,0.000000
322_HYDRO_4-1,16,0.000000
322_HYDRO_4-1,17,0.000000
322_HYDRO_4-1,18,0.000000
322_HYDRO_4-1,19,0.000000
322_HYDRO_4-1,20,0.000000
322_HYDRO_4-1,21,0.000000
322_HYDRO_4-1,22,0.000000
322_HYDRO_4-1,23,0.000000
322_HYDRO_4-1,24,0.000000
322_HYDRO_4-2,1,0.000000
322_HYDRO_4-2,2,0.000000
322_HYDRO_4-2,3,0.000000
322_HYDRO_4-2,4,0.000000
322_HYDRO_4-2,5,0.000000
322_HYDRO_4-2,6,0.000000
322_HYDRO_4-2,7,0.000000
322_HYDRO_4-2,8,0.000000
322_HYDRO_4-2,9,0.000000
322_HYDRO_4-2,10,0.000000
322_HYDRO_4-2,11,0.000000
322_HYDRO_4-2,12,0.000000
322_HYDRO_4-2,13,0.000000
322_HYDRO_4-2,14,0.000000
322_HYDRO_4-2,15,0.000000
322_HYDRO_4-2,16,0.000000
322_HYDRO_4-2,17,0.000000
322_HYDRO_4-2,18,0.000000
322_HYDRO_4-2,19,0.000000
322_HYDRO_4-2,20,0.000000
322_HYDRO_4-2,21,0.000000
322_HYDRO_4-2,22,0.000000
322_HYDRO_4-2,23,0.000000
322_HYDRO_4-2,24,0.000000
322_HYDRO_4-3,1,0.000000
322_HYDRO_4-3,2,0.000000
322_HYDRO_4-3,3,0.000000
322_HYDRO_4-3,4,0.000000
322_HYDRO_4-3,5,0.000000
322_HYDRO_4-3,6,0.000000
322_HYDRO_4-3,7,0.000000
322_HYDRO_4-3,8,0.000000
322_HYDRO_4-3,9,0.000000
322_HYDRO_4-3,10,0.000000
322_HYDRO_4-3,11,0.000000
322_HYDRO_4-3,12,0.000000
322_HYDRO_4-3,13,0.000000
322_HYDRO_4-3,14,0.000000
322_HYDRO_4-3,15,0.000000
322_HYDRO_4-3,16,0.000000
322_HYDRO_4-3,17,0.000000
322_HYDRO_4-3,18,0.000000
322_HYDRO_4-3,19,0.000000
322_HYDRO_4-3,20,0.000000
322_HYDRO_4-3,21,0.000000
322_HYDRO_4-3,22,0.000000
322_HYDRO_4-3,23,0.000000
322_HYDRO_4-3,24,0.000000
