,flow (MWh),congestion price from ($/MWh),congestion price to ($/MWh)
C1-1,47.768850,0.000000,0.000000
C1-2,47.379786,0.000000,0.000000
C1-3,47.527073,0.000000,0.000000
C1-4,47.675367,0.000000,0.000000
C1-5,48.157662,0.000000,0.000000
C1-6,48.796280,0.000000,0.000000
C1-7,29.207939,0.000000,0.000000
C1-8,43.527516,0.000000,0.000000
C1-9,31.544300,0.000000,0.000000
C1-10,32.533238,0.000000,0.000000
C1-11,50.861907,0.000000,0.000000
C1-12,55.385806,0.000000,0.000000
C1-13,55.965058,0.000000,0.000000
C1-14,56.559953,0.000000,0.000000
C1-15,77.543458,0.000000,0.000000
C1-16,78.033565,0.000000,0.000000
C1-17,56.020714,0.000000,0.000000
C1-18,54.959672,0.000000,0.000000
C1-19,63.940567,0.000000,0.000000
C1-20,42.305828,0.000000,0.000000
C1-21,30.755900,0.000000,0.000000
C1-22,26.158283,0.000000,0.000000
C1-23,21.526490,0.000000,0.000000
C1-24,18.002875,0.000000,0.000000
C2-1,-127.029694,0.000000,0.000000
C2-2,-123.541535,0.000000,0.000000
C2-3,-119.896657,0.000000,0.000000
C2-4,-119.090161,0.000000,0.000000
C2-5,-119.979735,0.000000,0.000000
C2-6,-124.046922,0.000000,0.000000
C2-7,-142.779053,0.000000,0.000000
C2-8,-138.152347,0.000000,0.000000
C2-9,-151.862703,0.000000,0.000000
C2-10,-156.430717,0.000000,0.000000
C2-11,-148.858023,0.000000,0.000000
C2-12,-155.831476,0.000000,0.000000
C2-13,-157.651109,0.000000,0.000000
C2-14,-159.392607,0.000000,0.000000
C2-15,-146.409954,0.000000,0.000000
C2-16,-146.252903,0.000000,0.000000
C2-17,-151.700247,0.000000,0.000000
C2-18,-146.318698,0.000000,0.000000
C2-19,-119.958410,0.000000,0.000000
C2-20,-99.990758,0.000000,0.000000
C2-21,-88.919956,0.000000,0.000000
C2-22,-78.237456,0.000000,0.000000
C2-23,-67.736647,0.000000,0.000000
C2-24,-58.269652,0.000000,0.000000
C3-1,37.458249,0.000000,0.000000
C3-2,36.870385,0.000000,0.000000
C3-3,34.034880,0.000000,0.000000
C3-4,32.943425,0.000000,0.000000
C3-5,31.556967,0.000000,0.000000
C3-6,31.500563,0.000000,0.000000
C3-7,14.405660,0.000000,0.000000
C3-8,20.740585,0.000000,0.000000
C3-9,10.629697,0.000000,0.000000
C3-10,9.476726,0.000000,0.000000
C3-11,22.325307,0.000000,0.000000
C3-12,24.647504,0.000000,0.000000
C3-13,23.444988,0.000000,0.000000
C3-14,22.131610,0.000000,0.000000
C3-15,36.064218,0.000000,0.000000
C3-16,35.109562,0.000000,0.000000
C3-17,19.556787,0.000000,0.000000
C3-18,20.497906,0.000000,0.000000
C3-19,26.444585,0.000000,0.000000
C3-20,5.512538,0.000000,0.000000
C3-21,-4.428795,0.000000,0.000000
C3-22,-4.175810,0.000000,0.000000
C3-23,-3.929039,0.000000,0.000000
C3-24,-5.072040,0.000000,0.000000
C4-1,-15.879686,0.000000,0.000000
C4-2,-13.444621,0.000000,0.000000
C4-3,-10.419355,0.000000,0.000000
C4-4,-9.649514,0.000000,0.000000
C4-5,-9.937964,0.000000,0.000000
C4-6,-12.616668,0.000000,0.000000
C4-7,-26.869253,0.000000,0.000000
C4-8,-21.724501,0.000000,0.000000
C4-9,-32.061808,0.000000,0.000000
C4-10,-34.834509,0.000000,0.000000
C4-11,-27.884730,0.000000,0.000000
C4-12,-32.162431,0.000000,0.000000
C4-13,-33.106038,0.000000,0.000000
C4-14,-33.973952,0.000000,0.000000
C4-15,-23.401056,0.000000,0.000000
C4-16,-22.530266,0.000000,0.000000
C4-17,-28.327236,0.000000,0.000000
C4-18,-24.970432,0.000000,0.000000
C4-19,-15.652313,0.000000,0.000000
C4-20,-22.275916,0.000000,0.000000
C4-21,-25.422945,0.000000,0.000000
C4-22,-24.280583,0.000000,0.000000
C4-23,-23.386146,0.000000,0.000000
C4-24,-21.651914,0.000000,0.000000
C5-1,26.103614,0.000000,0.000000
C5-2,25.534942,0.000000,0.000000
C5-3,23.516185,0.000000,0.000000
C5-4,22.771891,0.000000,0.000000
C5-5,21.931596,0.000000,0.000000
C5-6,22.118895,0.000000,0.000000
C5-7,11.919331,0.000000,0.000000
C5-8,15.892795,0.000000,0.000000
C5-9,9.996807,0.000000,0.000000
C5-10,9.508366,0.000000,0.000000
C5-11,17.557773,0.000000,0.000000
C5-12,19.470256,0.000000,0.000000
C5-13,18.799030,0.000000,0.000000
C5-14,18.052412,0.000000,0.000000
C5-15,26.575802,0.000000,0.000000
C5-16,25.918940,0.000000,0.000000
C5-17,15.978447,0.000000,0.000000
C5-18,16.286320,0.000000,0.000000
C5-19,19.554760,0.000000,0.000000
C5-20,6.292753,0.000000,0.000000
C5-21,-0.038807,0.000000,0.000000
C5-22,-0.086442,0.000000,0.000000
C5-23,-0.119790,0.000000,0.000000
C5-24,-1.066185,0.000000,0.000000
C6-1,175.000000,0.000000,0.000000
C6-2,175.000000,0.000000,0.000000
C6-3,175.000000,0.000000,0.000000
C6-4,175.000000,0.000000,0.000000
C6-5,175.000000,0.000000,0.000000
C6-6,175.000000,0.000000,0.000000
C6-7,175.000000,0.000000,0.000000
C6-8,175.000000,0.000000,0.000000
C6-9,175.000000,0.000000,0.000000
C6-10,175.000000,0.000000,0.000000
C6-11,175.000000,0.000000,0.000000
C6-12,175.000000,0.000000,62.388963
C6-13,175.000000,0.000000,68.375744
C6-14,175.000000,0.000000,68.375744
C6-15,173.714587,0.000000,0.000000
C6-16,175.000000,0.000000,0.000000
C6-17,175.000000,0.000000,29.028883
C6-18,175.000000,0.000000,68.375744
C6-19,149.809002,0.000000,0.000000
C6-20,100.167516,0.000000,0.000000
C6-21,74.451032,0.000000,0.000000
C6-22,60.981649,0.000000,0.000000
C6-23,47.216148,0.000000,0.000000
C6-24,36.256589,0.000000,0.000000
C7-1,112.410545,0.000000,0.000000
C7-2,154.489523,0.000000,0.000000
C7-3,239.165730,0.000000,0.000000
C7-4,238.488301,0.000000,0.000000
C7-5,246.826266,0.000000,0.000000
C7-6,234.682599,0.000000,0.000000
C7-7,151.656891,0.000000,0.000000
C7-8,258.390805,0.000000,0.000000
C7-9,218.837456,0.000000,0.000000
C7-10,63.182264,0.000000,0.000000
C7-11,22.814111,0.000000,0.000000
C7-12,44.278793,0.000000,0.000000
C7-13,46.694824,0.000000,0.000000
C7-14,47.724688,0.000000,0.000000
C7-15,-42.553337,0.000000,0.000000
C7-16,-46.903024,0.000000,0.000000
C7-17,-28.238157,0.000000,0.000000
C7-18,44.146535,0.000000,0.000000
C7-19,-58.895025,0.000000,0.000000
C7-20,-142.098412,0.000000,0.000000
C7-21,-169.833577,0.000000,0.000000
C7-22,-166.377409,0.000000,0.000000
C7-23,-133.143123,0.000000,0.000000
C7-24,-121.065936,0.000000,0.000000
C8-1,-44.522204,0.000000,0.000000
C8-2,-40.366481,0.000000,0.000000
C8-3,-36.685727,0.000000,0.000000
C8-4,-36.009527,0.000000,0.000000
C8-5,-37.527018,0.000000,0.000000
C8-6,-42.593574,0.000000,0.000000
C8-7,-60.556694,0.000000,0.000000
C8-8,-59.379990,0.000000,0.000000
C8-9,-72.959625,0.000000,0.000000
C8-10,-78.974654,0.000000,0.000000
C8-11,-74.564894,0.000000,0.000000
C8-12,-84.098211,0.000000,0.000000
C8-13,-86.715655,0.000000,0.000000
C8-14,-89.269112,0.000000,0.000000
C8-15,-80.135950,0.000000,0.000000
C8-16,-79.475853,0.000000,0.000000
C8-17,-80.485414,0.000000,0.000000
C8-18,-73.523421,0.000000,0.000000
C8-19,-61.454591,0.000000,0.000000
C8-20,-66.743806,0.000000,0.000000
C8-21,-68.310639,0.000000,0.000000
C8-22,-62.825663,0.000000,0.000000
C8-23,-57.740781,0.000000,0.000000
C8-24,-52.717400,0.000000,0.000000
C9-1,9.976914,0.000000,0.000000
C9-2,11.039951,0.000000,0.000000
C9-3,8.833361,0.000000,0.000000
C9-4,7.652061,0.000000,0.000000
C9-5,5.086388,0.000000,0.000000
C9-6,2.738937,0.000000,0.000000
C9-7,-17.916074,0.000000,0.000000
C9-8,-15.388330,0.000000,0.000000
C9-9,-28.610100,0.000000,0.000000
C9-10,-32.873954,0.000000,0.000000
C9-11,-22.462418,0.000000,0.000000
C9-12,-25.182771,0.000000,0.000000
C9-13,-27.991266,0.000000,0.000000
C9-14,-30.921854,0.000000,0.000000
C9-15,-18.370613,0.000000,0.000000
C9-16,-19.527420,0.000000,0.000000
C9-17,-30.486870,0.000000,0.000000
C9-18,-26.086720,0.000000,0.000000
C9-19,-17.500844,0.000000,0.000000
C9-20,-37.152599,0.000000,0.000000
C9-21,-45.577798,0.000000,0.000000
C9-22,-41.158252,0.000000,0.000000
C9-23,-36.890918,0.000000,0.000000
C9-24,-34.878114,0.000000,0.000000
C10-1,-26.536690,0.000000,0.000000
C10-2,-23.943072,0.000000,0.000000
C10-3,-24.757146,0.000000,0.000000
C10-4,-25.673537,0.000000,0.000000
C10-5,-28.772612,0.000000,0.000000
C10-6,-32.973797,0.000000,0.000000
C10-7,-49.992722,0.000000,0.000000
C10-8,-53.311887,0.000000,0.000000
C10-9,-65.166749,0.000000,0.000000
C10-10,-71.614063,0.000000,0.000000
C10-11,-68.232800,0.000000,0.000000
C10-12,-75.979286,0.000000,0.000000
C10-13,-79.726753,0.000000,0.000000
C10-14,-83.571125,0.000000,0.000000
C10-15,-77.693733,0.000000,0.000000
C10-16,-78.737814,0.000000,0.000000
C10-17,-79.879826,0.000000,0.000000
C10-18,-72.946201,0.000000,0.000000
C10-19,-64.622399,0.000000,0.000000
C10-20,-75.432018,0.000000,0.000000
C10-21,-78.859434,0.000000,0.000000
C10-22,-70.926050,0.000000,0.000000
C10-23,-63.258037,0.000000,0.000000
C10-24,-58.159510,0.000000,0.000000
C11-1,-48.382632,0.000000,0.000000
C11-2,-45.476115,0.000000,0.000000
C11-3,-44.368871,0.000000,0.000000
C11-4,-44.527048,0.000000,0.000000
C11-5,-46.603132,0.000000,0.000000
C11-6,-50.636666,0.000000,0.000000
C11-7,-56.904461,0.000000,0.000000
C11-8,-63.607245,0.000000,0.000000
C11-9,-69.084151,0.000000,0.000000
C11-10,-74.561057,0.000000,0.000000
C11-11,-78.851629,0.000000,0.000000
C11-12,0.270642,0.000000,0.000000
C11-13,-2.556786,0.000000,0.000000
C11-14,-5.403986,0.000000,0.000000
C11-15,-95.835970,0.000000,0.000000
C11-16,-96.191870,0.000000,0.000000
C11-17,-22.105030,0.000000,0.000000
C11-18,5.984815,0.000000,0.000000
C11-19,-77.368712,0.000000,0.000000
C11-20,-75.114679,0.000000,0.000000
C11-21,-72.445429,0.000000,0.000000
C11-22,-65.109934,0.000000,0.000000
C11-23,-58.031477,0.000000,0.000000
C11-24,-52.475482,0.000000,0.000000
C12-1-1,-87.709840,0.000000,0.000000
C12-1-2,-80.928606,0.000000,0.000000
C12-1-3,-60.918334,0.000000,0.000000
C12-1-4,-49.268803,0.000000,0.000000
C12-1-5,-44.962709,0.000000,0.000000
C12-1-6,-47.381766,0.000000,0.000000
C12-1-7,-55.047977,0.000000,0.000000
C12-1-8,-65.481575,0.000000,0.000000
C12-1-9,-82.394092,0.000000,0.000000
C12-1-10,-101.223837,0.000000,0.000000
C12-1-11,-121.056166,0.000000,0.000000
C12-1-12,-96.036394,0.000000,0.000000
C12-1-13,-99.488861,0.000000,0.000000
C12-1-14,-102.853665,0.000000,0.000000
C12-1-15,-148.831331,0.000000,0.000000
C12-1-16,-148.134393,0.000000,0.000000
C12-1-17,-102.114035,0.000000,0.000000
C12-1-18,-81.878512,0.000000,0.000000
C12-1-19,-116.427794,0.000000,0.000000
C12-1-20,-108.260788,0.000000,0.000000
C12-1-21,-102.487945,0.000000,0.000000
C12-1-22,-93.073243,0.000000,0.000000
C12-1-23,-84.143638,0.000000,0.000000
C12-1-24,-75.706623,0.000000,0.000000
C13-2-1,-26.860233,0.000000,0.000000
C13-2-2,-24.275501,0.000000,0.000000
C13-2-3,-11.563818,0.000000,0.000000
C13-2-4,-2.137915,0.000000,0.000000
C13-2-5,1.223159,0.000000,0.000000
C13-2-6,2.724142,0.000000,0.000000
C13-2-7,-0.810119,0.000000,0.000000
C13-2-8,-12.548714,0.000000,0.000000
C13-2-9,-24.188844,0.000000,0.000000
C13-2-10,-40.045079,0.000000,0.000000
C13-2-11,-57.389492,0.000000,0.000000
C13-2-12,-23.706725,0.000000,0.000000
C13-2-13,-26.949608,0.000000,0.000000
C13-2-14,-30.326974,0.000000,0.000000
C13-2-15,-78.108245,0.000000,0.000000
C13-2-16,-79.647955,0.000000,0.000000
C13-2-17,-40.518676,0.000000,0.000000
C13-2-18,-24.333446,0.000000,0.000000
C13-2-19,-66.781317,0.000000,0.000000
C13-2-20,-69.610772,0.000000,0.000000
C13-2-21,-69.062830,0.000000,0.000000
C13-2-22,-61.107080,0.000000,0.000000
C13-2-23,-53.274900,0.000000,0.000000
C13-2-24,-48.555320,0.000000,0.000000
C14-1,54.701707,0.000000,0.000000
C14-2,63.517685,0.000000,0.000000
C14-3,85.092371,0.000000,0.000000
C14-4,92.134920,0.000000,0.000000
C14-5,85.613813,0.000000,0.000000
C14-6,86.831831,0.000000,0.000000
C14-7,70.358888,0.000000,0.000000
C14-8,58.727742,0.000000,0.000000
C14-9,41.765141,0.000000,0.000000
C14-10,13.816833,0.000000,0.000000
C14-11,2.386585,0.000000,0.000000
C14-12,8.671184,0.000000,0.000000
C14-13,2.871225,0.000000,0.000000
C14-14,-1.082634,0.000000,0.000000
C14-15,-27.987147,0.000000,0.000000
C14-16,-33.771276,0.000000,0.000000
C14-17,-30.408407,0.000000,0.000000
C14-18,-13.461951,0.000000,0.000000
C14-19,-44.736894,0.000000,0.000000
C14-20,-79.877793,0.000000,0.000000
C14-21,-92.184737,0.000000,0.000000
C14-22,-82.484000,0.000000,0.000000
C14-23,-67.426405,0.000000,0.000000
C14-24,-63.375365,0.000000,0.000000
C15-1,60.222231,0.000000,0.000000
C15-2,63.937334,0.000000,0.000000
C15-3,66.803816,0.000000,0.000000
C15-4,70.740550,0.000000,0.000000
C15-5,71.702075,0.000000,0.000000
C15-6,71.509831,0.000000,0.000000
C15-7,53.770196,0.000000,0.000000
C15-8,39.693884,0.000000,0.000000
C15-9,27.171665,0.000000,0.000000
C15-10,22.532530,0.000000,0.000000
C15-11,11.225074,0.000000,0.000000
C15-12,9.289777,0.000000,0.000000
C15-13,1.886425,0.000000,0.000000
C15-14,-8.589056,0.000000,0.000000
C15-15,-21.227571,0.000000,0.000000
C15-16,-28.207587,0.000000,0.000000
C15-17,-18.788084,0.000000,0.000000
C15-18,-14.702908,0.000000,0.000000
C15-19,-31.577686,0.000000,0.000000
C15-20,-67.719835,0.000000,0.000000
C15-21,-82.378081,0.000000,0.000000
C15-22,-66.353831,0.000000,0.000000
C15-23,-55.235935,0.000000,0.000000
C15-24,-53.266077,0.000000,0.000000
C16-1,-62.249511,0.000000,0.000000
C16-2,-45.181940,0.000000,0.000000
C16-3,-9.163773,0.000000,0.000000
C16-4,2.286145,0.000000,0.000000
C16-5,-2.502477,0.000000,0.000000
C16-6,-8.852741,0.000000,0.000000
C16-7,-33.565514,0.000000,0.000000
C16-8,-42.843042,0.000000,0.000000
C16-9,-70.259746,0.000000,0.000000
C16-10,-104.375589,0.000000,0.000000
C16-11,-120.789513,0.000000,0.000000
C16-12,-131.177158,0.000000,0.000000
C16-13,-137.468430,0.000000,0.000000
C16-14,-141.456409,0.000000,0.000000
C16-15,-165.268087,0.000000,0.000000
C16-16,-166.809208,0.000000,0.000000
C16-17,-150.060635,0.000000,0.000000
C16-18,-125.025380,0.000000,0.000000
C16-19,-141.476715,0.000000,0.000000
C16-20,-155.855960,0.000000,0.000000
C16-21,-158.233257,0.000000,0.000000
C16-22,-145.565712,0.000000,0.000000
C16-23,-128.161793,0.000000,0.000000
C16-24,-116.856692,0.000000,0.000000
C17-1,-56.647403,0.000000,0.000000
C17-2,-44.756088,0.000000,0.000000
C17-3,-27.722602,0.000000,0.000000
C17-4,-19.424398,0.000000,0.000000
C17-5,-16.619807,0.000000,0.000000
C17-6,-24.401175,0.000000,0.000000
C17-7,-50.399360,0.000000,0.000000
C17-8,-62.158189,0.000000,0.000000
C17-9,-85.068888,0.000000,0.000000
C17-10,-95.531088,0.000000,0.000000
C17-11,-111.820406,0.000000,0.000000
C17-12,-130.549423,0.000000,0.000000
C17-13,-138.467783,0.000000,0.000000
C17-14,-149.073763,0.000000,0.000000
C17-15,-158.408616,0.000000,0.000000
C17-16,-161.163297,0.000000,0.000000
C17-17,-138.268584,0.000000,0.000000
C17-18,-126.284676,0.000000,0.000000
C17-19,-128.123036,0.000000,0.000000
C17-20,-143.518328,0.000000,0.000000
C17-21,-148.281674,0.000000,0.000000
C17-22,-129.197166,0.000000,0.000000
C17-23,-115.791168,0.000000,0.000000
C17-24,-106.598005,0.000000,0.000000
C18-1,36.297880,0.000000,0.000000
C18-2,27.816540,0.000000,0.000000
C18-3,-1.444595,0.000000,0.000000
C18-4,26.332997,0.000000,0.000000
C18-5,-23.886941,0.000000,0.000000
C18-6,45.665372,0.000000,0.000000
C18-7,34.792906,0.000000,0.000000
C18-8,-58.087195,0.000000,0.000000
C18-9,-59.951784,0.000000,0.000000
C18-10,30.625015,0.000000,0.000000
C18-11,4.518841,0.000000,0.000000
C18-12,-48.519435,0.000000,0.000000
C18-13,-70.463705,0.000000,0.000000
C18-14,-83.777108,0.000000,0.000000
C18-15,-53.532930,0.000000,0.000000
C18-16,-57.854934,0.000000,0.000000
C18-17,-54.549141,0.000000,0.000000
C18-18,-77.077926,0.000000,0.000000
C18-19,-49.759144,0.000000,0.000000
C18-20,-68.046193,0.000000,0.000000
C18-21,-78.577473,0.000000,0.000000
C18-22,-63.853468,0.000000,0.000000
C18-23,-65.653581,0.000000,0.000000
C18-24,-68.199798,0.000000,0.000000
C19-1,-43.845684,0.000000,0.000000
C19-2,-9.480795,0.000000,0.000000
C19-3,77.373193,0.000000,0.000000
C19-4,68.088068,0.000000,0.000000
C19-5,106.998277,0.000000,0.000000
C19-6,32.313718,0.000000,0.000000
C19-7,2.000469,0.000000,0.000000
C19-8,73.971895,0.000000,0.000000
C19-9,31.457179,0.000000,0.000000
C19-10,-121.183771,0.000000,0.000000
C19-11,-122.921769,0.000000,0.000000
C19-12,-73.986539,0.000000,0.000000
C19-13,-64.133500,0.000000,0.000000
C19-14,-58.761935,0.000000,0.000000
C19-15,-139.722304,0.000000,0.000000
C19-16,-142.725549,0.000000,0.000000
C19-17,-125.919901,0.000000,0.000000
C19-18,-61.409404,0.000000,0.000000
C19-19,-136.454465,0.000000,0.000000
C19-20,-167.687560,0.000000,0.000000
C19-21,-171.840521,0.000000,0.000000
C19-22,-164.196244,0.000000,0.000000
C19-23,-129.934616,0.000000,0.000000
C19-24,-112.032259,0.000000,0.000000
C20-1,26.347135,0.000000,0.000000
C20-2,27.060122,0.000000,0.000000
C20-3,31.520525,0.000000,0.000000
C20-4,64.896349,0.000000,0.000000
C20-5,1.188967,0.000000,0.000000
C20-6,73.283278,0.000000,0.000000
C20-7,64.694024,0.000000,0.000000
C20-8,-23.778665,0.000000,0.000000
C20-9,-33.647045,0.000000,0.000000
C20-10,14.914970,0.000000,0.000000
C20-11,-11.412536,0.000000,0.000000
C20-12,-49.634449,0.000000,0.000000
C20-13,-68.688603,0.000000,0.000000
C20-14,-70.246784,0.000000,0.000000
C20-15,-65.717065,0.000000,0.000000
C20-16,-67.883483,0.000000,0.000000
C20-17,-75.494773,0.000000,0.000000
C20-18,-74.841101,0.000000,0.000000
C20-19,-73.478617,0.000000,0.000000
C20-20,-89.960912,0.000000,0.000000
C20-21,-96.253971,0.000000,0.000000
C20-22,-92.928098,0.000000,0.000000
C20-23,-87.626904,0.000000,0.000000
C20-24,-86.421791,0.000000,0.000000
C21-1,-22.772308,0.000000,0.000000
C21-2,3.487791,0.000000,0.000000
C21-3,54.452356,0.000000,0.000000
C21-4,49.761469,0.000000,0.000000
C21-5,53.893301,0.000000,0.000000
C21-6,46.667044,0.000000,0.000000
C21-7,13.043478,0.000000,0.000000
C21-8,73.631027,0.000000,0.000000
C21-9,44.874823,0.000000,0.000000
C21-10,-34.371862,0.000000,0.000000
C21-11,-62.549462,0.000000,0.000000
C21-12,-71.625197,0.000000,0.000000
C21-13,-67.892755,0.000000,0.000000
C21-14,-87.416035,0.000000,0.000000
C21-15,-113.919123,0.000000,0.000000
C21-16,-121.487401,0.000000,0.000000
C21-17,-81.561895,0.000000,0.000000
C21-18,-66.146484,0.000000,0.000000
C21-19,-86.222105,0.000000,0.000000
C21-20,-121.277251,0.000000,0.000000
C21-21,-134.405784,0.000000,0.000000
C21-22,-102.622899,0.000000,0.000000
C21-23,-83.400199,0.000000,0.000000
C21-24,-73.442291,0.000000,0.000000
C22-1,-39.926165,0.000000,0.000000
C22-2,-11.041036,0.000000,0.000000
C22-3,43.320613,0.000000,0.000000
C22-4,19.676296,0.000000,0.000000
C22-5,59.431951,0.000000,0.000000
C22-6,11.598919,0.000000,0.000000
C22-7,-21.150526,0.000000,0.000000
C22-8,95.213627,0.000000,0.000000
C22-9,68.596735,0.000000,0.000000
C22-10,-46.551600,0.000000,0.000000
C22-11,-63.442483,0.000000,0.000000
C22-12,-52.473455,0.000000,0.000000
C22-13,-37.799360,0.000000,0.000000
C22-14,-58.707009,0.000000,0.000000
C22-15,-90.755584,0.000000,0.000000
C22-16,-97.998514,0.000000,0.000000
C22-17,-49.284537,0.000000,0.000000
C22-18,-32.457886,0.000000,0.000000
C22-19,-55.592765,0.000000,0.000000
C22-20,-85.583558,0.000000,0.000000
C22-21,-96.749086,0.000000,0.000000
C22-22,-63.147959,0.000000,0.000000
C22-23,-44.640550,0.000000,0.000000
C22-24,-34.202945,0.000000,0.000000
C23-1,-118.935529,0.000000,0.000000
C23-2,-39.393059,0.000000,0.000000
C23-3,38.954373,0.000000,0.000000
C23-4,33.357089,0.000000,0.000000
C23-5,34.670216,0.000000,0.000000
C23-6,51.258946,0.000000,0.000000
C23-7,-86.315254,0.000000,0.000000
C23-8,111.645118,0.000000,0.000000
C23-9,93.738577,0.000000,0.000000
C23-10,-129.260864,0.000000,0.000000
C23-11,-176.991164,0.000000,0.000000
C23-12,-210.142502,0.000000,0.000000
C23-13,-204.677631,0.000000,0.000000
C23-14,-203.724922,0.000000,0.000000
C23-15,-288.459729,0.000000,0.000000
C23-16,-292.015331,0.000000,0.000000
C23-17,-262.658908,0.000000,0.000000
C23-18,-188.696972,0.000000,0.000000
C23-19,-256.530707,0.000000,0.000000
C23-20,-284.265541,0.000000,0.000000
C23-21,-284.275826,0.000000,0.000000
C23-22,-265.246861,0.000000,0.000000
C23-23,-219.999469,0.000000,0.000000
C23-24,-193.474208,0.000000,0.000000
C24-1,74.682672,0.000000,0.000000
C24-2,63.500055,0.000000,0.000000
C24-3,53.369757,0.000000,0.000000
C24-4,52.316246,0.000000,0.000000
C24-5,52.494368,0.000000,0.000000
C24-6,29.800614,0.000000,0.000000
C24-7,63.967402,0.000000,0.000000
C24-8,7.840235,0.000000,0.000000
C24-9,-17.492057,0.000000,0.000000
C24-10,37.172087,0.000000,0.000000
C24-11,38.993889,0.000000,0.000000
C24-12,-0.489327,0.000000,0.000000
C24-13,-6.205901,0.000000,0.000000
C24-14,-18.066580,0.000000,0.000000
C24-15,70.823425,0.000000,0.000000
C24-16,65.743566,0.000000,0.000000
C24-17,75.560151,0.000000,0.000000
C24-18,-6.564572,0.000000,0.000000
C24-19,69.068658,0.000000,0.000000
C24-20,41.105378,0.000000,0.000000
C24-21,12.095913,0.000000,0.000000
C24-22,24.203332,0.000000,0.000000
C24-23,-22.176973,0.000000,0.000000
C24-24,-39.501489,0.000000,0.000000
C25-1-1,-42.485241,0.000000,0.000000
C25-1-2,0.460187,0.000000,0.000000
C25-1-3,36.638259,0.000000,0.000000
C25-1-4,36.625730,0.000000,0.000000
C25-1-5,38.073178,0.000000,0.000000
C25-1-6,38.233701,0.000000,0.000000
C25-1-7,-28.310111,0.000000,0.000000
C25-1-8,44.621299,0.000000,0.000000
C25-1-9,45.470220,0.000000,0.000000
C25-1-10,-81.538331,0.000000,0.000000
C25-1-11,-92.382088,0.000000,0.000000
C25-1-12,-88.856766,0.000000,0.000000
C25-1-13,-88.375642,0.000000,0.000000
C25-1-14,-85.540620,0.000000,0.000000
C25-1-15,-178.208390,0.000000,0.000000
C25-1-16,-178.294585,0.000000,0.000000
C25-1-17,-163.616332,0.000000,0.000000
C25-1-18,-78.639701,0.000000,0.000000
C25-1-19,-162.085369,0.000000,0.000000
C25-1-20,-186.847308,0.000000,0.000000
C25-1-21,-182.825548,0.000000,0.000000
C25-1-22,-177.849767,0.000000,0.000000
C25-1-23,-129.066988,0.000000,0.000000
C25-1-24,-107.321135,0.000000,0.000000
C25-2-1,-42.485241,0.000000,0.000000
C25-2-2,0.460187,0.000000,0.000000
C25-2-3,36.638259,0.000000,0.000000
C25-2-4,36.625730,0.000000,0.000000
C25-2-5,38.073178,0.000000,0.000000
C25-2-6,38.233701,0.000000,0.000000
C25-2-7,-28.310111,0.000000,0.000000
C25-2-8,44.621299,0.000000,0.000000
C25-2-9,45.470220,0.000000,0.000000
C25-2-10,-81.538331,0.000000,0.000000
C25-2-11,-92.382088,0.000000,0.000000
C25-2-12,-88.856766,0.000000,0.000000
C25-2-13,-88.375642,0.000000,0.000000
C25-2-14,-85.540620,0.000000,0.000000
C25-2-15,-178.208390,0.000000,0.000000
C25-2-16,-178.294585,0.000000,0.000000
C25-2-17,-163.616332,0.000000,0.000000
C25-2-18,-78.639701,0.000000,0.000000
C25-2-19,-162.085369,0.000000,0.000000
C25-2-20,-186.847308,0.000000,0.000000
C25-2-21,-182.825548,0.000000,0.000000
C25-2-22,-177.849767,0.000000,0.000000
C25-2-23,-129.066988,0.000000,0.000000
C25-2-24,-107.321135,0.000000,0.000000
C26-1,-112.410545,0.000000,0.000000
C26-2,-179.747856,0.000000,0.000000
C26-3,-239.165730,0.000000,0.000000
C26-4,-238.488301,0.000000,0.000000
C26-5,-246.826266,0.000000,0.000000
C26-6,-234.682599,0.000000,0.000000
C26-7,-151.656891,0.000000,0.000000
C26-8,-258.390805,0.000000,0.000000
C26-9,-248.645789,0.000000,0.000000
C26-10,-63.182264,0.000000,0.000000
C26-11,-54.197445,0.000000,0.000000
C26-12,-44.278793,0.000000,0.000000
C26-13,-46.694824,0.000000,0.000000
C26-14,-47.724688,0.000000,0.000000
C26-15,42.553337,0.000000,0.000000
C26-16,46.903024,0.000000,0.000000
C26-17,28.238157,0.000000,0.000000
C26-18,-44.146535,0.000000,0.000000
C26-19,58.895025,0.000000,0.000000
C26-20,142.098412,0.000000,0.000000
C26-21,169.833577,0.000000,0.000000
C26-22,166.377409,0.000000,0.000000
C26-23,133.143123,0.000000,0.000000
C26-24,121.065936,0.000000,0.000000
C27-1,-265.259302,0.000000,0.000000
C27-2,-96.252431,0.000000,0.000000
C27-3,44.922153,0.000000,0.000000
C27-4,45.368597,0.000000,0.000000
C27-5,48.004388,0.000000,0.000000
C27-6,58.428676,0.000000,0.000000
C27-7,-216.646295,0.000000,0.000000
C27-8,80.207102,0.000000,0.000000
C27-9,93.099737,0.000000,0.000000
C27-10,-416.976016,0.000000,0.000000
C27-11,-435.258417,0.000000,0.000000
C27-12,-407.517126,0.000000,0.000000
C27-13,-403.472105,0.000000,0.000000
C27-14,-368.881012,0.000000,0.000000
C27-15,-500.000000,1.197586,0.000000
C27-16,-500.000000,1.197586,0.000000
C27-17,-482.224847,0.000000,0.000000
C27-18,-355.282144,0.000000,0.000000
C27-19,-458.427345,0.000000,0.000000
C27-20,-500.000000,1.197586,0.000000
C27-21,-500.000000,1.197586,0.000000
C27-22,-495.854089,0.000000,0.000000
C27-23,-436.096185,0.000000,0.000000
C27-24,-420.938045,0.000000,0.000000
C28-1,182.300339,0.000000,0.000000
C28-2,83.978535,0.000000,0.000000
C28-3,11.906879,0.000000,0.000000
C28-4,4.683099,0.000000,0.000000
C28-5,1.877690,0.000000,0.000000
C28-6,-17.878448,0.000000,0.000000
C28-7,148.774875,0.000000,0.000000
C28-8,-11.607545,0.000000,0.000000
C28-9,-72.120537,0.000000,0.000000
C28-10,265.238394,0.000000,0.000000
C28-11,234.179839,0.000000,0.000000
C28-12,250.701810,0.000000,0.000000
C28-13,244.143144,0.000000,0.000000
C28-14,196.366321,0.000000,0.000000
C28-15,329.694920,0.000000,0.000000
C28-16,320.774739,0.000000,0.000000
C28-17,348.642066,0.000000,0.000000
C28-18,218.408453,0.000000,0.000000
C28-19,333.070327,0.000000,0.000000
C28-20,320.748094,0.000000,0.000000
C28-21,293.863744,0.000000,0.000000
C28-22,326.722613,0.000000,0.000000
C28-23,271.494561,0.000000,0.000000
C28-24,237.364628,0.000000,0.000000
C29-1,193.368405,0.000000,0.000000
C29-2,111.871862,0.000000,0.000000
C29-3,46.540576,0.000000,0.000000
C29-4,46.954140,0.000000,0.000000
C29-5,49.593594,0.000000,0.000000
C29-6,59.309049,0.000000,0.000000
C29-7,189.958432,0.000000,0.000000
C29-8,80.393374,0.000000,0.000000
C29-9,92.493884,0.000000,0.000000
C29-10,325.787822,0.000000,0.000000
C29-11,328.070001,0.000000,0.000000
C29-12,344.000943,0.000000,0.000000
C29-13,348.204859,0.000000,0.000000
C29-14,331.159801,0.000000,0.000000
C29-15,236.399332,0.000000,0.000000
C29-16,239.897834,0.000000,0.000000
C29-17,232.865799,0.000000,0.000000
C29-18,308.738445,0.000000,0.000000
C29-19,203.044221,0.000000,0.000000
C29-20,212.854149,0.000000,0.000000
C29-21,234.994359,0.000000,0.000000
C29-22,222.999937,0.000000,0.000000
C29-23,274.110114,0.000000,0.000000
C29-24,302.759621,0.000000,0.000000
C30-1,20.493408,0.000000,0.000000
C30-2,8.356136,0.000000,0.000000
C30-3,-1.618423,0.000000,0.000000
C30-4,-1.585543,0.000000,0.000000
C30-5,-1.589206,0.000000,0.000000
C30-6,-0.880374,0.000000,0.000000
C30-7,18.255274,0.000000,0.000000
C30-8,-0.186272,0.000000,0.000000
C30-9,0.605853,0.000000,0.000000
C30-10,35.919495,0.000000,0.000000
C30-11,15.121582,0.000000,0.000000
C30-12,15.856931,0.000000,0.000000
C30-13,14.473036,0.000000,0.000000
C30-14,4.934188,0.000000,0.000000
C30-15,-44.957665,0.000000,0.000000
C30-16,-40.047834,0.000000,0.000000
C30-17,-32.265645,0.000000,0.000000
C30-18,8.929411,0.000000,0.000000
C30-19,-24.363233,0.000000,0.000000
C30-20,-22.295816,0.000000,0.000000
C30-21,-17.552692,0.000000,0.000000
C30-22,-12.370693,0.000000,0.000000
C30-23,22.443701,0.000000,0.000000
C30-24,27.077334,0.000000,0.000000
C31-1-1,32.238537,0.000000,0.000000
C31-1-2,-4.638255,0.000000,0.000000
C31-1-3,-35.829047,0.000000,0.000000
C31-1-4,-35.832958,0.000000,0.000000
C31-1-5,-37.278575,0.000000,0.000000
C31-1-6,-37.793514,0.000000,0.000000
C31-1-7,19.182474,0.000000,0.000000
C31-1-8,-44.528163,0.000000,0.000000
C31-1-9,-45.773146,0.000000,0.000000
C31-1-10,63.578584,0.000000,0.000000
C31-1-11,59.004630,0.000000,0.000000
C31-1-12,55.144967,0.000000,0.000000
C31-1-13,53.480791,0.000000,0.000000
C31-1-14,41.165791,0.000000,0.000000
C31-1-15,-9.453846,0.000000,0.000000
C31-1-16,-8.178653,0.000000,0.000000
C31-1-17,-0.923001,0.000000,0.000000
C31-1-18,45.124996,0.000000,0.000000
C31-1-19,-1.533015,0.000000,0.000000
C31-1-20,6.374322,0.000000,0.000000
C31-1-21,20.999868,0.000000,0.000000
C31-1-22,24.773537,0.000000,0.000000
C31-1-23,59.757129,0.000000,0.000000
C31-1-24,81.482468,0.000000,0.000000
C31-2-1,32.238537,0.000000,0.000000
C31-2-2,-4.638255,0.000000,0.000000
C31-2-3,-35.829047,0.000000,0.000000
C31-2-4,-35.832958,0.000000,0.000000
C31-2-5,-37.278575,0.000000,0.000000
C31-2-6,-37.793514,0.000000,0.000000
C31-2-7,19.182474,0.000000,0.000000
C31-2-8,-44.528163,0.000000,0.000000
C31-2-9,-45.773146,0.000000,0.000000
C31-2-10,63.578584,0.000000,0.000000
C31-2-11,59.004630,0.000000,0.000000
C31-2-12,55.144967,0.000000,0.000000
C31-2-13,53.480791,0.000000,0.000000
C31-2-14,41.165791,0.000000,0.000000
C31-2-15,-9.453846,0.000000,0.000000
C31-2-16,-8.178653,0.000000,0.000000
C31-2-17,-0.923001,0.000000,0.000000
C31-2-18,45.124996,0.000000,0.000000
C31-2-19,-1.533015,0.000000,0.000000
C31-2-20,6.374322,0.000000,0.000000
C31-2-21,20.999868,0.000000,0.000000
C31-2-22,24.773537,0.000000,0.000000
C31-2-23,59.757129,0.000000,0.000000
C31-2-24,81.482468,0.000000,0.000000
C32-1-1,56.121144,0.000000,0.000000
C32-1-2,27.060393,0.000000,0.000000
C32-1-3,-26.169623,0.000000,0.000000
C32-1-4,-29.896034,0.000000,0.000000
C32-1-5,-32.801822,0.000000,0.000000
C32-1-6,-3.207008,0.000000,0.000000
C32-1-7,33.188608,0.000000,0.000000
C32-1-8,-51.855417,0.000000,0.000000
C32-1-9,-21.364694,0.000000,0.000000
C32-1-10,78.636992,0.000000,0.000000
C32-1-11,88.263840,0.000000,0.000000
C32-1-12,61.834850,0.000000,0.000000
C32-1-13,56.508459,0.000000,0.000000
C32-1-14,30.558674,0.000000,0.000000
C32-1-15,95.462218,0.000000,0.000000
C32-1-16,90.744456,0.000000,0.000000
C32-1-17,110.532991,0.000000,0.000000
C32-1-18,49.825232,0.000000,0.000000
C32-1-19,110.520216,0.000000,0.000000
C32-1-20,105.991019,0.000000,0.000000
C32-1-21,94.481382,0.000000,0.000000
C32-1-22,116.221715,0.000000,0.000000
C32-1-23,93.732491,0.000000,0.000000
C32-1-24,80.690065,0.000000,0.000000
C32-2-1,56.121144,0.000000,0.000000
C32-2-2,27.060393,0.000000,0.000000
C32-2-3,-26.169623,0.000000,0.000000
C32-2-4,-29.896034,0.000000,0.000000
C32-2-5,-32.801822,0.000000,0.000000
C32-2-6,-3.207008,0.000000,0.000000
C32-2-7,33.188608,0.000000,0.000000
C32-2-8,-51.855417,0.000000,0.000000
C32-2-9,-21.364694,0.000000,0.000000
C32-2-10,78.636992,0.000000,0.000000
C32-2-11,88.263840,0.000000,0.000000
C32-2-12,61.834850,0.000000,0.000000
C32-2-13,56.508459,0.000000,0.000000
C32-2-14,30.558674,0.000000,0.000000
C32-2-15,95.462218,0.000000,0.000000
C32-2-16,90.744456,0.000000,0.000000
C32-2-17,110.532991,0.000000,0.000000
C32-2-18,49.825232,0.000000,0.000000
C32-2-19,110.520216,0.000000,0.000000
C32-2-20,105.991019,0.000000,0.000000
C32-2-21,94.481382,0.000000,0.000000
C32-2-22,116.221715,0.000000,0.000000
C32-2-23,93.732491,0.000000,0.000000
C32-2-24,80.690065,0.000000,0.000000
C33-1-1,31.349236,0.000000,0.000000
C33-1-2,3.776622,0.000000,0.000000
C33-1-3,-48.886484,0.000000,0.000000
C33-1-4,-34.718882,0.000000,0.000000
C33-1-5,-56.662626,0.000000,0.000000
C33-1-6,-29.132981,0.000000,0.000000
C33-1-7,4.053524,0.000000,0.000000
C33-1-8,-84.422327,0.000000,0.000000
C33-1-9,-56.735779,0.000000,0.000000
C33-1-10,40.461731,0.000000,0.000000
C33-1-11,62.995972,0.000000,0.000000
C33-1-12,16.917419,0.000000,0.000000
C33-1-13,10.143385,0.000000,0.000000
C33-1-14,-17.264166,0.000000,0.000000
C33-1-15,46.394202,0.000000,0.000000
C33-1-16,41.494219,0.000000,0.000000
C33-1-17,65.423216,0.000000,0.000000
C33-1-18,7.833458,0.000000,0.000000
C33-1-19,70.907435,0.000000,0.000000
C33-1-20,67.532304,0.000000,0.000000
C33-1-21,57.389322,0.000000,0.000000
C33-1-22,82.885429,0.000000,0.000000
C33-1-23,64.020375,0.000000,0.000000
C33-1-24,53.822618,0.000000,0.000000
C33-2-1,31.349236,0.000000,0.000000
C33-2-2,3.776622,0.000000,0.000000
C33-2-3,-48.886484,0.000000,0.000000
C33-2-4,-34.718882,0.000000,0.000000
C33-2-5,-56.662626,0.000000,0.000000
C33-2-6,-29.132981,0.000000,0.000000
C33-2-7,4.053524,0.000000,0.000000
C33-2-8,-84.422327,0.000000,0.000000
C33-2-9,-56.735779,0.000000,0.000000
C33-2-10,40.461731,0.000000,0.000000
C33-2-11,62.995972,0.000000,0.000000
C33-2-12,16.917419,0.000000,0.000000
C33-2-13,10.143385,0.000000,0.000000
C33-2-14,-17.264166,0.000000,0.000000
C33-2-15,46.394202,0.000000,0.000000
C33-2-16,41.494219,0.000000,0.000000
C33-2-17,65.423216,0.000000,0.000000
C33-2-18,7.833458,0.000000,0.000000
C33-2-19,70.907435,0.000000,0.000000
C33-2-20,67.532304,0.000000,0.000000
C33-2-21,57.389322,0.000000,0.000000
C33-2-22,82.885429,0.000000,0.000000
C33-2-23,64.020375,0.000000,0.000000
C33-2-24,53.822618,0.000000,0.000000
C34-1,-20.493408,0.000000,0.000000
C34-2,-8.356136,0.000000,0.000000
C34-3,1.618423,0.000000,0.000000
C34-4,1.585543,0.000000,0.000000
C34-5,1.589206,0.000000,0.000000
C34-6,0.880374,0.000000,0.000000
C34-7,-18.255274,0.000000,0.000000
C34-8,0.186272,0.000000,0.000000
C34-9,-0.605853,0.000000,0.000000
C34-10,-35.919495,0.000000,0.000000
C34-11,-66.754916,0.000000,0.000000
C34-12,-67.423597,0.000000,0.000000
C34-13,-69.789703,0.000000,0.000000
C34-14,-76.300854,0.000000,0.000000
C34-15,-114.475668,0.000000,0.000000
C34-16,-108.102166,0.000000,0.000000
C34-17,-97.411999,0.000000,0.000000
C34-18,-67.029411,0.000000,0.000000
C34-19,-78.836767,0.000000,0.000000
C34-20,-80.687517,0.000000,0.000000
C34-21,-83.513975,0.000000,0.000000
C34-22,-74.485792,0.000000,0.000000
C34-23,-44.627034,0.000000,0.000000
C34-24,-51.677334,0.000000,0.000000
C35-1,0.000000,0.000000,0.000000
C35-2,0.000000,0.000000,0.000000
C35-3,0.000000,0.000000,0.000000
C35-4,0.000000,0.000000,0.000000
C35-5,0.000000,0.000000,0.000000
C35-6,0.000000,0.000000,0.000000
C35-7,0.000000,0.000000,0.000000
C35-8,0.000000,0.000000,0.000000
C35-9,0.000000,0.000000,0.000000
C35-10,0.000000,0.000000,0.000000
C35-11,0.000000,0.000000,0.000000
C35-12,0.000000,0.000000,0.000000
C35-13,0.000000,0.000000,0.000000
C35-14,0.000000,0.000000,0.000000
C35-15,0.000000,0.000000,0.000000
C35-16,0.000000,0.000000,0.000000
C35-17,0.000000,0.000000,0.000000
C35-18,0.000000,0.000000,0.000000
C35-19,0.000000,0.000000,0.000000
C35-20,0.000000,0.000000,0.000000
C35-21,0.000000,0.000000,0.000000
C35-22,0.000000,0.000000,0.000000
C35-23,0.000000,0.000000,0.000000
C35-24,0.000000,0.000000,0.000000
