timepoint,Gen_Index,available,Capacity,Fuel_Cost
1,301_CT_1,1,20.0,105.3672414
1,301_CT_2,1,20.0,105.3672414
1,301_CT_3,1,55.0,43.742886659999996
1,301_CT_4,1,55.0,43.742886659999996
1,302_CT_1,1,20.0,105.3672414
1,302_CT_2,1,20.0,105.3672414
1,302_CT_3,1,55.0,38.635079579999996
1,302_CT_4,1,55.0,38.635079579999996
1,307_CT_1,1,55.0,35.47476972
1,307_CT_2,1,55.0,35.47476972
1,313_CC_1,1,355.0,33.75273126
1,315_STEAM_1,1,12.0,124.09965539999999
1,315_STEAM_2,1,12.0,124.09965539999999
1,315_STEAM_3,1,12.0,124.09965539999999
1,315_STEAM_4,1,12.0,124.09965539999999
1,315_STEAM_5,1,12.0,124.09965539999999
1,315_CT_6,1,55.0,31.8557679
1,315_CT_7,1,55.0,31.8557679
1,315_CT_8,1,55.0,31.8557679
1,316_STEAM_1,1,155.0,27.274698980000004
1,318_CC_1,1,355.0,31.529241419999998
1,321_CC_1,1,355.0,33.94709226
1,322_CT_5,1,55.0,27.89469072
1,322_CT_6,1,55.0,27.89469072
1,323_CC_1,1,355.0,31.727489639999995
1,323_CC_2,1,355.0,31.727489639999995
1,322_HYDRO_1,1,14.892000000000001,0.0
1,322_HYDRO_2,1,14.892000000000001,0.0
1,322_HYDRO_3,1,14.892000000000001,0.0
1,322_HYDRO_4,1,14.892000000000001,0.0
1,320_PV_1,1,37.3,0.0
1,314_PV_1,1,37.1,0.0
1,314_PV_2,1,32.1,0.0
1,313_PV_1,1,71.6,0.0
1,314_PV_3,1,62.6,0.0
1,314_PV_4,1,36.3,0.0
1,313_PV_2,1,69.4,0.0
1,310_PV_1,1,38.0,0.0
1,324_PV_1,1,36.5,0.0
1,312_PV_1,1,68.1,0.0
1,310_PV_2,1,36.6,0.0
1,324_PV_2,1,37.0,0.0
1,324_PV_3,1,37.9,0.0
1,319_PV_1,1,131.5,0.0
1,308_RTPV_1,1,55.3,0.0
1,313_RTPV_1,1,62.9,0.0
1,313_RTPV_2,1,40.9,0.0
1,313_RTPV_3,1,37.8,0.0
1,313_RTPV_4,1,38.6,0.0
1,313_RTPV_5,1,41.8,0.0
1,313_RTPV_6,1,41.8,0.0
1,313_RTPV_7,1,42.0,0.0
1,313_RTPV_8,1,41.0,0.0
1,313_RTPV_9,1,42.8,0.0
1,313_RTPV_10,1,40.9,0.0
1,313_RTPV_11,1,42.3,0.0
1,313_RTPV_12,1,16.5,0.0
1,320_RTPV_1,1,17.4,0.0
1,320_RTPV_2,1,18.1,0.0
1,320_RTPV_3,1,17.9,0.0
1,313_RTPV_13,1,18.6,0.0
1,320_RTPV_4,1,16.9,0.0
1,320_RTPV_5,1,18.4,0.0
1,320_RTPV_6,1,5.6,0.0
1,309_WIND_1,1,5.9,0.0
1,317_WIND_1,1,85.3,0.0
1,303_WIND_1,1,6.3,0.0
2,301_CT_1,1,20.0,105.3672414
2,301_CT_2,1,20.0,105.3672414
2,301_CT_3,1,55.0,43.742886659999996
2,301_CT_4,1,55.0,43.742886659999996
2,302_CT_1,1,20.0,105.3672414
2,302_CT_2,1,20.0,105.3672414
2,302_CT_3,1,55.0,38.635079579999996
2,302_CT_4,1,55.0,38.635079579999996
2,307_CT_1,1,55.0,35.47476972
2,307_CT_2,1,55.0,35.47476972
2,313_CC_1,1,355.0,33.75273126
2,315_STEAM_1,1,12.0,124.09965539999999
2,315_STEAM_2,1,12.0,124.09965539999999
2,315_STEAM_3,1,12.0,124.09965539999999
2,315_STEAM_4,1,12.0,124.09965539999999
2,315_STEAM_5,1,12.0,124.09965539999999
2,315_CT_6,1,55.0,31.8557679
2,315_CT_7,1,55.0,31.8557679
2,315_CT_8,1,55.0,31.8557679
2,316_STEAM_1,1,155.0,27.274698980000004
2,318_CC_1,1,355.0,31.529241419999998
2,321_CC_1,1,355.0,33.94709226
2,322_CT_5,1,55.0,27.89469072
2,322_CT_6,1,55.0,27.89469072
2,323_CC_1,1,355.0,31.727489639999995
2,323_CC_2,1,355.0,31.727489639999995
2,322_HYDRO_1,1,14.883,0.0
2,322_HYDRO_2,1,14.883,0.0
2,322_HYDRO_3,1,14.883,0.0
2,322_HYDRO_4,1,14.883,0.0
2,320_PV_1,1,37.3,0.0
2,314_PV_1,1,37.2,0.0
2,314_PV_2,1,32.7,0.0
2,313_PV_1,1,72.2,0.0
2,314_PV_3,1,64.1,0.0
2,314_PV_4,1,37.1,0.0
2,313_PV_2,1,69.6,0.0
2,310_PV_1,1,37.8,0.0
2,324_PV_1,1,37.4,0.0
2,312_PV_1,1,67.8,0.0
2,310_PV_2,1,36.9,0.0
2,324_PV_2,1,37.3,0.0
2,324_PV_3,1,38.2,0.0
2,319_PV_1,1,130.9,0.0
2,308_RTPV_1,1,55.9,0.0
2,313_RTPV_1,1,64.1,0.0
2,313_RTPV_2,1,41.7,0.0
2,313_RTPV_3,1,38.3,0.0
2,313_RTPV_4,1,39.1,0.0
2,313_RTPV_5,1,42.5,0.0
2,313_RTPV_6,1,42.5,0.0
2,313_RTPV_7,1,42.7,0.0
2,313_RTPV_8,1,41.9,0.0
2,313_RTPV_9,1,43.6,0.0
2,313_RTPV_10,1,41.7,0.0
2,313_RTPV_11,1,42.9,0.0
2,313_RTPV_12,1,16.9,0.0
2,320_RTPV_1,1,17.7,0.0
2,320_RTPV_2,1,18.4,0.0
2,320_RTPV_3,1,18.3,0.0
2,313_RTPV_13,1,19.0,0.0
2,320_RTPV_4,1,17.2,0.0
2,320_RTPV_5,1,18.6,0.0
2,320_RTPV_6,1,5.9,0.0
2,309_WIND_1,1,4.6,0.0
2,317_WIND_1,1,76.6,0.0
2,303_WIND_1,1,5.1,0.0
3,301_CT_1,1,20.0,105.3672414
3,301_CT_2,1,20.0,105.3672414
3,301_CT_3,1,55.0,43.742886659999996
3,301_CT_4,1,55.0,43.742886659999996
3,302_CT_1,1,20.0,105.3672414
3,302_CT_2,1,20.0,105.3672414
3,302_CT_3,1,55.0,38.635079579999996
3,302_CT_4,1,55.0,38.635079579999996
3,307_CT_1,1,55.0,35.47476972
3,307_CT_2,1,55.0,35.47476972
3,313_CC_1,1,355.0,33.75273126
3,315_STEAM_1,1,12.0,124.09965539999999
3,315_STEAM_2,1,12.0,124.09965539999999
3,315_STEAM_3,1,12.0,124.09965539999999
3,315_STEAM_4,1,12.0,124.09965539999999
3,315_STEAM_5,1,12.0,124.09965539999999
3,315_CT_6,1,55.0,31.8557679
3,315_CT_7,1,55.0,31.8557679
3,315_CT_8,1,55.0,31.8557679
3,316_STEAM_1,1,155.0,27.274698980000004
3,318_CC_1,1,355.0,31.529241419999998
3,321_CC_1,1,355.0,33.94709226
3,322_CT_5,1,55.0,27.89469072
3,322_CT_6,1,55.0,27.89469072
3,323_CC_1,1,355.0,31.727489639999995
3,323_CC_2,1,355.0,31.727489639999995
3,322_HYDRO_1,1,14.875,0.0
3,322_HYDRO_2,1,14.875,0.0
3,322_HYDRO_3,1,14.875,0.0
3,322_HYDRO_4,1,14.875,0.0
3,320_PV_1,1,37.2,0.0
3,314_PV_1,1,37.1,0.0
3,314_PV_2,1,33.2,0.0
3,313_PV_1,1,73.2,0.0
3,314_PV_3,1,64.8,0.0
3,314_PV_4,1,37.6,0.0
3,313_PV_2,1,69.2,0.0
3,310_PV_1,1,38.8,0.0
3,324_PV_1,1,38.1,0.0
3,312_PV_1,1,68.6,0.0
3,310_PV_2,1,36.7,0.0
3,324_PV_2,1,36.8,0.0
3,324_PV_3,1,38.3,0.0
3,319_PV_1,1,131.5,0.0
3,308_RTPV_1,1,56.4,0.0
3,313_RTPV_1,1,65.3,0.0
3,313_RTPV_2,1,42.4,0.0
3,313_RTPV_3,1,38.7,0.0
3,313_RTPV_4,1,39.7,0.0
3,313_RTPV_5,1,43.2,0.0
3,313_RTPV_6,1,43.1,0.0
3,313_RTPV_7,1,43.1,0.0
3,313_RTPV_8,1,42.7,0.0
3,313_RTPV_9,1,44.3,0.0
3,313_RTPV_10,1,42.3,0.0
3,313_RTPV_11,1,43.4,0.0
3,313_RTPV_12,1,17.2,0.0
3,320_RTPV_1,1,17.9,0.0
3,320_RTPV_2,1,18.6,0.0
3,320_RTPV_3,1,18.8,0.0
3,313_RTPV_13,1,19.5,0.0
3,320_RTPV_4,1,17.4,0.0
3,320_RTPV_5,1,18.8,0.0
3,320_RTPV_6,1,6.1,0.0
3,309_WIND_1,1,4.5,0.0
3,317_WIND_1,1,67.6,0.0
3,303_WIND_1,1,6.4,0.0
4,301_CT_1,1,20.0,105.3672414
4,301_CT_2,1,20.0,105.3672414
4,301_CT_3,1,55.0,43.742886659999996
4,301_CT_4,1,55.0,43.742886659999996
4,302_CT_1,1,20.0,105.3672414
4,302_CT_2,1,20.0,105.3672414
4,302_CT_3,1,55.0,38.635079579999996
4,302_CT_4,1,55.0,38.635079579999996
4,307_CT_1,1,55.0,35.47476972
4,307_CT_2,1,55.0,35.47476972
4,313_CC_1,1,355.0,33.75273126
4,315_STEAM_1,1,12.0,124.09965539999999
4,315_STEAM_2,1,12.0,124.09965539999999
4,315_STEAM_3,1,12.0,124.09965539999999
4,315_STEAM_4,1,12.0,124.09965539999999
4,315_STEAM_5,1,12.0,124.09965539999999
4,315_CT_6,1,55.0,31.8557679
4,315_CT_7,1,55.0,31.8557679
4,315_CT_8,1,55.0,31.8557679
4,316_STEAM_1,1,155.0,27.274698980000004
4,318_CC_1,1,355.0,31.529241419999998
4,321_CC_1,1,355.0,33.94709226
4,322_CT_5,1,55.0,27.89469072
4,322_CT_6,1,55.0,27.89469072
4,323_CC_1,1,355.0,31.727489639999995
4,323_CC_2,1,355.0,31.727489639999995
4,322_HYDRO_1,1,14.867,0.0
4,322_HYDRO_2,1,14.867,0.0
4,322_HYDRO_3,1,14.867,0.0
4,322_HYDRO_4,1,14.867,0.0
4,320_PV_1,1,37.3,0.0
4,314_PV_1,1,37.0,0.0
4,314_PV_2,1,34.1,0.0
4,313_PV_1,1,73.7,0.0
4,314_PV_3,1,64.5,0.0
4,314_PV_4,1,37.5,0.0
4,313_PV_2,1,69.8,0.0
4,310_PV_1,1,39.2,0.0
4,324_PV_1,1,39.3,0.0
4,312_PV_1,1,68.7,0.0
4,310_PV_2,1,36.6,0.0
4,324_PV_2,1,36.5,0.0
4,324_PV_3,1,38.4,0.0
4,319_PV_1,1,132.2,0.0
4,308_RTPV_1,1,57.1,0.0
4,313_RTPV_1,1,66.7,0.0
4,313_RTPV_2,1,43.0,0.0
4,313_RTPV_3,1,39.3,0.0
4,313_RTPV_4,1,40.2,0.0
4,313_RTPV_5,1,43.8,0.0
4,313_RTPV_6,1,43.7,0.0
4,313_RTPV_7,1,43.3,0.0
4,313_RTPV_8,1,43.3,0.0
4,313_RTPV_9,1,44.9,0.0
4,313_RTPV_10,1,42.8,0.0
4,313_RTPV_11,1,43.7,0.0
4,313_RTPV_12,1,17.4,0.0
4,320_RTPV_1,1,18.0,0.0
4,320_RTPV_2,1,18.9,0.0
4,320_RTPV_3,1,19.3,0.0
4,313_RTPV_13,1,19.8,0.0
4,320_RTPV_4,1,17.6,0.0
4,320_RTPV_5,1,18.8,0.0
4,320_RTPV_6,1,6.2,0.0
4,309_WIND_1,1,4.3,0.0
4,317_WIND_1,1,65.5,0.0
4,303_WIND_1,1,5.4,0.0
5,301_CT_1,1,20.0,105.3672414
5,301_CT_2,1,20.0,105.3672414
5,301_CT_3,1,55.0,43.742886659999996
5,301_CT_4,1,55.0,43.742886659999996
5,302_CT_1,1,20.0,105.3672414
5,302_CT_2,1,20.0,105.3672414
5,302_CT_3,1,55.0,38.635079579999996
5,302_CT_4,1,55.0,38.635079579999996
5,307_CT_1,1,55.0,35.47476972
5,307_CT_2,1,55.0,35.47476972
5,313_CC_1,1,355.0,33.75273126
5,315_STEAM_1,1,12.0,124.09965539999999
5,315_STEAM_2,1,12.0,124.09965539999999
5,315_STEAM_3,1,12.0,124.09965539999999
5,315_STEAM_4,1,12.0,124.09965539999999
5,315_STEAM_5,1,12.0,124.09965539999999
5,315_CT_6,1,55.0,31.8557679
5,315_CT_7,1,55.0,31.8557679
5,315_CT_8,1,55.0,31.8557679
5,316_STEAM_1,1,155.0,27.274698980000004
5,318_CC_1,1,355.0,31.529241419999998
5,321_CC_1,1,355.0,33.94709226
5,322_CT_5,1,55.0,27.89469072
5,322_CT_6,1,55.0,27.89469072
5,323_CC_1,1,355.0,31.727489639999995
5,323_CC_2,1,355.0,31.727489639999995
5,322_HYDRO_1,1,14.857999999999999,0.0
5,322_HYDRO_2,1,14.857999999999999,0.0
5,322_HYDRO_3,1,14.857999999999999,0.0
5,322_HYDRO_4,1,14.857999999999999,0.0
5,320_PV_1,1,37.3,0.0
5,314_PV_1,1,36.8,0.0
5,314_PV_2,1,34.9,0.0
5,313_PV_1,1,74.4,0.0
5,314_PV_3,1,65.4,0.0
5,314_PV_4,1,37.7,0.0
5,313_PV_2,1,69.9,0.0
5,310_PV_1,1,39.8,0.0
5,324_PV_1,1,39.8,0.0
5,312_PV_1,1,67.9,0.0
5,310_PV_2,1,36.5,0.0
5,324_PV_2,1,36.6,0.0
5,324_PV_3,1,38.4,0.0
5,319_PV_1,1,132.8,0.0
5,308_RTPV_1,1,57.8,0.0
5,313_RTPV_1,1,68.0,0.0
5,313_RTPV_2,1,43.4,0.0
5,313_RTPV_3,1,39.7,0.0
5,313_RTPV_4,1,40.8,0.0
5,313_RTPV_5,1,44.3,0.0
5,313_RTPV_6,1,44.3,0.0
5,313_RTPV_7,1,43.6,0.0
5,313_RTPV_8,1,43.9,0.0
5,313_RTPV_9,1,45.5,0.0
5,313_RTPV_10,1,43.1,0.0
5,313_RTPV_11,1,44.2,0.0
5,313_RTPV_12,1,17.7,0.0
5,320_RTPV_1,1,18.4,0.0
5,320_RTPV_2,1,19.1,0.0
5,320_RTPV_3,1,19.7,0.0
5,313_RTPV_13,1,20.2,0.0
5,320_RTPV_4,1,17.8,0.0
5,320_RTPV_5,1,18.9,0.0
5,320_RTPV_6,1,6.2,0.0
5,309_WIND_1,1,3.3,0.0
5,317_WIND_1,1,65.2,0.0
5,303_WIND_1,1,4.4,0.0
6,301_CT_1,1,20.0,105.3672414
6,301_CT_2,1,20.0,105.3672414
6,301_CT_3,1,55.0,43.742886659999996
6,301_CT_4,1,55.0,43.742886659999996
6,302_CT_1,1,20.0,105.3672414
6,302_CT_2,1,20.0,105.3672414
6,302_CT_3,1,55.0,38.635079579999996
6,302_CT_4,1,55.0,38.635079579999996
6,307_CT_1,1,55.0,35.47476972
6,307_CT_2,1,55.0,35.47476972
6,313_CC_1,1,355.0,33.75273126
6,315_STEAM_1,1,12.0,124.09965539999999
6,315_STEAM_2,1,12.0,124.09965539999999
6,315_STEAM_3,1,12.0,124.09965539999999
6,315_STEAM_4,1,12.0,124.09965539999999
6,315_STEAM_5,1,12.0,124.09965539999999
6,315_CT_6,1,55.0,31.8557679
6,315_CT_7,1,55.0,31.8557679
6,315_CT_8,1,55.0,31.8557679
6,316_STEAM_1,1,155.0,27.274698980000004
6,318_CC_1,1,355.0,31.529241419999998
6,321_CC_1,1,355.0,33.94709226
6,322_CT_5,1,55.0,27.89469072
6,322_CT_6,1,55.0,27.89469072
6,323_CC_1,1,355.0,31.727489639999995
6,323_CC_2,1,355.0,31.727489639999995
6,322_HYDRO_1,1,14.85,0.0
6,322_HYDRO_2,1,14.85,0.0
6,322_HYDRO_3,1,14.85,0.0
6,322_HYDRO_4,1,14.85,0.0
6,320_PV_1,1,37.1,0.0
6,314_PV_1,1,36.8,0.0
6,314_PV_2,1,35.7,0.0
6,313_PV_1,1,74.4,0.0
6,314_PV_3,1,66.6,0.0
6,314_PV_4,1,37.9,0.0
6,313_PV_2,1,70.3,0.0
6,310_PV_1,1,40.0,0.0
6,324_PV_1,1,40.0,0.0
6,312_PV_1,1,68.9,0.0
6,310_PV_2,1,36.5,0.0
6,324_PV_2,1,36.8,0.0
6,324_PV_3,1,38.4,0.0
6,319_PV_1,1,132.7,0.0
6,308_RTPV_1,1,58.4,0.0
6,313_RTPV_1,1,69.2,0.0
6,313_RTPV_2,1,43.9,0.0
6,313_RTPV_3,1,40.0,0.0
6,313_RTPV_4,1,41.3,0.0
6,313_RTPV_5,1,45.0,0.0
6,313_RTPV_6,1,44.8,0.0
6,313_RTPV_7,1,44.2,0.0
6,313_RTPV_8,1,44.4,0.0
6,313_RTPV_9,1,46.0,0.0
6,313_RTPV_10,1,43.4,0.0
6,313_RTPV_11,1,44.5,0.0
6,313_RTPV_12,1,18.0,0.0
6,320_RTPV_1,1,18.6,0.0
6,320_RTPV_2,1,19.3,0.0
6,320_RTPV_3,1,20.0,0.0
6,313_RTPV_13,1,20.5,0.0
6,320_RTPV_4,1,18.0,0.0
6,320_RTPV_5,1,19.0,0.0
6,320_RTPV_6,1,6.3,0.0
6,309_WIND_1,1,1.8,0.0
6,317_WIND_1,1,59.9,0.0
6,303_WIND_1,1,4.5,0.0
7,301_CT_1,1,20.0,105.3672414
7,301_CT_2,1,20.0,105.3672414
7,301_CT_3,1,55.0,43.742886659999996
7,301_CT_4,1,55.0,43.742886659999996
7,302_CT_1,1,20.0,105.3672414
7,302_CT_2,1,20.0,105.3672414
7,302_CT_3,1,55.0,38.635079579999996
7,302_CT_4,1,55.0,38.635079579999996
7,307_CT_1,1,55.0,35.47476972
7,307_CT_2,1,55.0,35.47476972
7,313_CC_1,1,355.0,33.75273126
7,315_STEAM_1,1,12.0,124.09965539999999
7,315_STEAM_2,1,12.0,124.09965539999999
7,315_STEAM_3,1,12.0,124.09965539999999
7,315_STEAM_4,1,12.0,124.09965539999999
7,315_STEAM_5,1,12.0,124.09965539999999
7,315_CT_6,1,55.0,31.8557679
7,315_CT_7,1,55.0,31.8557679
7,315_CT_8,1,55.0,31.8557679
7,316_STEAM_1,1,155.0,27.274698980000004
7,318_CC_1,1,355.0,31.529241419999998
7,321_CC_1,1,355.0,33.94709226
7,322_CT_5,1,55.0,27.89469072
7,322_CT_6,1,55.0,27.89469072
7,323_CC_1,1,355.0,31.727489639999995
7,323_CC_2,1,355.0,31.727489639999995
7,322_HYDRO_1,1,14.842,0.0
7,322_HYDRO_2,1,14.842,0.0
7,322_HYDRO_3,1,14.842,0.0
7,322_HYDRO_4,1,14.842,0.0
7,320_PV_1,1,37.0,0.0
7,314_PV_1,1,36.7,0.0
7,314_PV_2,1,36.1,0.0
7,313_PV_1,1,73.7,0.0
7,314_PV_3,1,67.5,0.0
7,314_PV_4,1,38.1,0.0
7,313_PV_2,1,71.3,0.0
7,310_PV_1,1,39.9,0.0
7,324_PV_1,1,40.2,0.0
7,312_PV_1,1,69.4,0.0
7,310_PV_2,1,36.8,0.0
7,324_PV_2,1,36.4,0.0
7,324_PV_3,1,38.6,0.0
7,319_PV_1,1,131.7,0.0
7,308_RTPV_1,1,58.6,0.0
7,313_RTPV_1,1,70.4,0.0
7,313_RTPV_2,1,44.5,0.0
7,313_RTPV_3,1,40.3,0.0
7,313_RTPV_4,1,41.8,0.0
7,313_RTPV_5,1,45.7,0.0
7,313_RTPV_6,1,45.1,0.0
7,313_RTPV_7,1,44.9,0.0
7,313_RTPV_8,1,44.9,0.0
7,313_RTPV_9,1,46.5,0.0
7,313_RTPV_10,1,43.6,0.0
7,313_RTPV_11,1,44.9,0.0
7,313_RTPV_12,1,18.2,0.0
7,320_RTPV_1,1,18.7,0.0
7,320_RTPV_2,1,19.4,0.0
7,320_RTPV_3,1,20.3,0.0
7,313_RTPV_13,1,20.8,0.0
7,320_RTPV_4,1,18.2,0.0
7,320_RTPV_5,1,19.3,0.0
7,320_RTPV_6,1,6.3,0.0
7,309_WIND_1,1,2.7,0.0
7,317_WIND_1,1,56.0,0.0
7,303_WIND_1,1,6.5,0.0
8,301_CT_1,1,20.0,105.3672414
8,301_CT_2,1,20.0,105.3672414
8,301_CT_3,1,55.0,43.742886659999996
8,301_CT_4,1,55.0,43.742886659999996
8,302_CT_1,1,20.0,105.3672414
8,302_CT_2,1,20.0,105.3672414
8,302_CT_3,1,55.0,38.635079579999996
8,302_CT_4,1,55.0,38.635079579999996
8,307_CT_1,1,55.0,35.47476972
8,307_CT_2,1,55.0,35.47476972
8,313_CC_1,1,355.0,33.75273126
8,315_STEAM_1,1,12.0,124.09965539999999
8,315_STEAM_2,1,12.0,124.09965539999999
8,315_STEAM_3,1,12.0,124.09965539999999
8,315_STEAM_4,1,12.0,124.09965539999999
8,315_STEAM_5,1,12.0,124.09965539999999
8,315_CT_6,1,55.0,31.8557679
8,315_CT_7,1,55.0,31.8557679
8,315_CT_8,1,55.0,31.8557679
8,316_STEAM_1,1,155.0,27.274698980000004
8,318_CC_1,1,355.0,31.529241419999998
8,321_CC_1,1,355.0,33.94709226
8,322_CT_5,1,55.0,27.89469072
8,322_CT_6,1,55.0,27.89469072
8,323_CC_1,1,355.0,31.727489639999995
8,323_CC_2,1,355.0,31.727489639999995
8,322_HYDRO_1,1,14.833,0.0
8,322_HYDRO_2,1,14.833,0.0
8,322_HYDRO_3,1,14.833,0.0
8,322_HYDRO_4,1,14.833,0.0
8,320_PV_1,1,37.1,0.0
8,314_PV_1,1,36.6,0.0
8,314_PV_2,1,36.3,0.0
8,313_PV_1,1,74.0,0.0
8,314_PV_3,1,67.7,0.0
8,314_PV_4,1,38.2,0.0
8,313_PV_2,1,72.3,0.0
8,310_PV_1,1,39.8,0.0
8,324_PV_1,1,40.4,0.0
8,312_PV_1,1,69.7,0.0
8,310_PV_2,1,36.5,0.0
8,324_PV_2,1,36.3,0.0
8,324_PV_3,1,38.6,0.0
8,319_PV_1,1,135.3,0.0
8,308_RTPV_1,1,58.8,0.0
8,313_RTPV_1,1,71.4,0.0
8,313_RTPV_2,1,45.1,0.0
8,313_RTPV_3,1,40.7,0.0
8,313_RTPV_4,1,42.1,0.0
8,313_RTPV_5,1,46.4,0.0
8,313_RTPV_6,1,45.4,0.0
8,313_RTPV_7,1,45.4,0.0
8,313_RTPV_8,1,45.3,0.0
8,313_RTPV_9,1,47.0,0.0
8,313_RTPV_10,1,43.9,0.0
8,313_RTPV_11,1,45.4,0.0
8,313_RTPV_12,1,18.4,0.0
8,320_RTPV_1,1,18.8,0.0
8,320_RTPV_2,1,19.4,0.0
8,320_RTPV_3,1,20.6,0.0
8,313_RTPV_13,1,21.0,0.0
8,320_RTPV_4,1,18.3,0.0
8,320_RTPV_5,1,19.5,0.0
8,320_RTPV_6,1,6.3,0.0
8,309_WIND_1,1,5.0,0.0
8,317_WIND_1,1,49.0,0.0
8,303_WIND_1,1,6.4,0.0
9,301_CT_1,1,20.0,105.3672414
9,301_CT_2,1,20.0,105.3672414
9,301_CT_3,1,55.0,43.742886659999996
9,301_CT_4,1,55.0,43.742886659999996
9,302_CT_1,1,20.0,105.3672414
9,302_CT_2,1,20.0,105.3672414
9,302_CT_3,1,55.0,38.635079579999996
9,302_CT_4,1,55.0,38.635079579999996
9,307_CT_1,1,55.0,35.47476972
9,307_CT_2,1,55.0,35.47476972
9,313_CC_1,1,355.0,33.75273126
9,315_STEAM_1,1,12.0,124.09965539999999
9,315_STEAM_2,1,12.0,124.09965539999999
9,315_STEAM_3,1,12.0,124.09965539999999
9,315_STEAM_4,1,12.0,124.09965539999999
9,315_STEAM_5,1,12.0,124.09965539999999
9,315_CT_6,1,55.0,31.8557679
9,315_CT_7,1,55.0,31.8557679
9,315_CT_8,1,55.0,31.8557679
9,316_STEAM_1,1,155.0,27.274698980000004
9,318_CC_1,1,355.0,31.529241419999998
9,321_CC_1,1,355.0,33.94709226
9,322_CT_5,1,55.0,27.89469072
9,322_CT_6,1,55.0,27.89469072
9,323_CC_1,1,355.0,31.727489639999995
9,323_CC_2,1,355.0,31.727489639999995
9,322_HYDRO_1,1,14.825,0.0
9,322_HYDRO_2,1,14.825,0.0
9,322_HYDRO_3,1,14.825,0.0
9,322_HYDRO_4,1,14.825,0.0
9,320_PV_1,1,37.0,0.0
9,314_PV_1,1,36.5,0.0
9,314_PV_2,1,36.1,0.0
9,313_PV_1,1,74.3,0.0
9,314_PV_3,1,68.8,0.0
9,314_PV_4,1,38.3,0.0
9,313_PV_2,1,72.9,0.0
9,310_PV_1,1,39.7,0.0
9,324_PV_1,1,40.5,0.0
9,312_PV_1,1,70.3,0.0
9,310_PV_2,1,36.5,0.0
9,324_PV_2,1,35.3,0.0
9,324_PV_3,1,38.4,0.0
9,319_PV_1,1,140.2,0.0
9,308_RTPV_1,1,59.2,0.0
9,313_RTPV_1,1,72.5,0.0
9,313_RTPV_2,1,45.7,0.0
9,313_RTPV_3,1,41.0,0.0
9,313_RTPV_4,1,42.3,0.0
9,313_RTPV_5,1,47.0,0.0
9,313_RTPV_6,1,45.5,0.0
9,313_RTPV_7,1,45.8,0.0
9,313_RTPV_8,1,45.6,0.0
9,313_RTPV_9,1,47.5,0.0
9,313_RTPV_10,1,44.1,0.0
9,313_RTPV_11,1,45.6,0.0
9,313_RTPV_12,1,18.6,0.0
9,320_RTPV_1,1,19.0,0.0
9,320_RTPV_2,1,19.5,0.0
9,320_RTPV_3,1,20.8,0.0
9,313_RTPV_13,1,21.2,0.0
9,320_RTPV_4,1,18.4,0.0
9,320_RTPV_5,1,19.8,0.0
9,320_RTPV_6,1,6.4,0.0
9,309_WIND_1,1,4.6,0.0
9,317_WIND_1,1,45.8,0.0
9,303_WIND_1,1,4.5,0.0
10,301_CT_1,1,20.0,105.3672414
10,301_CT_2,1,20.0,105.3672414
10,301_CT_3,1,55.0,43.742886659999996
10,301_CT_4,1,55.0,43.742886659999996
10,302_CT_1,1,20.0,105.3672414
10,302_CT_2,1,20.0,105.3672414
10,302_CT_3,1,55.0,38.635079579999996
10,302_CT_4,1,55.0,38.635079579999996
10,307_CT_1,1,55.0,35.47476972
10,307_CT_2,1,55.0,35.47476972
10,313_CC_1,1,355.0,33.75273126
10,315_STEAM_1,1,12.0,124.09965539999999
10,315_STEAM_2,1,12.0,124.09965539999999
10,315_STEAM_3,1,12.0,124.09965539999999
10,315_STEAM_4,1,12.0,124.09965539999999
10,315_STEAM_5,1,12.0,124.09965539999999
10,315_CT_6,1,55.0,31.8557679
10,315_CT_7,1,55.0,31.8557679
10,315_CT_8,1,55.0,31.8557679
10,316_STEAM_1,1,155.0,27.274698980000004
10,318_CC_1,1,355.0,31.529241419999998
10,321_CC_1,1,355.0,33.94709226
10,322_CT_5,1,55.0,27.89469072
10,322_CT_6,1,55.0,27.89469072
10,323_CC_1,1,355.0,31.727489639999995
10,323_CC_2,1,355.0,31.727489639999995
10,322_HYDRO_1,1,14.817,0.0
10,322_HYDRO_2,1,14.817,0.0
10,322_HYDRO_3,1,14.817,0.0
10,322_HYDRO_4,1,14.817,0.0
10,320_PV_1,1,37.0,0.0
10,314_PV_1,1,35.8,0.0
10,314_PV_2,1,36.3,0.0
10,313_PV_1,1,74.6,0.0
10,314_PV_3,1,72.9,0.0
10,314_PV_4,1,38.4,0.0
10,313_PV_2,1,73.1,0.0
10,310_PV_1,1,39.6,0.0
10,324_PV_1,1,40.6,0.0
10,312_PV_1,1,70.6,0.0
10,310_PV_2,1,36.6,0.0
10,324_PV_2,1,35.2,0.0
10,324_PV_3,1,38.4,0.0
10,319_PV_1,1,142.9,0.0
10,308_RTPV_1,1,59.8,0.0
10,313_RTPV_1,1,73.3,0.0
10,313_RTPV_2,1,46.1,0.0
10,313_RTPV_3,1,41.4,0.0
10,313_RTPV_4,1,42.6,0.0
10,313_RTPV_5,1,47.7,0.0
10,313_RTPV_6,1,45.6,0.0
10,313_RTPV_7,1,46.2,0.0
10,313_RTPV_8,1,46.1,0.0
10,313_RTPV_9,1,47.9,0.0
10,313_RTPV_10,1,44.4,0.0
10,313_RTPV_11,1,45.9,0.0
10,313_RTPV_12,1,18.8,0.0
10,320_RTPV_1,1,19.2,0.0
10,320_RTPV_2,1,19.7,0.0
10,320_RTPV_3,1,21.0,0.0
10,313_RTPV_13,1,21.4,0.0
10,320_RTPV_4,1,18.5,0.0
10,320_RTPV_5,1,19.9,0.0
10,320_RTPV_6,1,6.5,0.0
10,309_WIND_1,1,5.6,0.0
10,317_WIND_1,1,43.7,0.0
10,303_WIND_1,1,3.8,0.0
11,301_CT_1,1,20.0,105.3672414
11,301_CT_2,1,20.0,105.3672414
11,301_CT_3,1,55.0,43.742886659999996
11,301_CT_4,1,55.0,43.742886659999996
11,302_CT_1,1,20.0,105.3672414
11,302_CT_2,1,20.0,105.3672414
11,302_CT_3,1,55.0,38.635079579999996
11,302_CT_4,1,55.0,38.635079579999996
11,307_CT_1,1,55.0,35.47476972
11,307_CT_2,1,55.0,35.47476972
11,313_CC_1,1,355.0,33.75273126
11,315_STEAM_1,1,12.0,124.09965539999999
11,315_STEAM_2,1,12.0,124.09965539999999
11,315_STEAM_3,1,12.0,124.09965539999999
11,315_STEAM_4,1,12.0,124.09965539999999
11,315_STEAM_5,1,12.0,124.09965539999999
11,315_CT_6,1,55.0,31.8557679
11,315_CT_7,1,55.0,31.8557679
11,315_CT_8,1,55.0,31.8557679
11,316_STEAM_1,1,155.0,27.274698980000004
11,318_CC_1,1,355.0,31.529241419999998
11,321_CC_1,1,355.0,33.94709226
11,322_CT_5,1,55.0,27.89469072
11,322_CT_6,1,55.0,27.89469072
11,323_CC_1,1,355.0,31.727489639999995
11,323_CC_2,1,355.0,31.727489639999995
11,322_HYDRO_1,1,14.808,0.0
11,322_HYDRO_2,1,14.808,0.0
11,322_HYDRO_3,1,14.808,0.0
11,322_HYDRO_4,1,14.808,0.0
11,320_PV_1,1,37.1,0.0
11,314_PV_1,1,35.5,0.0
11,314_PV_2,1,37.1,0.0
11,313_PV_1,1,74.9,0.0
11,314_PV_3,1,74.2,0.0
11,314_PV_4,1,38.4,0.0
11,313_PV_2,1,72.2,0.0
11,310_PV_1,1,39.5,0.0
11,324_PV_1,1,40.3,0.0
11,312_PV_1,1,70.9,0.0
11,310_PV_2,1,36.5,0.0
11,324_PV_2,1,34.6,0.0
11,324_PV_3,1,38.4,0.0
11,319_PV_1,1,143.2,0.0
11,308_RTPV_1,1,60.3,0.0
11,313_RTPV_1,1,73.9,0.0
11,313_RTPV_2,1,46.5,0.0
11,313_RTPV_3,1,41.8,0.0
11,313_RTPV_4,1,42.9,0.0
11,313_RTPV_5,1,48.3,0.0
11,313_RTPV_6,1,45.7,0.0
11,313_RTPV_7,1,46.6,0.0
11,313_RTPV_8,1,46.5,0.0
11,313_RTPV_9,1,48.4,0.0
11,313_RTPV_10,1,44.5,0.0
11,313_RTPV_11,1,46.2,0.0
11,313_RTPV_12,1,19.0,0.0
11,320_RTPV_1,1,19.4,0.0
11,320_RTPV_2,1,19.9,0.0
11,320_RTPV_3,1,21.2,0.0
11,313_RTPV_13,1,21.5,0.0
11,320_RTPV_4,1,18.6,0.0
11,320_RTPV_5,1,20.1,0.0
11,320_RTPV_6,1,6.5,0.0
11,309_WIND_1,1,3.6,0.0
11,317_WIND_1,1,40.1,0.0
11,303_WIND_1,1,5.7,0.0
12,301_CT_1,1,20.0,105.3672414
12,301_CT_2,1,20.0,105.3672414
12,301_CT_3,1,55.0,43.742886659999996
12,301_CT_4,1,55.0,43.742886659999996
12,302_CT_1,1,20.0,105.3672414
12,302_CT_2,1,20.0,105.3672414
12,302_CT_3,1,55.0,38.635079579999996
12,302_CT_4,1,55.0,38.635079579999996
12,307_CT_1,1,55.0,35.47476972
12,307_CT_2,1,55.0,35.47476972
12,313_CC_1,1,355.0,33.75273126
12,315_STEAM_1,1,12.0,124.09965539999999
12,315_STEAM_2,1,12.0,124.09965539999999
12,315_STEAM_3,1,12.0,124.09965539999999
12,315_STEAM_4,1,12.0,124.09965539999999
12,315_STEAM_5,1,12.0,124.09965539999999
12,315_CT_6,1,55.0,31.8557679
12,315_CT_7,1,55.0,31.8557679
12,315_CT_8,1,55.0,31.8557679
12,316_STEAM_1,1,155.0,27.274698980000004
12,318_CC_1,1,355.0,31.529241419999998
12,321_CC_1,1,355.0,33.94709226
12,322_CT_5,1,55.0,27.89469072
12,322_CT_6,1,55.0,27.89469072
12,323_CC_1,1,355.0,31.727489639999995
12,323_CC_2,1,355.0,31.727489639999995
12,322_HYDRO_1,1,14.8,0.0
12,322_HYDRO_2,1,14.8,0.0
12,322_HYDRO_3,1,14.8,0.0
12,322_HYDRO_4,1,14.8,0.0
12,320_PV_1,1,37.0,0.0
12,314_PV_1,1,35.5,0.0
12,314_PV_2,1,37.6,0.0
12,313_PV_1,1,75.2,0.0
12,314_PV_3,1,73.2,0.0
12,314_PV_4,1,38.1,0.0
12,313_PV_2,1,72.5,0.0
12,310_PV_1,1,39.5,0.0
12,324_PV_1,1,40.5,0.0
12,312_PV_1,1,71.3,0.0
12,310_PV_2,1,36.5,0.0
12,324_PV_2,1,34.7,0.0
12,324_PV_3,1,38.4,0.0
12,319_PV_1,1,143.1,0.0
12,308_RTPV_1,1,60.6,0.0
12,313_RTPV_1,1,74.5,0.0
12,313_RTPV_2,1,46.8,0.0
12,313_RTPV_3,1,42.1,0.0
12,313_RTPV_4,1,43.3,0.0
12,313_RTPV_5,1,48.8,0.0
12,313_RTPV_6,1,45.8,0.0
12,313_RTPV_7,1,46.9,0.0
12,313_RTPV_8,1,46.8,0.0
12,313_RTPV_9,1,48.9,0.0
12,313_RTPV_10,1,44.8,0.0
12,313_RTPV_11,1,46.5,0.0
12,313_RTPV_12,1,19.2,0.0
12,320_RTPV_1,1,19.6,0.0
12,320_RTPV_2,1,20.1,0.0
12,320_RTPV_3,1,21.3,0.0
12,313_RTPV_13,1,21.7,0.0
12,320_RTPV_4,1,18.6,0.0
12,320_RTPV_5,1,20.3,0.0
12,320_RTPV_6,1,6.6,0.0
12,309_WIND_1,1,3.4,0.0
12,317_WIND_1,1,38.1,0.0
12,303_WIND_1,1,5.5,0.0
13,301_CT_1,1,20.0,105.3672414
13,301_CT_2,1,20.0,105.3672414
13,301_CT_3,1,55.0,43.742886659999996
13,301_CT_4,1,55.0,43.742886659999996
13,302_CT_1,1,20.0,105.3672414
13,302_CT_2,1,20.0,105.3672414
13,302_CT_3,1,55.0,38.635079579999996
13,302_CT_4,1,55.0,38.635079579999996
13,307_CT_1,1,55.0,35.47476972
13,307_CT_2,1,55.0,35.47476972
13,313_CC_1,1,355.0,33.75273126
13,315_STEAM_1,1,12.0,124.09965539999999
13,315_STEAM_2,1,12.0,124.09965539999999
13,315_STEAM_3,1,12.0,124.09965539999999
13,315_STEAM_4,1,12.0,124.09965539999999
13,315_STEAM_5,1,12.0,124.09965539999999
13,315_CT_6,1,55.0,31.8557679
13,315_CT_7,1,55.0,31.8557679
13,315_CT_8,1,55.0,31.8557679
13,316_STEAM_1,1,155.0,27.274698980000004
13,318_CC_1,1,355.0,31.529241419999998
13,321_CC_1,1,355.0,33.94709226
13,322_CT_5,1,55.0,27.89469072
13,322_CT_6,1,55.0,27.89469072
13,323_CC_1,1,355.0,31.727489639999995
13,323_CC_2,1,355.0,31.727489639999995
13,322_HYDRO_1,1,14.2,0.0
13,322_HYDRO_2,1,14.2,0.0
13,322_HYDRO_3,1,14.2,0.0
13,322_HYDRO_4,1,14.2,0.0
13,320_PV_1,1,37.3,0.0
13,314_PV_1,1,36.1,0.0
13,314_PV_2,1,37.9,0.0
13,313_PV_1,1,75.2,0.0
13,314_PV_3,1,69.6,0.0
13,314_PV_4,1,37.7,0.0
13,313_PV_2,1,69.1,0.0
13,310_PV_1,1,39.5,0.0
13,324_PV_1,1,40.4,0.0
13,312_PV_1,1,71.6,0.0
13,310_PV_2,1,36.6,0.0
13,324_PV_2,1,35.7,0.0
13,324_PV_3,1,38.9,0.0
13,319_PV_1,1,143.0,0.0
13,308_RTPV_1,1,60.7,0.0
13,313_RTPV_1,1,74.8,0.0
13,313_RTPV_2,1,47.1,0.0
13,313_RTPV_3,1,42.3,0.0
13,313_RTPV_4,1,43.7,0.0
13,313_RTPV_5,1,49.2,0.0
13,313_RTPV_6,1,45.9,0.0
13,313_RTPV_7,1,47.1,0.0
13,313_RTPV_8,1,47.1,0.0
13,313_RTPV_9,1,49.3,0.0
13,313_RTPV_10,1,45.2,0.0
13,313_RTPV_11,1,46.7,0.0
13,313_RTPV_12,1,19.4,0.0
13,320_RTPV_1,1,19.8,0.0
13,320_RTPV_2,1,20.2,0.0
13,320_RTPV_3,1,21.4,0.0
13,313_RTPV_13,1,21.8,0.0
13,320_RTPV_4,1,18.7,0.0
13,320_RTPV_5,1,20.4,0.0
13,320_RTPV_6,1,6.6,0.0
13,309_WIND_1,1,3.2,0.0
13,317_WIND_1,1,35.8,0.0
13,303_WIND_1,1,4.0,0.0
14,301_CT_1,1,20.0,105.3672414
14,301_CT_2,1,20.0,105.3672414
14,301_CT_3,1,55.0,43.742886659999996
14,301_CT_4,1,55.0,43.742886659999996
14,302_CT_1,1,20.0,105.3672414
14,302_CT_2,1,20.0,105.3672414
14,302_CT_3,1,55.0,38.635079579999996
14,302_CT_4,1,55.0,38.635079579999996
14,307_CT_1,1,55.0,35.47476972
14,307_CT_2,1,55.0,35.47476972
14,313_CC_1,1,355.0,33.75273126
14,315_STEAM_1,1,12.0,124.09965539999999
14,315_STEAM_2,1,12.0,124.09965539999999
14,315_STEAM_3,1,12.0,124.09965539999999
14,315_STEAM_4,1,12.0,124.09965539999999
14,315_STEAM_5,1,12.0,124.09965539999999
14,315_CT_6,1,55.0,31.8557679
14,315_CT_7,1,55.0,31.8557679
14,315_CT_8,1,55.0,31.8557679
14,316_STEAM_1,1,155.0,27.274698980000004
14,318_CC_1,1,355.0,31.529241419999998
14,321_CC_1,1,355.0,33.94709226
14,322_CT_5,1,55.0,27.89469072
14,322_CT_6,1,55.0,27.89469072
14,323_CC_1,1,355.0,31.727489639999995
14,323_CC_2,1,355.0,31.727489639999995
14,322_HYDRO_1,1,13.6,0.0
14,322_HYDRO_2,1,13.6,0.0
14,322_HYDRO_3,1,13.6,0.0
14,322_HYDRO_4,1,13.6,0.0
14,320_PV_1,1,37.7,0.0
14,314_PV_1,1,36.4,0.0
14,314_PV_2,1,37.7,0.0
14,313_PV_1,1,75.3,0.0
14,314_PV_3,1,69.8,0.0
14,314_PV_4,1,37.7,0.0
14,313_PV_2,1,69.4,0.0
14,310_PV_1,1,39.6,0.0
14,324_PV_1,1,40.4,0.0
14,312_PV_1,1,72.5,0.0
14,310_PV_2,1,36.5,0.0
14,324_PV_2,1,35.6,0.0
14,324_PV_3,1,39.4,0.0
14,319_PV_1,1,142.6,0.0
14,308_RTPV_1,1,60.9,0.0
14,313_RTPV_1,1,75.0,0.0
14,313_RTPV_2,1,47.4,0.0
14,313_RTPV_3,1,42.6,0.0
14,313_RTPV_4,1,44.1,0.0
14,313_RTPV_5,1,49.5,0.0
14,313_RTPV_6,1,46.0,0.0
14,313_RTPV_7,1,47.4,0.0
14,313_RTPV_8,1,47.2,0.0
14,313_RTPV_9,1,49.7,0.0
14,313_RTPV_10,1,45.6,0.0
14,313_RTPV_11,1,47.0,0.0
14,313_RTPV_12,1,19.5,0.0
14,320_RTPV_1,1,19.9,0.0
14,320_RTPV_2,1,20.4,0.0
14,320_RTPV_3,1,21.5,0.0
14,313_RTPV_13,1,22.0,0.0
14,320_RTPV_4,1,18.8,0.0
14,320_RTPV_5,1,20.6,0.0
14,320_RTPV_6,1,6.7,0.0
14,309_WIND_1,1,3.8,0.0
14,317_WIND_1,1,31.5,0.0
14,303_WIND_1,1,5.5,0.0
15,301_CT_1,1,20.0,105.3672414
15,301_CT_2,1,20.0,105.3672414
15,301_CT_3,1,55.0,43.742886659999996
15,301_CT_4,1,55.0,43.742886659999996
15,302_CT_1,1,20.0,105.3672414
15,302_CT_2,1,20.0,105.3672414
15,302_CT_3,1,55.0,38.635079579999996
15,302_CT_4,1,55.0,38.635079579999996
15,307_CT_1,1,55.0,35.47476972
15,307_CT_2,1,55.0,35.47476972
15,313_CC_1,1,355.0,33.75273126
15,315_STEAM_1,1,12.0,124.09965539999999
15,315_STEAM_2,1,12.0,124.09965539999999
15,315_STEAM_3,1,12.0,124.09965539999999
15,315_STEAM_4,1,12.0,124.09965539999999
15,315_STEAM_5,1,12.0,124.09965539999999
15,315_CT_6,1,55.0,31.8557679
15,315_CT_7,1,55.0,31.8557679
15,315_CT_8,1,55.0,31.8557679
15,316_STEAM_1,1,155.0,27.274698980000004
15,318_CC_1,1,355.0,31.529241419999998
15,321_CC_1,1,355.0,33.94709226
15,322_CT_5,1,55.0,27.89469072
15,322_CT_6,1,55.0,27.89469072
15,323_CC_1,1,355.0,31.727489639999995
15,323_CC_2,1,355.0,31.727489639999995
15,322_HYDRO_1,1,13.0,0.0
15,322_HYDRO_2,1,13.0,0.0
15,322_HYDRO_3,1,13.0,0.0
15,322_HYDRO_4,1,13.0,0.0
15,320_PV_1,1,38.3,0.0
15,314_PV_1,1,36.7,0.0
15,314_PV_2,1,37.1,0.0
15,313_PV_1,1,75.4,0.0
15,314_PV_3,1,70.3,0.0
15,314_PV_4,1,38.6,0.0
15,313_PV_2,1,70.4,0.0
15,310_PV_1,1,39.7,0.0
15,324_PV_1,1,40.3,0.0
15,312_PV_1,1,72.8,0.0
15,310_PV_2,1,36.5,0.0
15,324_PV_2,1,35.4,0.0
15,324_PV_3,1,39.5,0.0
15,319_PV_1,1,142.5,0.0
15,308_RTPV_1,1,61.0,0.0
15,313_RTPV_1,1,75.2,0.0
15,313_RTPV_2,1,47.6,0.0
15,313_RTPV_3,1,42.8,0.0
15,313_RTPV_4,1,44.4,0.0
15,313_RTPV_5,1,49.8,0.0
15,313_RTPV_6,1,46.1,0.0
15,313_RTPV_7,1,47.7,0.0
15,313_RTPV_8,1,47.3,0.0
15,313_RTPV_9,1,49.9,0.0
15,313_RTPV_10,1,46.0,0.0
15,313_RTPV_11,1,47.3,0.0
15,313_RTPV_12,1,19.4,0.0
15,320_RTPV_1,1,19.9,0.0
15,320_RTPV_2,1,20.5,0.0
15,320_RTPV_3,1,21.6,0.0
15,313_RTPV_13,1,22.2,0.0
15,320_RTPV_4,1,18.8,0.0
15,320_RTPV_5,1,20.7,0.0
15,320_RTPV_6,1,6.7,0.0
15,309_WIND_1,1,4.8,0.0
15,317_WIND_1,1,32.3,0.0
15,303_WIND_1,1,4.5,0.0
16,301_CT_1,1,20.0,105.3672414
16,301_CT_2,1,20.0,105.3672414
16,301_CT_3,1,55.0,43.742886659999996
16,301_CT_4,1,55.0,43.742886659999996
16,302_CT_1,1,20.0,105.3672414
16,302_CT_2,1,20.0,105.3672414
16,302_CT_3,1,55.0,38.635079579999996
16,302_CT_4,1,55.0,38.635079579999996
16,307_CT_1,1,55.0,35.47476972
16,307_CT_2,1,55.0,35.47476972
16,313_CC_1,1,355.0,33.75273126
16,315_STEAM_1,1,12.0,124.09965539999999
16,315_STEAM_2,1,12.0,124.09965539999999
16,315_STEAM_3,1,12.0,124.09965539999999
16,315_STEAM_4,1,12.0,124.09965539999999
16,315_STEAM_5,1,12.0,124.09965539999999
16,315_CT_6,1,55.0,31.8557679
16,315_CT_7,1,55.0,31.8557679
16,315_CT_8,1,55.0,31.8557679
16,316_STEAM_1,1,155.0,27.274698980000004
16,318_CC_1,1,355.0,31.529241419999998
16,321_CC_1,1,355.0,33.94709226
16,322_CT_5,1,55.0,27.89469072
16,322_CT_6,1,55.0,27.89469072
16,323_CC_1,1,355.0,31.727489639999995
16,323_CC_2,1,355.0,31.727489639999995
16,322_HYDRO_1,1,12.4,0.0
16,322_HYDRO_2,1,12.4,0.0
16,322_HYDRO_3,1,12.4,0.0
16,322_HYDRO_4,1,12.4,0.0
16,320_PV_1,1,38.6,0.0
16,314_PV_1,1,36.8,0.0
16,314_PV_2,1,36.6,0.0
16,313_PV_1,1,75.5,0.0
16,314_PV_3,1,70.8,0.0
16,314_PV_4,1,38.8,0.0
16,313_PV_2,1,71.6,0.0
16,310_PV_1,1,39.8,0.0
16,324_PV_1,1,40.0,0.0
16,312_PV_1,1,72.9,0.0
16,310_PV_2,1,36.5,0.0
16,324_PV_2,1,35.4,0.0
16,324_PV_3,1,39.6,0.0
16,319_PV_1,1,144.0,0.0
16,308_RTPV_1,1,61.1,0.0
16,313_RTPV_1,1,75.4,0.0
16,313_RTPV_2,1,47.7,0.0
16,313_RTPV_3,1,42.8,0.0
16,313_RTPV_4,1,44.6,0.0
16,313_RTPV_5,1,50.1,0.0
16,313_RTPV_6,1,46.1,0.0
16,313_RTPV_7,1,48.0,0.0
16,313_RTPV_8,1,47.3,0.0
16,313_RTPV_9,1,50.2,0.0
16,313_RTPV_10,1,46.2,0.0
16,313_RTPV_11,1,47.5,0.0
16,313_RTPV_12,1,19.1,0.0
16,320_RTPV_1,1,19.8,0.0
16,320_RTPV_2,1,20.6,0.0
16,320_RTPV_3,1,21.6,0.0
16,313_RTPV_13,1,22.3,0.0
16,320_RTPV_4,1,18.8,0.0
16,320_RTPV_5,1,20.9,0.0
16,320_RTPV_6,1,6.7,0.0
16,309_WIND_1,1,3.8,0.0
16,317_WIND_1,1,32.3,0.0
16,303_WIND_1,1,8.1,0.0
17,301_CT_1,1,20.0,105.3672414
17,301_CT_2,1,20.0,105.3672414
17,301_CT_3,1,55.0,43.742886659999996
17,301_CT_4,1,55.0,43.742886659999996
17,302_CT_1,1,20.0,105.3672414
17,302_CT_2,1,20.0,105.3672414
17,302_CT_3,1,55.0,38.635079579999996
17,302_CT_4,1,55.0,38.635079579999996
17,307_CT_1,1,55.0,35.47476972
17,307_CT_2,1,55.0,35.47476972
17,313_CC_1,1,355.0,33.75273126
17,315_STEAM_1,1,12.0,124.09965539999999
17,315_STEAM_2,1,12.0,124.09965539999999
17,315_STEAM_3,1,12.0,124.09965539999999
17,315_STEAM_4,1,12.0,124.09965539999999
17,315_STEAM_5,1,12.0,124.09965539999999
17,315_CT_6,1,55.0,31.8557679
17,315_CT_7,1,55.0,31.8557679
17,315_CT_8,1,55.0,31.8557679
17,316_STEAM_1,1,155.0,27.274698980000004
17,318_CC_1,1,355.0,31.529241419999998
17,321_CC_1,1,355.0,33.94709226
17,322_CT_5,1,55.0,27.89469072
17,322_CT_6,1,55.0,27.89469072
17,323_CC_1,1,355.0,31.727489639999995
17,323_CC_2,1,355.0,31.727489639999995
17,322_HYDRO_1,1,11.8,0.0
17,322_HYDRO_2,1,11.8,0.0
17,322_HYDRO_3,1,11.8,0.0
17,322_HYDRO_4,1,11.8,0.0
17,320_PV_1,1,38.7,0.0
17,314_PV_1,1,37.0,0.0
17,314_PV_2,1,36.5,0.0
17,313_PV_1,1,75.5,0.0
17,314_PV_3,1,71.1,0.0
17,314_PV_4,1,38.9,0.0
17,313_PV_2,1,73.0,0.0
17,310_PV_1,1,39.9,0.0
17,324_PV_1,1,40.2,0.0
17,312_PV_1,1,73.2,0.0
17,310_PV_2,1,36.7,0.0
17,324_PV_2,1,35.5,0.0
17,324_PV_3,1,39.6,0.0
17,319_PV_1,1,144.8,0.0
17,308_RTPV_1,1,61.2,0.0
17,313_RTPV_1,1,75.2,0.0
17,313_RTPV_2,1,47.9,0.0
17,313_RTPV_3,1,42.9,0.0
17,313_RTPV_4,1,44.8,0.0
17,313_RTPV_5,1,50.5,0.0
17,313_RTPV_6,1,46.4,0.0
17,313_RTPV_7,1,48.1,0.0
17,313_RTPV_8,1,47.3,0.0
17,313_RTPV_9,1,50.5,0.0
17,313_RTPV_10,1,46.6,0.0
17,313_RTPV_11,1,47.7,0.0
17,313_RTPV_12,1,19.0,0.0
17,320_RTPV_1,1,19.8,0.0
17,320_RTPV_2,1,20.7,0.0
17,320_RTPV_3,1,21.7,0.0
17,313_RTPV_13,1,22.5,0.0
17,320_RTPV_4,1,18.8,0.0
17,320_RTPV_5,1,21.0,0.0
17,320_RTPV_6,1,6.7,0.0
17,309_WIND_1,1,4.2,0.0
17,317_WIND_1,1,30.8,0.0
17,303_WIND_1,1,5.0,0.0
18,301_CT_1,1,20.0,105.3672414
18,301_CT_2,1,20.0,105.3672414
18,301_CT_3,1,55.0,43.742886659999996
18,301_CT_4,1,55.0,43.742886659999996
18,302_CT_1,1,20.0,105.3672414
18,302_CT_2,1,20.0,105.3672414
18,302_CT_3,1,55.0,38.635079579999996
18,302_CT_4,1,55.0,38.635079579999996
18,307_CT_1,1,55.0,35.47476972
18,307_CT_2,1,55.0,35.47476972
18,313_CC_1,1,355.0,33.75273126
18,315_STEAM_1,1,12.0,124.09965539999999
18,315_STEAM_2,1,12.0,124.09965539999999
18,315_STEAM_3,1,12.0,124.09965539999999
18,315_STEAM_4,1,12.0,124.09965539999999
18,315_STEAM_5,1,12.0,124.09965539999999
18,315_CT_6,1,55.0,31.8557679
18,315_CT_7,1,55.0,31.8557679
18,315_CT_8,1,55.0,31.8557679
18,316_STEAM_1,1,155.0,27.274698980000004
18,318_CC_1,1,355.0,31.529241419999998
18,321_CC_1,1,355.0,33.94709226
18,322_CT_5,1,55.0,27.89469072
18,322_CT_6,1,55.0,27.89469072
18,323_CC_1,1,355.0,31.727489639999995
18,323_CC_2,1,355.0,31.727489639999995
18,322_HYDRO_1,1,11.2,0.0
18,322_HYDRO_2,1,11.2,0.0
18,322_HYDRO_3,1,11.2,0.0
18,322_HYDRO_4,1,11.2,0.0
18,320_PV_1,1,38.8,0.0
18,314_PV_1,1,37.2,0.0
18,314_PV_2,1,36.5,0.0
18,313_PV_1,1,75.5,0.0
18,314_PV_3,1,71.3,0.0
18,314_PV_4,1,39.1,0.0
18,313_PV_2,1,74.2,0.0
18,310_PV_1,1,40.3,0.0
18,324_PV_1,1,40.8,0.0
18,312_PV_1,1,73.7,0.0
18,310_PV_2,1,37.2,0.0
18,324_PV_2,1,35.4,0.0
18,324_PV_3,1,39.6,0.0
18,319_PV_1,1,144.7,0.0
18,308_RTPV_1,1,61.1,0.0
18,313_RTPV_1,1,74.8,0.0
18,313_RTPV_2,1,48.1,0.0
18,313_RTPV_3,1,42.8,0.0
18,313_RTPV_4,1,45.1,0.0
18,313_RTPV_5,1,50.8,0.0
18,313_RTPV_6,1,46.6,0.0
18,313_RTPV_7,1,48.3,0.0
18,313_RTPV_8,1,47.1,0.0
18,313_RTPV_9,1,50.7,0.0
18,313_RTPV_10,1,46.9,0.0
18,313_RTPV_11,1,48.1,0.0
18,313_RTPV_12,1,18.9,0.0
18,320_RTPV_1,1,19.8,0.0
18,320_RTPV_2,1,20.8,0.0
18,320_RTPV_3,1,21.8,0.0
18,313_RTPV_13,1,22.6,0.0
18,320_RTPV_4,1,18.7,0.0
18,320_RTPV_5,1,21.2,0.0
18,320_RTPV_6,1,6.7,0.0
18,309_WIND_1,1,1.9,0.0
18,317_WIND_1,1,28.4,0.0
18,303_WIND_1,1,3.7,0.0
19,301_CT_1,1,20.0,105.3672414
19,301_CT_2,1,20.0,105.3672414
19,301_CT_3,1,55.0,43.742886659999996
19,301_CT_4,1,55.0,43.742886659999996
19,302_CT_1,1,20.0,105.3672414
19,302_CT_2,1,20.0,105.3672414
19,302_CT_3,1,55.0,38.635079579999996
19,302_CT_4,1,55.0,38.635079579999996
19,307_CT_1,1,55.0,35.47476972
19,307_CT_2,1,55.0,35.47476972
19,313_CC_1,1,355.0,33.75273126
19,315_STEAM_1,1,12.0,124.09965539999999
19,315_STEAM_2,1,12.0,124.09965539999999
19,315_STEAM_3,1,12.0,124.09965539999999
19,315_STEAM_4,1,12.0,124.09965539999999
19,315_STEAM_5,1,12.0,124.09965539999999
19,315_CT_6,1,55.0,31.8557679
19,315_CT_7,1,55.0,31.8557679
19,315_CT_8,1,55.0,31.8557679
19,316_STEAM_1,1,155.0,27.274698980000004
19,318_CC_1,1,355.0,31.529241419999998
19,321_CC_1,1,355.0,33.94709226
19,322_CT_5,1,55.0,27.89469072
19,322_CT_6,1,55.0,27.89469072
19,323_CC_1,1,355.0,31.727489639999995
19,323_CC_2,1,355.0,31.727489639999995
19,322_HYDRO_1,1,10.6,0.0
19,322_HYDRO_2,1,10.6,0.0
19,322_HYDRO_3,1,10.6,0.0
19,322_HYDRO_4,1,10.6,0.0
19,320_PV_1,1,38.9,0.0
19,314_PV_1,1,37.5,0.0
19,314_PV_2,1,36.3,0.0
19,313_PV_1,1,75.6,0.0
19,314_PV_3,1,71.5,0.0
19,314_PV_4,1,39.0,0.0
19,313_PV_2,1,74.6,0.0
19,310_PV_1,1,40.3,0.0
19,324_PV_1,1,41.4,0.0
19,312_PV_1,1,74.0,0.0
19,310_PV_2,1,37.4,0.0
19,324_PV_2,1,35.3,0.0
19,324_PV_3,1,39.6,0.0
19,319_PV_1,1,144.6,0.0
19,308_RTPV_1,1,61.1,0.0
19,313_RTPV_1,1,74.5,0.0
19,313_RTPV_2,1,48.3,0.0
19,313_RTPV_3,1,42.5,0.0
19,313_RTPV_4,1,45.3,0.0
19,313_RTPV_5,1,51.0,0.0
19,313_RTPV_6,1,46.6,0.0
19,313_RTPV_7,1,48.6,0.0
19,313_RTPV_8,1,46.8,0.0
19,313_RTPV_9,1,50.7,0.0
19,313_RTPV_10,1,47.1,0.0
19,313_RTPV_11,1,48.3,0.0
19,313_RTPV_12,1,18.8,0.0
19,320_RTPV_1,1,19.9,0.0
19,320_RTPV_2,1,21.0,0.0
19,320_RTPV_3,1,21.8,0.0
19,313_RTPV_13,1,22.7,0.0
19,320_RTPV_4,1,18.6,0.0
19,320_RTPV_5,1,21.2,0.0
19,320_RTPV_6,1,6.7,0.0
19,309_WIND_1,1,3.2,0.0
19,317_WIND_1,1,26.6,0.0
19,303_WIND_1,1,7.4,0.0
20,301_CT_1,1,20.0,105.3672414
20,301_CT_2,1,20.0,105.3672414
20,301_CT_3,1,55.0,43.742886659999996
20,301_CT_4,1,55.0,43.742886659999996
20,302_CT_1,1,20.0,105.3672414
20,302_CT_2,1,20.0,105.3672414
20,302_CT_3,1,55.0,38.635079579999996
20,302_CT_4,1,55.0,38.635079579999996
20,307_CT_1,1,55.0,35.47476972
20,307_CT_2,1,55.0,35.47476972
20,313_CC_1,1,355.0,33.75273126
20,315_STEAM_1,1,12.0,124.09965539999999
20,315_STEAM_2,1,12.0,124.09965539999999
20,315_STEAM_3,1,12.0,124.09965539999999
20,315_STEAM_4,1,12.0,124.09965539999999
20,315_STEAM_5,1,12.0,124.09965539999999
20,315_CT_6,1,55.0,31.8557679
20,315_CT_7,1,55.0,31.8557679
20,315_CT_8,1,55.0,31.8557679
20,316_STEAM_1,1,155.0,27.274698980000004
20,318_CC_1,1,355.0,31.529241419999998
20,321_CC_1,1,355.0,33.94709226
20,322_CT_5,1,55.0,27.89469072
20,322_CT_6,1,55.0,27.89469072
20,323_CC_1,1,355.0,31.727489639999995
20,323_CC_2,1,355.0,31.727489639999995
20,322_HYDRO_1,1,10.0,0.0
20,322_HYDRO_2,1,10.0,0.0
20,322_HYDRO_3,1,10.0,0.0
20,322_HYDRO_4,1,10.0,0.0
20,320_PV_1,1,38.0,0.0
20,314_PV_1,1,37.7,0.0
20,314_PV_2,1,36.2,0.0
20,313_PV_1,1,75.7,0.0
20,314_PV_3,1,71.6,0.0
20,314_PV_4,1,39.0,0.0
20,313_PV_2,1,74.9,0.0
20,310_PV_1,1,40.4,0.0
20,324_PV_1,1,41.4,0.0
20,312_PV_1,1,75.0,0.0
20,310_PV_2,1,37.5,0.0
20,324_PV_2,1,35.4,0.0
20,324_PV_3,1,39.6,0.0
20,319_PV_1,1,145.9,0.0
20,308_RTPV_1,1,61.0,0.0
20,313_RTPV_1,1,74.4,0.0
20,313_RTPV_2,1,48.4,0.0
20,313_RTPV_3,1,42.3,0.0
20,313_RTPV_4,1,45.5,0.0
20,313_RTPV_5,1,51.2,0.0
20,313_RTPV_6,1,46.6,0.0
20,313_RTPV_7,1,48.8,0.0
20,313_RTPV_8,1,46.6,0.0
20,313_RTPV_9,1,50.8,0.0
20,313_RTPV_10,1,47.3,0.0
20,313_RTPV_11,1,48.5,0.0
20,313_RTPV_12,1,18.8,0.0
20,320_RTPV_1,1,19.9,0.0
20,320_RTPV_2,1,21.1,0.0
20,320_RTPV_3,1,21.8,0.0
20,313_RTPV_13,1,22.8,0.0
20,320_RTPV_4,1,18.5,0.0
20,320_RTPV_5,1,21.3,0.0
20,320_RTPV_6,1,6.7,0.0
20,309_WIND_1,1,2.1,0.0
20,317_WIND_1,1,25.2,0.0
20,303_WIND_1,1,5.7,0.0
21,301_CT_1,1,20.0,105.3672414
21,301_CT_2,1,20.0,105.3672414
21,301_CT_3,1,55.0,43.742886659999996
21,301_CT_4,1,55.0,43.742886659999996
21,302_CT_1,1,20.0,105.3672414
21,302_CT_2,1,20.0,105.3672414
21,302_CT_3,1,55.0,38.635079579999996
21,302_CT_4,1,55.0,38.635079579999996
21,307_CT_1,1,55.0,35.47476972
21,307_CT_2,1,55.0,35.47476972
21,313_CC_1,1,355.0,33.75273126
21,315_STEAM_1,1,12.0,124.09965539999999
21,315_STEAM_2,1,12.0,124.09965539999999
21,315_STEAM_3,1,12.0,124.09965539999999
21,315_STEAM_4,1,12.0,124.09965539999999
21,315_STEAM_5,1,12.0,124.09965539999999
21,315_CT_6,1,55.0,31.8557679
21,315_CT_7,1,55.0,31.8557679
21,315_CT_8,1,55.0,31.8557679
21,316_STEAM_1,1,155.0,27.274698980000004
21,318_CC_1,1,355.0,31.529241419999998
21,321_CC_1,1,355.0,33.94709226
21,322_CT_5,1,55.0,27.89469072
21,322_CT_6,1,55.0,27.89469072
21,323_CC_1,1,355.0,31.727489639999995
21,323_CC_2,1,355.0,31.727489639999995
21,322_HYDRO_1,1,9.4,0.0
21,322_HYDRO_2,1,9.4,0.0
21,322_HYDRO_3,1,9.4,0.0
21,322_HYDRO_4,1,9.4,0.0
21,320_PV_1,1,37.9,0.0
21,314_PV_1,1,37.9,0.0
21,314_PV_2,1,35.9,0.0
21,313_PV_1,1,75.9,0.0
21,314_PV_3,1,71.0,0.0
21,314_PV_4,1,39.0,0.0
21,313_PV_2,1,75.0,0.0
21,310_PV_1,1,40.8,0.0
21,324_PV_1,1,41.4,0.0
21,312_PV_1,1,75.9,0.0
21,310_PV_2,1,37.6,0.0
21,324_PV_2,1,35.5,0.0
21,324_PV_3,1,39.8,0.0
21,319_PV_1,1,146.3,0.0
21,308_RTPV_1,1,60.9,0.0
21,313_RTPV_1,1,74.2,0.0
21,313_RTPV_2,1,48.5,0.0
21,313_RTPV_3,1,42.4,0.0
21,313_RTPV_4,1,45.7,0.0
21,313_RTPV_5,1,51.3,0.0
21,313_RTPV_6,1,46.6,0.0
21,313_RTPV_7,1,48.9,0.0
21,313_RTPV_8,1,46.4,0.0
21,313_RTPV_9,1,50.9,0.0
21,313_RTPV_10,1,47.4,0.0
21,313_RTPV_11,1,48.5,0.0
21,313_RTPV_12,1,19.0,0.0
21,320_RTPV_1,1,19.9,0.0
21,320_RTPV_2,1,21.2,0.0
21,320_RTPV_3,1,21.8,0.0
21,313_RTPV_13,1,22.8,0.0
21,320_RTPV_4,1,18.5,0.0
21,320_RTPV_5,1,21.4,0.0
21,320_RTPV_6,1,6.7,0.0
21,309_WIND_1,1,1.8,0.0
21,317_WIND_1,1,25.8,0.0
21,303_WIND_1,1,5.6,0.0
22,301_CT_1,1,20.0,105.3672414
22,301_CT_2,1,20.0,105.3672414
22,301_CT_3,1,55.0,43.742886659999996
22,301_CT_4,1,55.0,43.742886659999996
22,302_CT_1,1,20.0,105.3672414
22,302_CT_2,1,20.0,105.3672414
22,302_CT_3,1,55.0,38.635079579999996
22,302_CT_4,1,55.0,38.635079579999996
22,307_CT_1,1,55.0,35.47476972
22,307_CT_2,1,55.0,35.47476972
22,313_CC_1,1,355.0,33.75273126
22,315_STEAM_1,1,12.0,124.09965539999999
22,315_STEAM_2,1,12.0,124.09965539999999
22,315_STEAM_3,1,12.0,124.09965539999999
22,315_STEAM_4,1,12.0,124.09965539999999
22,315_STEAM_5,1,12.0,124.09965539999999
22,315_CT_6,1,55.0,31.8557679
22,315_CT_7,1,55.0,31.8557679
22,315_CT_8,1,55.0,31.8557679
22,316_STEAM_1,1,155.0,27.274698980000004
22,318_CC_1,1,355.0,31.529241419999998
22,321_CC_1,1,355.0,33.94709226
22,322_CT_5,1,55.0,27.89469072
22,322_CT_6,1,55.0,27.89469072
22,323_CC_1,1,355.0,31.727489639999995
22,323_CC_2,1,355.0,31.727489639999995
22,322_HYDRO_1,1,8.8,0.0
22,322_HYDRO_2,1,8.8,0.0
22,322_HYDRO_3,1,8.8,0.0
22,322_HYDRO_4,1,8.8,0.0
22,320_PV_1,1,37.9,0.0
22,314_PV_1,1,38.1,0.0
22,314_PV_2,1,35.6,0.0
22,313_PV_1,1,76.1,0.0
22,314_PV_3,1,71.0,0.0
22,314_PV_4,1,39.0,0.0
22,313_PV_2,1,74.8,0.0
22,310_PV_1,1,40.2,0.0
22,324_PV_1,1,41.4,0.0
22,312_PV_1,1,76.5,0.0
22,310_PV_2,1,37.8,0.0
22,324_PV_2,1,35.4,0.0
22,324_PV_3,1,39.9,0.0
22,319_PV_1,1,145.4,0.0
22,308_RTPV_1,1,60.8,0.0
22,313_RTPV_1,1,74.0,0.0
22,313_RTPV_2,1,48.7,0.0
22,313_RTPV_3,1,42.6,0.0
22,313_RTPV_4,1,45.9,0.0
22,313_RTPV_5,1,51.4,0.0
22,313_RTPV_6,1,46.7,0.0
22,313_RTPV_7,1,49.0,0.0
22,313_RTPV_8,1,46.2,0.0
22,313_RTPV_9,1,51.1,0.0
22,313_RTPV_10,1,47.5,0.0
22,313_RTPV_11,1,48.4,0.0
22,313_RTPV_12,1,19.2,0.0
22,320_RTPV_1,1,20.0,0.0
22,320_RTPV_2,1,21.3,0.0
22,320_RTPV_3,1,21.7,0.0
22,313_RTPV_13,1,22.8,0.0
22,320_RTPV_4,1,18.5,0.0
22,320_RTPV_5,1,21.5,0.0
22,320_RTPV_6,1,6.8,0.0
22,309_WIND_1,1,1.6,0.0
22,317_WIND_1,1,22.8,0.0
22,303_WIND_1,1,3.6,0.0
23,301_CT_1,1,20.0,105.3672414
23,301_CT_2,1,20.0,105.3672414
23,301_CT_3,1,55.0,43.742886659999996
23,301_CT_4,1,55.0,43.742886659999996
23,302_CT_1,1,20.0,105.3672414
23,302_CT_2,1,20.0,105.3672414
23,302_CT_3,1,55.0,38.635079579999996
23,302_CT_4,1,55.0,38.635079579999996
23,307_CT_1,1,55.0,35.47476972
23,307_CT_2,1,55.0,35.47476972
23,313_CC_1,1,355.0,33.75273126
23,315_STEAM_1,1,12.0,124.09965539999999
23,315_STEAM_2,1,12.0,124.09965539999999
23,315_STEAM_3,1,12.0,124.09965539999999
23,315_STEAM_4,1,12.0,124.09965539999999
23,315_STEAM_5,1,12.0,124.09965539999999
23,315_CT_6,1,55.0,31.8557679
23,315_CT_7,1,55.0,31.8557679
23,315_CT_8,1,55.0,31.8557679
23,316_STEAM_1,1,155.0,27.274698980000004
23,318_CC_1,1,355.0,31.529241419999998
23,321_CC_1,1,355.0,33.94709226
23,322_CT_5,1,55.0,27.89469072
23,322_CT_6,1,55.0,27.89469072
23,323_CC_1,1,355.0,31.727489639999995
23,323_CC_2,1,355.0,31.727489639999995
23,322_HYDRO_1,1,8.2,0.0
23,322_HYDRO_2,1,8.2,0.0
23,322_HYDRO_3,1,8.2,0.0
23,322_HYDRO_4,1,8.2,0.0
23,320_PV_1,1,37.8,0.0
23,314_PV_1,1,38.3,0.0
23,314_PV_2,1,35.1,0.0
23,313_PV_1,1,76.3,0.0
23,314_PV_3,1,71.1,0.0
23,314_PV_4,1,39.1,0.0
23,313_PV_2,1,74.0,0.0
23,310_PV_1,1,39.6,0.0
23,324_PV_1,1,41.5,0.0
23,312_PV_1,1,76.8,0.0
23,310_PV_2,1,37.7,0.0
23,324_PV_2,1,35.4,0.0
23,324_PV_3,1,39.9,0.0
23,319_PV_1,1,143.3,0.0
23,308_RTPV_1,1,60.6,0.0
23,313_RTPV_1,1,73.8,0.0
23,313_RTPV_2,1,48.9,0.0
23,313_RTPV_3,1,42.8,0.0
23,313_RTPV_4,1,46.0,0.0
23,313_RTPV_5,1,51.5,0.0
23,313_RTPV_6,1,46.7,0.0
23,313_RTPV_7,1,49.0,0.0
23,313_RTPV_8,1,46.2,0.0
23,313_RTPV_9,1,51.2,0.0
23,313_RTPV_10,1,47.5,0.0
23,313_RTPV_11,1,48.0,0.0
23,313_RTPV_12,1,19.3,0.0
23,320_RTPV_1,1,20.1,0.0
23,320_RTPV_2,1,21.3,0.0
23,320_RTPV_3,1,21.6,0.0
23,313_RTPV_13,1,22.8,0.0
23,320_RTPV_4,1,18.4,0.0
23,320_RTPV_5,1,21.6,0.0
23,320_RTPV_6,1,6.8,0.0
23,309_WIND_1,1,1.3,0.0
23,317_WIND_1,1,19.8,0.0
23,303_WIND_1,1,7.2,0.0
24,301_CT_1,1,20.0,105.3672414
24,301_CT_2,1,20.0,105.3672414
24,301_CT_3,1,55.0,43.742886659999996
24,301_CT_4,1,55.0,43.742886659999996
24,302_CT_1,1,20.0,105.3672414
24,302_CT_2,1,20.0,105.3672414
24,302_CT_3,1,55.0,38.635079579999996
24,302_CT_4,1,55.0,38.635079579999996
24,307_CT_1,1,55.0,35.47476972
24,307_CT_2,1,55.0,35.47476972
24,313_CC_1,1,355.0,33.75273126
24,315_STEAM_1,1,12.0,124.09965539999999
24,315_STEAM_2,1,12.0,124.09965539999999
24,315_STEAM_3,1,12.0,124.09965539999999
24,315_STEAM_4,1,12.0,124.09965539999999
24,315_STEAM_5,1,12.0,124.09965539999999
24,315_CT_6,1,55.0,31.8557679
24,315_CT_7,1,55.0,31.8557679
24,315_CT_8,1,55.0,31.8557679
24,316_STEAM_1,1,155.0,27.274698980000004
24,318_CC_1,1,355.0,31.529241419999998
24,321_CC_1,1,355.0,33.94709226
24,322_CT_5,1,55.0,27.89469072
24,322_CT_6,1,55.0,27.89469072
24,323_CC_1,1,355.0,31.727489639999995
24,323_CC_2,1,355.0,31.727489639999995
24,322_HYDRO_1,1,7.6,0.0
24,322_HYDRO_2,1,7.6,0.0
24,322_HYDRO_3,1,7.6,0.0
24,322_HYDRO_4,1,7.6,0.0
24,320_PV_1,1,37.8,0.0
24,314_PV_1,1,38.2,0.0
24,314_PV_2,1,34.9,0.0
24,313_PV_1,1,76.2,0.0
24,314_PV_3,1,71.2,0.0
24,314_PV_4,1,39.1,0.0
24,313_PV_2,1,73.9,0.0
24,310_PV_1,1,39.5,0.0
24,324_PV_1,1,41.5,0.0
24,312_PV_1,1,77.0,0.0
24,310_PV_2,1,37.4,0.0
24,324_PV_2,1,35.4,0.0
24,324_PV_3,1,40.5,0.0
24,319_PV_1,1,142.9,0.0
24,308_RTPV_1,1,60.5,0.0
24,313_RTPV_1,1,73.5,0.0
24,313_RTPV_2,1,49.0,0.0
24,313_RTPV_3,1,42.9,0.0
24,313_RTPV_4,1,46.1,0.0
24,313_RTPV_5,1,51.6,0.0
24,313_RTPV_6,1,46.7,0.0
24,313_RTPV_7,1,49.0,0.0
24,313_RTPV_8,1,46.8,0.0
24,313_RTPV_9,1,51.2,0.0
24,313_RTPV_10,1,47.5,0.0
24,313_RTPV_11,1,47.7,0.0
24,313_RTPV_12,1,19.3,0.0
24,320_RTPV_1,1,20.3,0.0
24,320_RTPV_2,1,21.2,0.0
24,320_RTPV_3,1,21.3,0.0
24,313_RTPV_13,1,22.7,0.0
24,320_RTPV_4,1,18.4,0.0
24,320_RTPV_5,1,22.1,0.0
24,320_RTPV_6,1,6.8,0.0
24,309_WIND_1,1,2.3,0.0
24,317_WIND_1,1,14.9,0.0
24,303_WIND_1,1,5.3,0.0
25,301_CT_1,1,20.0,105.3672414
25,301_CT_2,1,20.0,105.3672414
25,301_CT_3,1,55.0,43.742886659999996
25,301_CT_4,1,55.0,43.742886659999996
25,302_CT_1,1,20.0,105.3672414
25,302_CT_2,1,20.0,105.3672414
25,302_CT_3,1,55.0,38.635079579999996
25,302_CT_4,1,55.0,38.635079579999996
25,307_CT_1,1,55.0,35.47476972
25,307_CT_2,1,55.0,35.47476972
25,313_CC_1,1,355.0,33.75273126
25,315_STEAM_1,1,12.0,124.09965539999999
25,315_STEAM_2,1,12.0,124.09965539999999
25,315_STEAM_3,1,12.0,124.09965539999999
25,315_STEAM_4,1,12.0,124.09965539999999
25,315_STEAM_5,1,12.0,124.09965539999999
25,315_CT_6,1,55.0,31.8557679
25,315_CT_7,1,55.0,31.8557679
25,315_CT_8,1,55.0,31.8557679
25,316_STEAM_1,1,155.0,27.274698980000004
25,318_CC_1,1,355.0,31.529241419999998
25,321_CC_1,1,355.0,33.94709226
25,322_CT_5,1,55.0,27.89469072
25,322_CT_6,1,55.0,27.89469072
25,323_CC_1,1,355.0,31.727489639999995
25,323_CC_2,1,355.0,31.727489639999995
25,322_HYDRO_1,1,7.632999999999999,0.0
25,322_HYDRO_2,1,7.632999999999999,0.0
25,322_HYDRO_3,1,7.632999999999999,0.0
25,322_HYDRO_4,1,7.632999999999999,0.0
25,320_PV_1,1,37.8,0.0
25,314_PV_1,1,38.1,0.0
25,314_PV_2,1,35.0,0.0
25,313_PV_1,1,76.3,0.0
25,314_PV_3,1,71.1,0.0
25,314_PV_4,1,38.9,0.0
25,313_PV_2,1,74.4,0.0
25,310_PV_1,1,39.7,0.0
25,324_PV_1,1,41.4,0.0
25,312_PV_1,1,77.0,0.0
25,310_PV_2,1,37.4,0.0
25,324_PV_2,1,35.4,0.0
25,324_PV_3,1,40.7,0.0
25,319_PV_1,1,144.1,0.0
25,308_RTPV_1,1,60.5,0.0
25,313_RTPV_1,1,73.0,0.0
25,313_RTPV_2,1,49.1,0.0
25,313_RTPV_3,1,43.1,0.0
25,313_RTPV_4,1,45.9,0.0
25,313_RTPV_5,1,51.8,0.0
25,313_RTPV_6,1,46.9,0.0
25,313_RTPV_7,1,49.0,0.0
25,313_RTPV_8,1,47.3,0.0
25,313_RTPV_9,1,51.3,0.0
25,313_RTPV_10,1,47.4,0.0
25,313_RTPV_11,1,47.5,0.0
25,313_RTPV_12,1,19.3,0.0
25,320_RTPV_1,1,20.7,0.0
25,320_RTPV_2,1,20.9,0.0
25,320_RTPV_3,1,21.1,0.0
25,313_RTPV_13,1,22.7,0.0
25,320_RTPV_4,1,18.5,0.0
25,320_RTPV_5,1,22.2,0.0
25,320_RTPV_6,1,6.9,0.0
25,309_WIND_1,1,2.8,0.0
25,317_WIND_1,1,12.3,0.0
25,303_WIND_1,1,6.3,0.0
26,301_CT_1,1,20.0,105.3672414
26,301_CT_2,1,20.0,105.3672414
26,301_CT_3,1,55.0,43.742886659999996
26,301_CT_4,1,55.0,43.742886659999996
26,302_CT_1,1,20.0,105.3672414
26,302_CT_2,1,20.0,105.3672414
26,302_CT_3,1,55.0,38.635079579999996
26,302_CT_4,1,55.0,38.635079579999996
26,307_CT_1,1,55.0,35.47476972
26,307_CT_2,1,55.0,35.47476972
26,313_CC_1,1,355.0,33.75273126
26,315_STEAM_1,1,12.0,124.09965539999999
26,315_STEAM_2,1,12.0,124.09965539999999
26,315_STEAM_3,1,12.0,124.09965539999999
26,315_STEAM_4,1,12.0,124.09965539999999
26,315_STEAM_5,1,12.0,124.09965539999999
26,315_CT_6,1,55.0,31.8557679
26,315_CT_7,1,55.0,31.8557679
26,315_CT_8,1,55.0,31.8557679
26,316_STEAM_1,1,155.0,27.274698980000004
26,318_CC_1,1,355.0,31.529241419999998
26,321_CC_1,1,355.0,33.94709226
26,322_CT_5,1,55.0,27.89469072
26,322_CT_6,1,55.0,27.89469072
26,323_CC_1,1,355.0,31.727489639999995
26,323_CC_2,1,355.0,31.727489639999995
26,322_HYDRO_1,1,7.667000000000001,0.0
26,322_HYDRO_2,1,7.667000000000001,0.0
26,322_HYDRO_3,1,7.667000000000001,0.0
26,322_HYDRO_4,1,7.667000000000001,0.0
26,320_PV_1,1,37.9,0.0
26,314_PV_1,1,38.0,0.0
26,314_PV_2,1,34.9,0.0
26,313_PV_1,1,76.9,0.0
26,314_PV_3,1,71.3,0.0
26,314_PV_4,1,38.8,0.0
26,313_PV_2,1,74.9,0.0
26,310_PV_1,1,39.9,0.0
26,324_PV_1,1,41.1,0.0
26,312_PV_1,1,76.6,0.0
26,310_PV_2,1,37.4,0.0
26,324_PV_2,1,35.3,0.0
26,324_PV_3,1,41.0,0.0
26,319_PV_1,1,144.7,0.0
26,308_RTPV_1,1,60.5,0.0
26,313_RTPV_1,1,72.9,0.0
26,313_RTPV_2,1,49.3,0.0
26,313_RTPV_3,1,43.3,0.0
26,313_RTPV_4,1,45.6,0.0
26,313_RTPV_5,1,52.0,0.0
26,313_RTPV_6,1,47.1,0.0
26,313_RTPV_7,1,49.0,0.0
26,313_RTPV_8,1,47.7,0.0
26,313_RTPV_9,1,51.3,0.0
26,313_RTPV_10,1,47.4,0.0
26,313_RTPV_11,1,47.3,0.0
26,313_RTPV_12,1,19.2,0.0
26,320_RTPV_1,1,21.0,0.0
26,320_RTPV_2,1,20.6,0.0
26,320_RTPV_3,1,21.0,0.0
26,313_RTPV_13,1,22.6,0.0
26,320_RTPV_4,1,18.5,0.0
26,320_RTPV_5,1,22.3,0.0
26,320_RTPV_6,1,6.9,0.0
26,309_WIND_1,1,3.7,0.0
26,317_WIND_1,1,12.7,0.0
26,303_WIND_1,1,5.2,0.0
27,301_CT_1,1,20.0,105.3672414
27,301_CT_2,1,20.0,105.3672414
27,301_CT_3,1,55.0,43.742886659999996
27,301_CT_4,1,55.0,43.742886659999996
27,302_CT_1,1,20.0,105.3672414
27,302_CT_2,1,20.0,105.3672414
27,302_CT_3,1,55.0,38.635079579999996
27,302_CT_4,1,55.0,38.635079579999996
27,307_CT_1,1,55.0,35.47476972
27,307_CT_2,1,55.0,35.47476972
27,313_CC_1,1,355.0,33.75273126
27,315_STEAM_1,1,12.0,124.09965539999999
27,315_STEAM_2,1,12.0,124.09965539999999
27,315_STEAM_3,1,12.0,124.09965539999999
27,315_STEAM_4,1,12.0,124.09965539999999
27,315_STEAM_5,1,12.0,124.09965539999999
27,315_CT_6,1,55.0,31.8557679
27,315_CT_7,1,55.0,31.8557679
27,315_CT_8,1,55.0,31.8557679
27,316_STEAM_1,1,155.0,27.274698980000004
27,318_CC_1,1,355.0,31.529241419999998
27,321_CC_1,1,355.0,33.94709226
27,322_CT_5,1,55.0,27.89469072
27,322_CT_6,1,55.0,27.89469072
27,323_CC_1,1,355.0,31.727489639999995
27,323_CC_2,1,355.0,31.727489639999995
27,322_HYDRO_1,1,7.7,0.0
27,322_HYDRO_2,1,7.7,0.0
27,322_HYDRO_3,1,7.7,0.0
27,322_HYDRO_4,1,7.7,0.0
27,320_PV_1,1,38.5,0.0
27,314_PV_1,1,37.9,0.0
27,314_PV_2,1,34.6,0.0
27,313_PV_1,1,77.6,0.0
27,314_PV_3,1,71.5,0.0
27,314_PV_4,1,38.7,0.0
27,313_PV_2,1,75.0,0.0
27,310_PV_1,1,39.7,0.0
27,324_PV_1,1,40.7,0.0
27,312_PV_1,1,76.8,0.0
27,310_PV_2,1,37.4,0.0
27,324_PV_2,1,35.3,0.0
27,324_PV_3,1,40.7,0.0
27,319_PV_1,1,144.9,0.0
27,308_RTPV_1,1,60.4,0.0
27,313_RTPV_1,1,72.8,0.0
27,313_RTPV_2,1,49.5,0.0
27,313_RTPV_3,1,43.4,0.0
27,313_RTPV_4,1,45.2,0.0
27,313_RTPV_5,1,52.1,0.0
27,313_RTPV_6,1,47.2,0.0
27,313_RTPV_7,1,48.9,0.0
27,313_RTPV_8,1,47.9,0.0
27,313_RTPV_9,1,51.0,0.0
27,313_RTPV_10,1,47.3,0.0
27,313_RTPV_11,1,47.1,0.0
27,313_RTPV_12,1,19.1,0.0
27,320_RTPV_1,1,21.2,0.0
27,320_RTPV_2,1,20.2,0.0
27,320_RTPV_3,1,20.9,0.0
27,313_RTPV_13,1,22.5,0.0
27,320_RTPV_4,1,18.4,0.0
27,320_RTPV_5,1,22.4,0.0
27,320_RTPV_6,1,6.9,0.0
27,309_WIND_1,1,0.9,0.0
27,317_WIND_1,1,11.0,0.0
27,303_WIND_1,1,3.6,0.0
28,301_CT_1,1,20.0,105.3672414
28,301_CT_2,1,20.0,105.3672414
28,301_CT_3,1,55.0,43.742886659999996
28,301_CT_4,1,55.0,43.742886659999996
28,302_CT_1,1,20.0,105.3672414
28,302_CT_2,1,20.0,105.3672414
28,302_CT_3,1,55.0,38.635079579999996
28,302_CT_4,1,55.0,38.635079579999996
28,307_CT_1,1,55.0,35.47476972
28,307_CT_2,1,55.0,35.47476972
28,313_CC_1,1,355.0,33.75273126
28,315_STEAM_1,1,12.0,124.09965539999999
28,315_STEAM_2,1,12.0,124.09965539999999
28,315_STEAM_3,1,12.0,124.09965539999999
28,315_STEAM_4,1,12.0,124.09965539999999
28,315_STEAM_5,1,12.0,124.09965539999999
28,315_CT_6,1,55.0,31.8557679
28,315_CT_7,1,55.0,31.8557679
28,315_CT_8,1,55.0,31.8557679
28,316_STEAM_1,1,155.0,27.274698980000004
28,318_CC_1,1,355.0,31.529241419999998
28,321_CC_1,1,355.0,33.94709226
28,322_CT_5,1,55.0,27.89469072
28,322_CT_6,1,55.0,27.89469072
28,323_CC_1,1,355.0,31.727489639999995
28,323_CC_2,1,355.0,31.727489639999995
28,322_HYDRO_1,1,7.733,0.0
28,322_HYDRO_2,1,7.733,0.0
28,322_HYDRO_3,1,7.733,0.0
28,322_HYDRO_4,1,7.733,0.0
28,320_PV_1,1,38.3,0.0
28,314_PV_1,1,37.6,0.0
28,314_PV_2,1,34.5,0.0
28,313_PV_1,1,77.7,0.0
28,314_PV_3,1,71.4,0.0
28,314_PV_4,1,38.5,0.0
28,313_PV_2,1,75.1,0.0
28,310_PV_1,1,39.6,0.0
28,324_PV_1,1,40.7,0.0
28,312_PV_1,1,76.7,0.0
28,310_PV_2,1,37.6,0.0
28,324_PV_2,1,35.4,0.0
28,324_PV_3,1,40.4,0.0
28,319_PV_1,1,145.2,0.0
28,308_RTPV_1,1,60.1,0.0
28,313_RTPV_1,1,72.7,0.0
28,313_RTPV_2,1,49.8,0.0
28,313_RTPV_3,1,43.5,0.0
28,313_RTPV_4,1,44.6,0.0
28,313_RTPV_5,1,52.1,0.0
28,313_RTPV_6,1,47.2,0.0
28,313_RTPV_7,1,48.6,0.0
28,313_RTPV_8,1,48.3,0.0
28,313_RTPV_9,1,50.8,0.0
28,313_RTPV_10,1,47.2,0.0
28,313_RTPV_11,1,47.0,0.0
28,313_RTPV_12,1,19.0,0.0
28,320_RTPV_1,1,21.3,0.0
28,320_RTPV_2,1,19.7,0.0
28,320_RTPV_3,1,21.0,0.0
28,313_RTPV_13,1,22.5,0.0
28,320_RTPV_4,1,18.4,0.0
28,320_RTPV_5,1,22.4,0.0
28,320_RTPV_6,1,6.9,0.0
28,309_WIND_1,1,2.0,0.0
28,317_WIND_1,1,12.4,0.0
28,303_WIND_1,1,6.0,0.0
29,301_CT_1,1,20.0,105.3672414
29,301_CT_2,1,20.0,105.3672414
29,301_CT_3,1,55.0,43.742886659999996
29,301_CT_4,1,55.0,43.742886659999996
29,302_CT_1,1,20.0,105.3672414
29,302_CT_2,1,20.0,105.3672414
29,302_CT_3,1,55.0,38.635079579999996
29,302_CT_4,1,55.0,38.635079579999996
29,307_CT_1,1,55.0,35.47476972
29,307_CT_2,1,55.0,35.47476972
29,313_CC_1,1,355.0,33.75273126
29,315_STEAM_1,1,12.0,124.09965539999999
29,315_STEAM_2,1,12.0,124.09965539999999
29,315_STEAM_3,1,12.0,124.09965539999999
29,315_STEAM_4,1,12.0,124.09965539999999
29,315_STEAM_5,1,12.0,124.09965539999999
29,315_CT_6,1,55.0,31.8557679
29,315_CT_7,1,55.0,31.8557679
29,315_CT_8,1,55.0,31.8557679
29,316_STEAM_1,1,155.0,27.274698980000004
29,318_CC_1,1,355.0,31.529241419999998
29,321_CC_1,1,355.0,33.94709226
29,322_CT_5,1,55.0,27.89469072
29,322_CT_6,1,55.0,27.89469072
29,323_CC_1,1,355.0,31.727489639999995
29,323_CC_2,1,355.0,31.727489639999995
29,322_HYDRO_1,1,7.767,0.0
29,322_HYDRO_2,1,7.767,0.0
29,322_HYDRO_3,1,7.767,0.0
29,322_HYDRO_4,1,7.767,0.0
29,320_PV_1,1,38.3,0.0
29,314_PV_1,1,38.0,0.0
29,314_PV_2,1,34.2,0.0
29,313_PV_1,1,77.7,0.0
29,314_PV_3,1,71.4,0.0
29,314_PV_4,1,38.7,0.0
29,313_PV_2,1,74.8,0.0
29,310_PV_1,1,39.5,0.0
29,324_PV_1,1,40.3,0.0
29,312_PV_1,1,76.6,0.0
29,310_PV_2,1,37.9,0.0
29,324_PV_2,1,35.5,0.0
29,324_PV_3,1,39.9,0.0
29,319_PV_1,1,142.4,0.0
29,308_RTPV_1,1,59.8,0.0
29,313_RTPV_1,1,72.5,0.0
29,313_RTPV_2,1,50.2,0.0
29,313_RTPV_3,1,43.3,0.0
29,313_RTPV_4,1,44.0,0.0
29,313_RTPV_5,1,52.0,0.0
29,313_RTPV_6,1,47.2,0.0
29,313_RTPV_7,1,48.5,0.0
29,313_RTPV_8,1,48.5,0.0
29,313_RTPV_9,1,50.7,0.0
29,313_RTPV_10,1,47.1,0.0
29,313_RTPV_11,1,46.8,0.0
29,313_RTPV_12,1,19.0,0.0
29,320_RTPV_1,1,21.3,0.0
29,320_RTPV_2,1,19.3,0.0
29,320_RTPV_3,1,21.1,0.0
29,313_RTPV_13,1,22.5,0.0
29,320_RTPV_4,1,18.3,0.0
29,320_RTPV_5,1,22.4,0.0
29,320_RTPV_6,1,6.8,0.0
29,309_WIND_1,1,1.1,0.0
29,317_WIND_1,1,11.1,0.0
29,303_WIND_1,1,5.5,0.0
30,301_CT_1,1,20.0,105.3672414
30,301_CT_2,1,20.0,105.3672414
30,301_CT_3,1,55.0,43.742886659999996
30,301_CT_4,1,55.0,43.742886659999996
30,302_CT_1,1,20.0,105.3672414
30,302_CT_2,1,20.0,105.3672414
30,302_CT_3,1,55.0,38.635079579999996
30,302_CT_4,1,55.0,38.635079579999996
30,307_CT_1,1,55.0,35.47476972
30,307_CT_2,1,55.0,35.47476972
30,313_CC_1,1,355.0,33.75273126
30,315_STEAM_1,1,12.0,124.09965539999999
30,315_STEAM_2,1,12.0,124.09965539999999
30,315_STEAM_3,1,12.0,124.09965539999999
30,315_STEAM_4,1,12.0,124.09965539999999
30,315_STEAM_5,1,12.0,124.09965539999999
30,315_CT_6,1,55.0,31.8557679
30,315_CT_7,1,55.0,31.8557679
30,315_CT_8,1,55.0,31.8557679
30,316_STEAM_1,1,155.0,27.274698980000004
30,318_CC_1,1,355.0,31.529241419999998
30,321_CC_1,1,355.0,33.94709226
30,322_CT_5,1,55.0,27.89469072
30,322_CT_6,1,55.0,27.89469072
30,323_CC_1,1,355.0,31.727489639999995
30,323_CC_2,1,355.0,31.727489639999995
30,322_HYDRO_1,1,7.8,0.0
30,322_HYDRO_2,1,7.8,0.0
30,322_HYDRO_3,1,7.8,0.0
30,322_HYDRO_4,1,7.8,0.0
30,320_PV_1,1,38.2,0.0
30,314_PV_1,1,38.0,0.0
30,314_PV_2,1,33.8,0.0
30,313_PV_1,1,77.4,0.0
30,314_PV_3,1,71.4,0.0
30,314_PV_4,1,38.8,0.0
30,313_PV_2,1,74.7,0.0
30,310_PV_1,1,39.3,0.0
30,324_PV_1,1,40.6,0.0
30,312_PV_1,1,76.2,0.0
30,310_PV_2,1,37.9,0.0
30,324_PV_2,1,35.5,0.0
30,324_PV_3,1,39.9,0.0
30,319_PV_1,1,141.4,0.0
30,308_RTPV_1,1,59.4,0.0
30,313_RTPV_1,1,72.1,0.0
30,313_RTPV_2,1,50.4,0.0
30,313_RTPV_3,1,43.0,0.0
30,313_RTPV_4,1,43.6,0.0
30,313_RTPV_5,1,51.9,0.0
30,313_RTPV_6,1,47.1,0.0
30,313_RTPV_7,1,48.3,0.0
30,313_RTPV_8,1,48.7,0.0
30,313_RTPV_9,1,50.5,0.0
30,313_RTPV_10,1,47.0,0.0
30,313_RTPV_11,1,46.6,0.0
30,313_RTPV_12,1,18.9,0.0
30,320_RTPV_1,1,21.2,0.0
30,320_RTPV_2,1,18.7,0.0
30,320_RTPV_3,1,21.2,0.0
30,313_RTPV_13,1,22.5,0.0
30,320_RTPV_4,1,18.2,0.0
30,320_RTPV_5,1,22.4,0.0
30,320_RTPV_6,1,6.7,0.0
30,309_WIND_1,1,1.3,0.0
30,317_WIND_1,1,9.2,0.0
30,303_WIND_1,1,6.2,0.0
31,301_CT_1,1,20.0,105.3672414
31,301_CT_2,1,20.0,105.3672414
31,301_CT_3,1,55.0,43.742886659999996
31,301_CT_4,1,55.0,43.742886659999996
31,302_CT_1,1,20.0,105.3672414
31,302_CT_2,1,20.0,105.3672414
31,302_CT_3,1,55.0,38.635079579999996
31,302_CT_4,1,55.0,38.635079579999996
31,307_CT_1,1,55.0,35.47476972
31,307_CT_2,1,55.0,35.47476972
31,313_CC_1,1,355.0,33.75273126
31,315_STEAM_1,1,12.0,124.09965539999999
31,315_STEAM_2,1,12.0,124.09965539999999
31,315_STEAM_3,1,12.0,124.09965539999999
31,315_STEAM_4,1,12.0,124.09965539999999
31,315_STEAM_5,1,12.0,124.09965539999999
31,315_CT_6,1,55.0,31.8557679
31,315_CT_7,1,55.0,31.8557679
31,315_CT_8,1,55.0,31.8557679
31,316_STEAM_1,1,155.0,27.274698980000004
31,318_CC_1,1,355.0,31.529241419999998
31,321_CC_1,1,355.0,33.94709226
31,322_CT_5,1,55.0,27.89469072
31,322_CT_6,1,55.0,27.89469072
31,323_CC_1,1,355.0,31.727489639999995
31,323_CC_2,1,355.0,31.727489639999995
31,322_HYDRO_1,1,7.832999999999999,0.0
31,322_HYDRO_2,1,7.832999999999999,0.0
31,322_HYDRO_3,1,7.832999999999999,0.0
31,322_HYDRO_4,1,7.832999999999999,0.0
31,320_PV_1,1,37.9,0.0
31,314_PV_1,1,38.0,0.0
31,314_PV_2,1,33.3,0.0
31,313_PV_1,1,77.2,0.0
31,314_PV_3,1,71.3,0.0
31,314_PV_4,1,38.8,0.0
31,313_PV_2,1,74.5,0.0
31,310_PV_1,1,39.2,0.0
31,324_PV_1,1,40.2,0.0
31,312_PV_1,1,76.0,0.0
31,310_PV_2,1,38.0,0.0
31,324_PV_2,1,35.6,0.0
31,324_PV_3,1,40.2,0.0
31,319_PV_1,1,141.2,0.0
31,308_RTPV_1,1,58.7,0.0
31,313_RTPV_1,1,71.5,0.0
31,313_RTPV_2,1,50.5,0.0
31,313_RTPV_3,1,42.7,0.0
31,313_RTPV_4,1,43.2,0.0
31,313_RTPV_5,1,51.8,0.0
31,313_RTPV_6,1,47.1,0.0
31,313_RTPV_7,1,48.2,0.0
31,313_RTPV_8,1,49.0,0.0
31,313_RTPV_9,1,50.4,0.0
31,313_RTPV_10,1,46.8,0.0
31,313_RTPV_11,1,46.4,0.0
31,313_RTPV_12,1,18.9,0.0
31,320_RTPV_1,1,20.9,0.0
31,320_RTPV_2,1,17.0,0.0
31,320_RTPV_3,1,21.3,0.0
31,313_RTPV_13,1,22.5,0.0
31,320_RTPV_4,1,18.0,0.0
31,320_RTPV_5,1,22.3,0.0
31,320_RTPV_6,1,6.6,0.0
31,309_WIND_1,1,0.9,0.0
31,317_WIND_1,1,8.2,0.0
31,303_WIND_1,1,4.8,0.0
32,301_CT_1,1,20.0,105.3672414
32,301_CT_2,1,20.0,105.3672414
32,301_CT_3,1,55.0,43.742886659999996
32,301_CT_4,1,55.0,43.742886659999996
32,302_CT_1,1,20.0,105.3672414
32,302_CT_2,1,20.0,105.3672414
32,302_CT_3,1,55.0,38.635079579999996
32,302_CT_4,1,55.0,38.635079579999996
32,307_CT_1,1,55.0,35.47476972
32,307_CT_2,1,55.0,35.47476972
32,313_CC_1,1,355.0,33.75273126
32,315_STEAM_1,1,12.0,124.09965539999999
32,315_STEAM_2,1,12.0,124.09965539999999
32,315_STEAM_3,1,12.0,124.09965539999999
32,315_STEAM_4,1,12.0,124.09965539999999
32,315_STEAM_5,1,12.0,124.09965539999999
32,315_CT_6,1,55.0,31.8557679
32,315_CT_7,1,55.0,31.8557679
32,315_CT_8,1,55.0,31.8557679
32,316_STEAM_1,1,155.0,27.274698980000004
32,318_CC_1,1,355.0,31.529241419999998
32,321_CC_1,1,355.0,33.94709226
32,322_CT_5,1,55.0,27.89469072
32,322_CT_6,1,55.0,27.89469072
32,323_CC_1,1,355.0,31.727489639999995
32,323_CC_2,1,355.0,31.727489639999995
32,322_HYDRO_1,1,7.867000000000001,0.0
32,322_HYDRO_2,1,7.867000000000001,0.0
32,322_HYDRO_3,1,7.867000000000001,0.0
32,322_HYDRO_4,1,7.867000000000001,0.0
32,320_PV_1,1,37.9,0.0
32,314_PV_1,1,37.9,0.0
32,314_PV_2,1,33.5,0.0
32,313_PV_1,1,76.8,0.0
32,314_PV_3,1,71.6,0.0
32,314_PV_4,1,38.7,0.0
32,313_PV_2,1,74.3,0.0
32,310_PV_1,1,38.7,0.0
32,324_PV_1,1,40.1,0.0
32,312_PV_1,1,76.0,0.0
32,310_PV_2,1,38.0,0.0
32,324_PV_2,1,35.6,0.0
32,324_PV_3,1,40.3,0.0
32,319_PV_1,1,141.3,0.0
32,308_RTPV_1,1,58.2,0.0
32,313_RTPV_1,1,71.0,0.0
32,313_RTPV_2,1,50.4,0.0
32,313_RTPV_3,1,42.3,0.0
32,313_RTPV_4,1,42.7,0.0
32,313_RTPV_5,1,51.7,0.0
32,313_RTPV_6,1,47.0,0.0
32,313_RTPV_7,1,47.9,0.0
32,313_RTPV_8,1,49.1,0.0
32,313_RTPV_9,1,50.3,0.0
32,313_RTPV_10,1,46.6,0.0
32,313_RTPV_11,1,46.3,0.0
32,313_RTPV_12,1,18.9,0.0
32,320_RTPV_1,1,20.6,0.0
32,320_RTPV_2,1,18.2,0.0
32,320_RTPV_3,1,21.3,0.0
32,313_RTPV_13,1,22.4,0.0
32,320_RTPV_4,1,17.6,0.0
32,320_RTPV_5,1,22.2,0.0
32,320_RTPV_6,1,6.5,0.0
32,309_WIND_1,1,1.2,0.0
32,317_WIND_1,1,9.9,0.0
32,303_WIND_1,1,7.4,0.0
33,301_CT_1,1,20.0,105.3672414
33,301_CT_2,1,20.0,105.3672414
33,301_CT_3,1,55.0,43.742886659999996
33,301_CT_4,1,55.0,43.742886659999996
33,302_CT_1,1,20.0,105.3672414
33,302_CT_2,1,20.0,105.3672414
33,302_CT_3,1,55.0,38.635079579999996
33,302_CT_4,1,55.0,38.635079579999996
33,307_CT_1,1,55.0,35.47476972
33,307_CT_2,1,55.0,35.47476972
33,313_CC_1,1,355.0,33.75273126
33,315_STEAM_1,1,12.0,124.09965539999999
33,315_STEAM_2,1,12.0,124.09965539999999
33,315_STEAM_3,1,12.0,124.09965539999999
33,315_STEAM_4,1,12.0,124.09965539999999
33,315_STEAM_5,1,12.0,124.09965539999999
33,315_CT_6,1,55.0,31.8557679
33,315_CT_7,1,55.0,31.8557679
33,315_CT_8,1,55.0,31.8557679
33,316_STEAM_1,1,155.0,27.274698980000004
33,318_CC_1,1,355.0,31.529241419999998
33,321_CC_1,1,355.0,33.94709226
33,322_CT_5,1,55.0,27.89469072
33,322_CT_6,1,55.0,27.89469072
33,323_CC_1,1,355.0,31.727489639999995
33,323_CC_2,1,355.0,31.727489639999995
33,322_HYDRO_1,1,7.9,0.0
33,322_HYDRO_2,1,7.9,0.0
33,322_HYDRO_3,1,7.9,0.0
33,322_HYDRO_4,1,7.9,0.0
33,320_PV_1,1,38.0,0.0
33,314_PV_1,1,37.4,0.0
33,314_PV_2,1,33.8,0.0
33,313_PV_1,1,76.5,0.0
33,314_PV_3,1,71.8,0.0
33,314_PV_4,1,38.7,0.0
33,313_PV_2,1,74.2,0.0
33,310_PV_1,1,38.7,0.0
33,324_PV_1,1,40.1,0.0
33,312_PV_1,1,75.9,0.0
33,310_PV_2,1,38.0,0.0
33,324_PV_2,1,35.4,0.0
33,324_PV_3,1,40.5,0.0
33,319_PV_1,1,141.7,0.0
33,308_RTPV_1,1,57.8,0.0
33,313_RTPV_1,1,70.7,0.0
33,313_RTPV_2,1,50.0,0.0
33,313_RTPV_3,1,42.0,0.0
33,313_RTPV_4,1,42.3,0.0
33,313_RTPV_5,1,51.7,0.0
33,313_RTPV_6,1,46.9,0.0
33,313_RTPV_7,1,47.6,0.0
33,313_RTPV_8,1,49.1,0.0
33,313_RTPV_9,1,50.3,0.0
33,313_RTPV_10,1,46.4,0.0
33,313_RTPV_11,1,46.3,0.0
33,313_RTPV_12,1,18.8,0.0
33,320_RTPV_1,1,20.3,0.0
33,320_RTPV_2,1,19.5,0.0
33,320_RTPV_3,1,21.2,0.0
33,313_RTPV_13,1,22.3,0.0
33,320_RTPV_4,1,17.3,0.0
33,320_RTPV_5,1,22.0,0.0
33,320_RTPV_6,1,6.4,0.0
33,309_WIND_1,1,1.0,0.0
33,317_WIND_1,1,8.9,0.0
33,303_WIND_1,1,6.2,0.0
34,301_CT_1,1,20.0,105.3672414
34,301_CT_2,1,20.0,105.3672414
34,301_CT_3,1,55.0,43.742886659999996
34,301_CT_4,1,55.0,43.742886659999996
34,302_CT_1,1,20.0,105.3672414
34,302_CT_2,1,20.0,105.3672414
34,302_CT_3,1,55.0,38.635079579999996
34,302_CT_4,1,55.0,38.635079579999996
34,307_CT_1,1,55.0,35.47476972
34,307_CT_2,1,55.0,35.47476972
34,313_CC_1,1,355.0,33.75273126
34,315_STEAM_1,1,12.0,124.09965539999999
34,315_STEAM_2,1,12.0,124.09965539999999
34,315_STEAM_3,1,12.0,124.09965539999999
34,315_STEAM_4,1,12.0,124.09965539999999
34,315_STEAM_5,1,12.0,124.09965539999999
34,315_CT_6,1,55.0,31.8557679
34,315_CT_7,1,55.0,31.8557679
34,315_CT_8,1,55.0,31.8557679
34,316_STEAM_1,1,155.0,27.274698980000004
34,318_CC_1,1,355.0,31.529241419999998
34,321_CC_1,1,355.0,33.94709226
34,322_CT_5,1,55.0,27.89469072
34,322_CT_6,1,55.0,27.89469072
34,323_CC_1,1,355.0,31.727489639999995
34,323_CC_2,1,355.0,31.727489639999995
34,322_HYDRO_1,1,7.933,0.0
34,322_HYDRO_2,1,7.933,0.0
34,322_HYDRO_3,1,7.933,0.0
34,322_HYDRO_4,1,7.933,0.0
34,320_PV_1,1,37.7,0.0
34,314_PV_1,1,37.3,0.0
34,314_PV_2,1,33.8,0.0
34,313_PV_1,1,76.4,0.0
34,314_PV_3,1,71.8,0.0
34,314_PV_4,1,38.6,0.0
34,313_PV_2,1,73.8,0.0
34,310_PV_1,1,38.9,0.0
34,324_PV_1,1,40.5,0.0
34,312_PV_1,1,75.6,0.0
34,310_PV_2,1,38.1,0.0
34,324_PV_2,1,34.9,0.0
34,324_PV_3,1,40.5,0.0
34,319_PV_1,1,143.4,0.0
34,308_RTPV_1,1,57.4,0.0
34,313_RTPV_1,1,70.4,0.0
34,313_RTPV_2,1,49.7,0.0
34,313_RTPV_3,1,41.9,0.0
34,313_RTPV_4,1,41.9,0.0
34,313_RTPV_5,1,51.5,0.0
34,313_RTPV_6,1,47.1,0.0
34,313_RTPV_7,1,47.3,0.0
34,313_RTPV_8,1,49.0,0.0
34,313_RTPV_9,1,50.2,0.0
34,313_RTPV_10,1,46.1,0.0
34,313_RTPV_11,1,46.3,0.0
34,313_RTPV_12,1,18.7,0.0
34,320_RTPV_1,1,20.0,0.0
34,320_RTPV_2,1,20.2,0.0
34,320_RTPV_3,1,21.0,0.0
34,313_RTPV_13,1,22.1,0.0
34,320_RTPV_4,1,17.1,0.0
34,320_RTPV_5,1,21.8,0.0
34,320_RTPV_6,1,6.4,0.0
34,309_WIND_1,1,1.3,0.0
34,317_WIND_1,1,5.1,0.0
34,303_WIND_1,1,5.2,0.0
35,301_CT_1,1,20.0,105.3672414
35,301_CT_2,1,20.0,105.3672414
35,301_CT_3,1,55.0,43.742886659999996
35,301_CT_4,1,55.0,43.742886659999996
35,302_CT_1,1,20.0,105.3672414
35,302_CT_2,1,20.0,105.3672414
35,302_CT_3,1,55.0,38.635079579999996
35,302_CT_4,1,55.0,38.635079579999996
35,307_CT_1,1,55.0,35.47476972
35,307_CT_2,1,55.0,35.47476972
35,313_CC_1,1,355.0,33.75273126
35,315_STEAM_1,1,12.0,124.09965539999999
35,315_STEAM_2,1,12.0,124.09965539999999
35,315_STEAM_3,1,12.0,124.09965539999999
35,315_STEAM_4,1,12.0,124.09965539999999
35,315_STEAM_5,1,12.0,124.09965539999999
35,315_CT_6,1,55.0,31.8557679
35,315_CT_7,1,55.0,31.8557679
35,315_CT_8,1,55.0,31.8557679
35,316_STEAM_1,1,155.0,27.274698980000004
35,318_CC_1,1,355.0,31.529241419999998
35,321_CC_1,1,355.0,33.94709226
35,322_CT_5,1,55.0,27.89469072
35,322_CT_6,1,55.0,27.89469072
35,323_CC_1,1,355.0,31.727489639999995
35,323_CC_2,1,355.0,31.727489639999995
35,322_HYDRO_1,1,7.9670000000000005,0.0
35,322_HYDRO_2,1,7.9670000000000005,0.0
35,322_HYDRO_3,1,7.9670000000000005,0.0
35,322_HYDRO_4,1,7.9670000000000005,0.0
35,320_PV_1,1,37.7,0.0
35,314_PV_1,1,37.7,0.0
35,314_PV_2,1,33.6,0.0
35,313_PV_1,1,76.7,0.0
35,314_PV_3,1,72.0,0.0
35,314_PV_4,1,38.4,0.0
35,313_PV_2,1,73.7,0.0
35,310_PV_1,1,38.9,0.0
35,324_PV_1,1,40.6,0.0
35,312_PV_1,1,75.0,0.0
35,310_PV_2,1,38.1,0.0
35,324_PV_2,1,34.6,0.0
35,324_PV_3,1,40.8,0.0
35,319_PV_1,1,143.9,0.0
35,308_RTPV_1,1,56.9,0.0
35,313_RTPV_1,1,70.1,0.0
35,313_RTPV_2,1,49.4,0.0
35,313_RTPV_3,1,41.8,0.0
35,313_RTPV_4,1,41.3,0.0
35,313_RTPV_5,1,51.3,0.0
35,313_RTPV_6,1,47.0,0.0
35,313_RTPV_7,1,46.9,0.0
35,313_RTPV_8,1,48.6,0.0
35,313_RTPV_9,1,50.5,0.0
35,313_RTPV_10,1,45.7,0.0
35,313_RTPV_11,1,46.2,0.0
35,313_RTPV_12,1,18.6,0.0
35,320_RTPV_1,1,19.6,0.0
35,320_RTPV_2,1,20.7,0.0
35,320_RTPV_3,1,20.8,0.0
35,313_RTPV_13,1,21.9,0.0
35,320_RTPV_4,1,16.9,0.0
35,320_RTPV_5,1,21.5,0.0
35,320_RTPV_6,1,6.4,0.0
35,309_WIND_1,1,1.1,0.0
35,317_WIND_1,1,5.4,0.0
35,303_WIND_1,1,4.5,0.0
36,301_CT_1,1,20.0,105.3672414
36,301_CT_2,1,20.0,105.3672414
36,301_CT_3,1,55.0,43.742886659999996
36,301_CT_4,1,55.0,43.742886659999996
36,302_CT_1,1,20.0,105.3672414
36,302_CT_2,1,20.0,105.3672414
36,302_CT_3,1,55.0,38.635079579999996
36,302_CT_4,1,55.0,38.635079579999996
36,307_CT_1,1,55.0,35.47476972
36,307_CT_2,1,55.0,35.47476972
36,313_CC_1,1,355.0,33.75273126
36,315_STEAM_1,1,12.0,124.09965539999999
36,315_STEAM_2,1,12.0,124.09965539999999
36,315_STEAM_3,1,12.0,124.09965539999999
36,315_STEAM_4,1,12.0,124.09965539999999
36,315_STEAM_5,1,12.0,124.09965539999999
36,315_CT_6,1,55.0,31.8557679
36,315_CT_7,1,55.0,31.8557679
36,315_CT_8,1,55.0,31.8557679
36,316_STEAM_1,1,155.0,27.274698980000004
36,318_CC_1,1,355.0,31.529241419999998
36,321_CC_1,1,355.0,33.94709226
36,322_CT_5,1,55.0,27.89469072
36,322_CT_6,1,55.0,27.89469072
36,323_CC_1,1,355.0,31.727489639999995
36,323_CC_2,1,355.0,31.727489639999995
36,322_HYDRO_1,1,8.0,0.0
36,322_HYDRO_2,1,8.0,0.0
36,322_HYDRO_3,1,8.0,0.0
36,322_HYDRO_4,1,8.0,0.0
36,320_PV_1,1,37.8,0.0
36,314_PV_1,1,37.6,0.0
36,314_PV_2,1,33.1,0.0
36,313_PV_1,1,77.1,0.0
36,314_PV_3,1,72.3,0.0
36,314_PV_4,1,38.3,0.0
36,313_PV_2,1,73.1,0.0
36,310_PV_1,1,38.9,0.0
36,324_PV_1,1,40.5,0.0
36,312_PV_1,1,74.0,0.0
36,310_PV_2,1,38.0,0.0
36,324_PV_2,1,34.3,0.0
36,324_PV_3,1,40.8,0.0
36,319_PV_1,1,144.3,0.0
36,308_RTPV_1,1,56.6,0.0
36,313_RTPV_1,1,69.8,0.0
36,313_RTPV_2,1,49.2,0.0
36,313_RTPV_3,1,41.8,0.0
36,313_RTPV_4,1,40.8,0.0
36,313_RTPV_5,1,51.0,0.0
36,313_RTPV_6,1,47.2,0.0
36,313_RTPV_7,1,46.4,0.0
36,313_RTPV_8,1,48.2,0.0
36,313_RTPV_9,1,50.9,0.0
36,313_RTPV_10,1,45.4,0.0
36,313_RTPV_11,1,46.0,0.0
36,313_RTPV_12,1,18.5,0.0
36,320_RTPV_1,1,19.4,0.0
36,320_RTPV_2,1,20.9,0.0
36,320_RTPV_3,1,20.5,0.0
36,313_RTPV_13,1,21.7,0.0
36,320_RTPV_4,1,16.8,0.0
36,320_RTPV_5,1,21.3,0.0
36,320_RTPV_6,1,6.4,0.0
36,309_WIND_1,1,1.5,0.0
36,317_WIND_1,1,4.9,0.0
36,303_WIND_1,1,4.8,0.0
37,301_CT_1,1,20.0,105.3672414
37,301_CT_2,1,20.0,105.3672414
37,301_CT_3,1,55.0,43.742886659999996
37,301_CT_4,1,55.0,43.742886659999996
37,302_CT_1,1,20.0,105.3672414
37,302_CT_2,1,20.0,105.3672414
37,302_CT_3,1,55.0,38.635079579999996
37,302_CT_4,1,55.0,38.635079579999996
37,307_CT_1,1,55.0,35.47476972
37,307_CT_2,1,55.0,35.47476972
37,313_CC_1,1,355.0,33.75273126
37,315_STEAM_1,1,12.0,124.09965539999999
37,315_STEAM_2,1,12.0,124.09965539999999
37,315_STEAM_3,1,12.0,124.09965539999999
37,315_STEAM_4,1,12.0,124.09965539999999
37,315_STEAM_5,1,12.0,124.09965539999999
37,315_CT_6,1,55.0,31.8557679
37,315_CT_7,1,55.0,31.8557679
37,315_CT_8,1,55.0,31.8557679
37,316_STEAM_1,1,155.0,27.274698980000004
37,318_CC_1,1,355.0,31.529241419999998
37,321_CC_1,1,355.0,33.94709226
37,322_CT_5,1,55.0,27.89469072
37,322_CT_6,1,55.0,27.89469072
37,323_CC_1,1,355.0,31.727489639999995
37,323_CC_2,1,355.0,31.727489639999995
37,322_HYDRO_1,1,8.025,0.0
37,322_HYDRO_2,1,8.025,0.0
37,322_HYDRO_3,1,8.025,0.0
37,322_HYDRO_4,1,8.025,0.0
37,320_PV_1,1,37.6,0.0
37,314_PV_1,1,37.5,0.0
37,314_PV_2,1,33.1,0.0
37,313_PV_1,1,76.9,0.0
37,314_PV_3,1,72.3,0.0
37,314_PV_4,1,38.3,0.0
37,313_PV_2,1,72.5,0.0
37,310_PV_1,1,38.8,0.0
37,324_PV_1,1,40.4,0.0
37,312_PV_1,1,73.7,0.0
37,310_PV_2,1,37.7,0.0
37,324_PV_2,1,34.2,0.0
37,324_PV_3,1,40.9,0.0
37,319_PV_1,1,144.3,0.0
37,308_RTPV_1,1,56.5,0.0
37,313_RTPV_1,1,69.5,0.0
37,313_RTPV_2,1,49.1,0.0
37,313_RTPV_3,1,41.8,0.0
37,313_RTPV_4,1,40.8,0.0
37,313_RTPV_5,1,50.8,0.0
37,313_RTPV_6,1,47.3,0.0
37,313_RTPV_7,1,46.0,0.0
37,313_RTPV_8,1,47.8,0.0
37,313_RTPV_9,1,50.7,0.0
37,313_RTPV_10,1,45.2,0.0
37,313_RTPV_11,1,45.8,0.0
37,313_RTPV_12,1,18.4,0.0
37,320_RTPV_1,1,19.3,0.0
37,320_RTPV_2,1,19.7,0.0
37,320_RTPV_3,1,20.3,0.0
37,313_RTPV_13,1,21.6,0.0
37,320_RTPV_4,1,16.8,0.0
37,320_RTPV_5,1,21.2,0.0
37,320_RTPV_6,1,6.5,0.0
37,309_WIND_1,1,1.7,0.0
37,317_WIND_1,1,6.3,0.0
37,303_WIND_1,1,5.4,0.0
38,301_CT_1,1,20.0,105.3672414
38,301_CT_2,1,20.0,105.3672414
38,301_CT_3,1,55.0,43.742886659999996
38,301_CT_4,1,55.0,43.742886659999996
38,302_CT_1,1,20.0,105.3672414
38,302_CT_2,1,20.0,105.3672414
38,302_CT_3,1,55.0,38.635079579999996
38,302_CT_4,1,55.0,38.635079579999996
38,307_CT_1,1,55.0,35.47476972
38,307_CT_2,1,55.0,35.47476972
38,313_CC_1,1,355.0,33.75273126
38,315_STEAM_1,1,12.0,124.09965539999999
38,315_STEAM_2,1,12.0,124.09965539999999
38,315_STEAM_3,1,12.0,124.09965539999999
38,315_STEAM_4,1,12.0,124.09965539999999
38,315_STEAM_5,1,12.0,124.09965539999999
38,315_CT_6,1,55.0,31.8557679
38,315_CT_7,1,55.0,31.8557679
38,315_CT_8,1,55.0,31.8557679
38,316_STEAM_1,1,155.0,27.274698980000004
38,318_CC_1,1,355.0,31.529241419999998
38,321_CC_1,1,355.0,33.94709226
38,322_CT_5,1,55.0,27.89469072
38,322_CT_6,1,55.0,27.89469072
38,323_CC_1,1,355.0,31.727489639999995
38,323_CC_2,1,355.0,31.727489639999995
38,322_HYDRO_1,1,8.05,0.0
38,322_HYDRO_2,1,8.05,0.0
38,322_HYDRO_3,1,8.05,0.0
38,322_HYDRO_4,1,8.05,0.0
38,320_PV_1,1,37.6,0.0
38,314_PV_1,1,37.5,0.0
38,314_PV_2,1,33.2,0.0
38,313_PV_1,1,76.7,0.0
38,314_PV_3,1,71.3,0.0
38,314_PV_4,1,38.4,0.0
38,313_PV_2,1,72.1,0.0
38,310_PV_1,1,38.6,0.0
38,324_PV_1,1,40.3,0.0
38,312_PV_1,1,74.1,0.0
38,310_PV_2,1,37.5,0.0
38,324_PV_2,1,34.3,0.0
38,324_PV_3,1,41.0,0.0
38,319_PV_1,1,144.1,0.0
38,308_RTPV_1,1,56.6,0.0
38,313_RTPV_1,1,69.8,0.0
38,313_RTPV_2,1,48.8,0.0
38,313_RTPV_3,1,41.6,0.0
38,313_RTPV_4,1,40.5,0.0
38,313_RTPV_5,1,50.5,0.0
38,313_RTPV_6,1,47.3,0.0
38,313_RTPV_7,1,45.5,0.0
38,313_RTPV_8,1,47.4,0.0
38,313_RTPV_9,1,50.3,0.0
38,313_RTPV_10,1,45.0,0.0
38,313_RTPV_11,1,45.8,0.0
38,313_RTPV_12,1,18.2,0.0
38,320_RTPV_1,1,19.2,0.0
38,320_RTPV_2,1,16.6,0.0
38,320_RTPV_3,1,19.8,0.0
38,313_RTPV_13,1,21.3,0.0
38,320_RTPV_4,1,16.8,0.0
38,320_RTPV_5,1,21.0,0.0
38,320_RTPV_6,1,6.5,0.0
38,309_WIND_1,1,0.4,0.0
38,317_WIND_1,1,5.8,0.0
38,303_WIND_1,1,6.3,0.0
39,301_CT_1,1,20.0,105.3672414
39,301_CT_2,1,20.0,105.3672414
39,301_CT_3,1,55.0,43.742886659999996
39,301_CT_4,1,55.0,43.742886659999996
39,302_CT_1,1,20.0,105.3672414
39,302_CT_2,1,20.0,105.3672414
39,302_CT_3,1,55.0,38.635079579999996
39,302_CT_4,1,55.0,38.635079579999996
39,307_CT_1,1,55.0,35.47476972
39,307_CT_2,1,55.0,35.47476972
39,313_CC_1,1,355.0,33.75273126
39,315_STEAM_1,1,12.0,124.09965539999999
39,315_STEAM_2,1,12.0,124.09965539999999
39,315_STEAM_3,1,12.0,124.09965539999999
39,315_STEAM_4,1,12.0,124.09965539999999
39,315_STEAM_5,1,12.0,124.09965539999999
39,315_CT_6,1,55.0,31.8557679
39,315_CT_7,1,55.0,31.8557679
39,315_CT_8,1,55.0,31.8557679
39,316_STEAM_1,1,155.0,27.274698980000004
39,318_CC_1,1,355.0,31.529241419999998
39,321_CC_1,1,355.0,33.94709226
39,322_CT_5,1,55.0,27.89469072
39,322_CT_6,1,55.0,27.89469072
39,323_CC_1,1,355.0,31.727489639999995
39,323_CC_2,1,355.0,31.727489639999995
39,322_HYDRO_1,1,8.075,0.0
39,322_HYDRO_2,1,8.075,0.0
39,322_HYDRO_3,1,8.075,0.0
39,322_HYDRO_4,1,8.075,0.0
39,320_PV_1,1,37.4,0.0
39,314_PV_1,1,37.4,0.0
39,314_PV_2,1,33.3,0.0
39,313_PV_1,1,76.0,0.0
39,314_PV_3,1,70.8,0.0
39,314_PV_4,1,37.7,0.0
39,313_PV_2,1,71.5,0.0
39,310_PV_1,1,38.6,0.0
39,324_PV_1,1,40.3,0.0
39,312_PV_1,1,73.6,0.0
39,310_PV_2,1,37.3,0.0
39,324_PV_2,1,34.3,0.0
39,324_PV_3,1,41.1,0.0
39,319_PV_1,1,142.5,0.0
39,308_RTPV_1,1,56.8,0.0
39,313_RTPV_1,1,70.0,0.0
39,313_RTPV_2,1,48.3,0.0
39,313_RTPV_3,1,41.4,0.0
39,313_RTPV_4,1,40.3,0.0
39,313_RTPV_5,1,50.0,0.0
39,313_RTPV_6,1,47.2,0.0
39,313_RTPV_7,1,45.0,0.0
39,313_RTPV_8,1,47.0,0.0
39,313_RTPV_9,1,49.9,0.0
39,313_RTPV_10,1,44.8,0.0
39,313_RTPV_11,1,45.7,0.0
39,313_RTPV_12,1,18.1,0.0
39,320_RTPV_1,1,19.1,0.0
39,320_RTPV_2,1,16.3,0.0
39,320_RTPV_3,1,19.4,0.0
39,313_RTPV_13,1,21.1,0.0
39,320_RTPV_4,1,16.8,0.0
39,320_RTPV_5,1,20.8,0.0
39,320_RTPV_6,1,6.5,0.0
39,309_WIND_1,1,0.6,0.0
39,317_WIND_1,1,5.1,0.0
39,303_WIND_1,1,4.4,0.0
40,301_CT_1,1,20.0,105.3672414
40,301_CT_2,1,20.0,105.3672414
40,301_CT_3,1,55.0,43.742886659999996
40,301_CT_4,1,55.0,43.742886659999996
40,302_CT_1,1,20.0,105.3672414
40,302_CT_2,1,20.0,105.3672414
40,302_CT_3,1,55.0,38.635079579999996
40,302_CT_4,1,55.0,38.635079579999996
40,307_CT_1,1,55.0,35.47476972
40,307_CT_2,1,55.0,35.47476972
40,313_CC_1,1,355.0,33.75273126
40,315_STEAM_1,1,12.0,124.09965539999999
40,315_STEAM_2,1,12.0,124.09965539999999
40,315_STEAM_3,1,12.0,124.09965539999999
40,315_STEAM_4,1,12.0,124.09965539999999
40,315_STEAM_5,1,12.0,124.09965539999999
40,315_CT_6,1,55.0,31.8557679
40,315_CT_7,1,55.0,31.8557679
40,315_CT_8,1,55.0,31.8557679
40,316_STEAM_1,1,155.0,27.274698980000004
40,318_CC_1,1,355.0,31.529241419999998
40,321_CC_1,1,355.0,33.94709226
40,322_CT_5,1,55.0,27.89469072
40,322_CT_6,1,55.0,27.89469072
40,323_CC_1,1,355.0,31.727489639999995
40,323_CC_2,1,355.0,31.727489639999995
40,322_HYDRO_1,1,8.1,0.0
40,322_HYDRO_2,1,8.1,0.0
40,322_HYDRO_3,1,8.1,0.0
40,322_HYDRO_4,1,8.1,0.0
40,320_PV_1,1,37.3,0.0
40,314_PV_1,1,37.2,0.0
40,314_PV_2,1,33.6,0.0
40,313_PV_1,1,75.5,0.0
40,314_PV_3,1,70.6,0.0
40,314_PV_4,1,37.4,0.0
40,313_PV_2,1,71.2,0.0
40,310_PV_1,1,38.7,0.0
40,324_PV_1,1,40.4,0.0
40,312_PV_1,1,73.7,0.0
40,310_PV_2,1,37.3,0.0
40,324_PV_2,1,34.5,0.0
40,324_PV_3,1,41.0,0.0
40,319_PV_1,1,141.8,0.0
40,308_RTPV_1,1,56.9,0.0
40,313_RTPV_1,1,69.9,0.0
40,313_RTPV_2,1,47.5,0.0
40,313_RTPV_3,1,41.1,0.0
40,313_RTPV_4,1,40.3,0.0
40,313_RTPV_5,1,49.6,0.0
40,313_RTPV_6,1,47.0,0.0
40,313_RTPV_7,1,44.6,0.0
40,313_RTPV_8,1,46.7,0.0
40,313_RTPV_9,1,49.5,0.0
40,313_RTPV_10,1,44.7,0.0
40,313_RTPV_11,1,45.6,0.0
40,313_RTPV_12,1,18.0,0.0
40,320_RTPV_1,1,18.9,0.0
40,320_RTPV_2,1,17.7,0.0
40,320_RTPV_3,1,19.2,0.0
40,313_RTPV_13,1,20.9,0.0
40,320_RTPV_4,1,16.7,0.0
40,320_RTPV_5,1,20.6,0.0
40,320_RTPV_6,1,6.4,0.0
40,309_WIND_1,1,1.5,0.0
40,317_WIND_1,1,5.0,0.0
40,303_WIND_1,1,4.5,0.0
41,301_CT_1,1,20.0,105.3672414
41,301_CT_2,1,20.0,105.3672414
41,301_CT_3,1,55.0,43.742886659999996
41,301_CT_4,1,55.0,43.742886659999996
41,302_CT_1,1,20.0,105.3672414
41,302_CT_2,1,20.0,105.3672414
41,302_CT_3,1,55.0,38.635079579999996
41,302_CT_4,1,55.0,38.635079579999996
41,307_CT_1,1,55.0,35.47476972
41,307_CT_2,1,55.0,35.47476972
41,313_CC_1,1,355.0,33.75273126
41,315_STEAM_1,1,12.0,124.09965539999999
41,315_STEAM_2,1,12.0,124.09965539999999
41,315_STEAM_3,1,12.0,124.09965539999999
41,315_STEAM_4,1,12.0,124.09965539999999
41,315_STEAM_5,1,12.0,124.09965539999999
41,315_CT_6,1,55.0,31.8557679
41,315_CT_7,1,55.0,31.8557679
41,315_CT_8,1,55.0,31.8557679
41,316_STEAM_1,1,155.0,27.274698980000004
41,318_CC_1,1,355.0,31.529241419999998
41,321_CC_1,1,355.0,33.94709226
41,322_CT_5,1,55.0,27.89469072
41,322_CT_6,1,55.0,27.89469072
41,323_CC_1,1,355.0,31.727489639999995
41,323_CC_2,1,355.0,31.727489639999995
41,322_HYDRO_1,1,8.125,0.0
41,322_HYDRO_2,1,8.125,0.0
41,322_HYDRO_3,1,8.125,0.0
41,322_HYDRO_4,1,8.125,0.0
41,320_PV_1,1,37.5,0.0
41,314_PV_1,1,37.0,0.0
41,314_PV_2,1,33.5,0.0
41,313_PV_1,1,75.2,0.0
41,314_PV_3,1,70.7,0.0
41,314_PV_4,1,37.2,0.0
41,313_PV_2,1,71.1,0.0
41,310_PV_1,1,38.7,0.0
41,324_PV_1,1,40.4,0.0
41,312_PV_1,1,74.3,0.0
41,310_PV_2,1,37.3,0.0
41,324_PV_2,1,34.3,0.0
41,324_PV_3,1,41.1,0.0
41,319_PV_1,1,141.6,0.0
41,308_RTPV_1,1,56.9,0.0
41,313_RTPV_1,1,70.0,0.0
41,313_RTPV_2,1,46.5,0.0
41,313_RTPV_3,1,40.8,0.0
41,313_RTPV_4,1,40.4,0.0
41,313_RTPV_5,1,49.0,0.0
41,313_RTPV_6,1,46.7,0.0
41,313_RTPV_7,1,44.3,0.0
41,313_RTPV_8,1,46.4,0.0
41,313_RTPV_9,1,49.1,0.0
41,313_RTPV_10,1,44.7,0.0
41,313_RTPV_11,1,45.7,0.0
41,313_RTPV_12,1,17.8,0.0
41,320_RTPV_1,1,18.7,0.0
41,320_RTPV_2,1,18.2,0.0
41,320_RTPV_3,1,19.0,0.0
41,313_RTPV_13,1,20.7,0.0
41,320_RTPV_4,1,16.6,0.0
41,320_RTPV_5,1,20.4,0.0
41,320_RTPV_6,1,6.4,0.0
41,309_WIND_1,1,1.4,0.0
41,317_WIND_1,1,8.0,0.0
41,303_WIND_1,1,4.7,0.0
42,301_CT_1,1,20.0,105.3672414
42,301_CT_2,1,20.0,105.3672414
42,301_CT_3,1,55.0,43.742886659999996
42,301_CT_4,1,55.0,43.742886659999996
42,302_CT_1,1,20.0,105.3672414
42,302_CT_2,1,20.0,105.3672414
42,302_CT_3,1,55.0,38.635079579999996
42,302_CT_4,1,55.0,38.635079579999996
42,307_CT_1,1,55.0,35.47476972
42,307_CT_2,1,55.0,35.47476972
42,313_CC_1,1,355.0,33.75273126
42,315_STEAM_1,1,12.0,124.09965539999999
42,315_STEAM_2,1,12.0,124.09965539999999
42,315_STEAM_3,1,12.0,124.09965539999999
42,315_STEAM_4,1,12.0,124.09965539999999
42,315_STEAM_5,1,12.0,124.09965539999999
42,315_CT_6,1,55.0,31.8557679
42,315_CT_7,1,55.0,31.8557679
42,315_CT_8,1,55.0,31.8557679
42,316_STEAM_1,1,155.0,27.274698980000004
42,318_CC_1,1,355.0,31.529241419999998
42,321_CC_1,1,355.0,33.94709226
42,322_CT_5,1,55.0,27.89469072
42,322_CT_6,1,55.0,27.89469072
42,323_CC_1,1,355.0,31.727489639999995
42,323_CC_2,1,355.0,31.727489639999995
42,322_HYDRO_1,1,8.15,0.0
42,322_HYDRO_2,1,8.15,0.0
42,322_HYDRO_3,1,8.15,0.0
42,322_HYDRO_4,1,8.15,0.0
42,320_PV_1,1,37.6,0.0
42,314_PV_1,1,36.7,0.0
42,314_PV_2,1,33.5,0.0
42,313_PV_1,1,74.6,0.0
42,314_PV_3,1,70.5,0.0
42,314_PV_4,1,37.4,0.0
42,313_PV_2,1,70.7,0.0
42,310_PV_1,1,38.7,0.0
42,324_PV_1,1,40.5,0.0
42,312_PV_1,1,73.9,0.0
42,310_PV_2,1,37.0,0.0
42,324_PV_2,1,33.9,0.0
42,324_PV_3,1,41.0,0.0
42,319_PV_1,1,141.6,0.0
42,308_RTPV_1,1,56.7,0.0
42,313_RTPV_1,1,69.8,0.0
42,313_RTPV_2,1,45.6,0.0
42,313_RTPV_3,1,40.4,0.0
42,313_RTPV_4,1,40.7,0.0
42,313_RTPV_5,1,48.3,0.0
42,313_RTPV_6,1,46.5,0.0
42,313_RTPV_7,1,44.2,0.0
42,313_RTPV_8,1,46.0,0.0
42,313_RTPV_9,1,48.7,0.0
42,313_RTPV_10,1,44.5,0.0
42,313_RTPV_11,1,45.5,0.0
42,313_RTPV_12,1,17.6,0.0
42,320_RTPV_1,1,18.4,0.0
42,320_RTPV_2,1,16.5,0.0
42,320_RTPV_3,1,18.8,0.0
42,313_RTPV_13,1,20.6,0.0
42,320_RTPV_4,1,16.4,0.0
42,320_RTPV_5,1,20.2,0.0
42,320_RTPV_6,1,6.3,0.0
42,309_WIND_1,1,1.2,0.0
42,317_WIND_1,1,5.3,0.0
42,303_WIND_1,1,7.9,0.0
43,301_CT_1,1,20.0,105.3672414
43,301_CT_2,1,20.0,105.3672414
43,301_CT_3,1,55.0,43.742886659999996
43,301_CT_4,1,55.0,43.742886659999996
43,302_CT_1,1,20.0,105.3672414
43,302_CT_2,1,20.0,105.3672414
43,302_CT_3,1,55.0,38.635079579999996
43,302_CT_4,1,55.0,38.635079579999996
43,307_CT_1,1,55.0,35.47476972
43,307_CT_2,1,55.0,35.47476972
43,313_CC_1,1,355.0,33.75273126
43,315_STEAM_1,1,12.0,124.09965539999999
43,315_STEAM_2,1,12.0,124.09965539999999
43,315_STEAM_3,1,12.0,124.09965539999999
43,315_STEAM_4,1,12.0,124.09965539999999
43,315_STEAM_5,1,12.0,124.09965539999999
43,315_CT_6,1,55.0,31.8557679
43,315_CT_7,1,55.0,31.8557679
43,315_CT_8,1,55.0,31.8557679
43,316_STEAM_1,1,155.0,27.274698980000004
43,318_CC_1,1,355.0,31.529241419999998
43,321_CC_1,1,355.0,33.94709226
43,322_CT_5,1,55.0,27.89469072
43,322_CT_6,1,55.0,27.89469072
43,323_CC_1,1,355.0,31.727489639999995
43,323_CC_2,1,355.0,31.727489639999995
43,322_HYDRO_1,1,8.175,0.0
43,322_HYDRO_2,1,8.175,0.0
43,322_HYDRO_3,1,8.175,0.0
43,322_HYDRO_4,1,8.175,0.0
43,320_PV_1,1,37.4,0.0
43,314_PV_1,1,35.5,0.0
43,314_PV_2,1,32.8,0.0
43,313_PV_1,1,73.3,0.0
43,314_PV_3,1,69.9,0.0
43,314_PV_4,1,37.5,0.0
43,313_PV_2,1,70.2,0.0
43,310_PV_1,1,38.6,0.0
43,324_PV_1,1,40.7,0.0
43,312_PV_1,1,73.7,0.0
43,310_PV_2,1,36.9,0.0
43,324_PV_2,1,33.7,0.0
43,324_PV_3,1,40.9,0.0
43,319_PV_1,1,141.7,0.0
43,308_RTPV_1,1,56.4,0.0
43,313_RTPV_1,1,69.4,0.0
43,313_RTPV_2,1,44.9,0.0
43,313_RTPV_3,1,40.1,0.0
43,313_RTPV_4,1,40.5,0.0
43,313_RTPV_5,1,47.7,0.0
43,313_RTPV_6,1,46.3,0.0
43,313_RTPV_7,1,43.9,0.0
43,313_RTPV_8,1,45.6,0.0
43,313_RTPV_9,1,48.2,0.0
43,313_RTPV_10,1,44.1,0.0
43,313_RTPV_11,1,45.1,0.0
43,313_RTPV_12,1,17.3,0.0
43,320_RTPV_1,1,18.3,0.0
43,320_RTPV_2,1,15.1,0.0
43,320_RTPV_3,1,18.6,0.0
43,313_RTPV_13,1,20.4,0.0
43,320_RTPV_4,1,16.3,0.0
43,320_RTPV_5,1,19.9,0.0
43,320_RTPV_6,1,6.2,0.0
43,309_WIND_1,1,1.1,0.0
43,317_WIND_1,1,5.1,0.0
43,303_WIND_1,1,4.7,0.0
44,301_CT_1,1,20.0,105.3672414
44,301_CT_2,1,20.0,105.3672414
44,301_CT_3,1,55.0,43.742886659999996
44,301_CT_4,1,55.0,43.742886659999996
44,302_CT_1,1,20.0,105.3672414
44,302_CT_2,1,20.0,105.3672414
44,302_CT_3,1,55.0,38.635079579999996
44,302_CT_4,1,55.0,38.635079579999996
44,307_CT_1,1,55.0,35.47476972
44,307_CT_2,1,55.0,35.47476972
44,313_CC_1,1,355.0,33.75273126
44,315_STEAM_1,1,12.0,124.09965539999999
44,315_STEAM_2,1,12.0,124.09965539999999
44,315_STEAM_3,1,12.0,124.09965539999999
44,315_STEAM_4,1,12.0,124.09965539999999
44,315_STEAM_5,1,12.0,124.09965539999999
44,315_CT_6,1,55.0,31.8557679
44,315_CT_7,1,55.0,31.8557679
44,315_CT_8,1,55.0,31.8557679
44,316_STEAM_1,1,155.0,27.274698980000004
44,318_CC_1,1,355.0,31.529241419999998
44,321_CC_1,1,355.0,33.94709226
44,322_CT_5,1,55.0,27.89469072
44,322_CT_6,1,55.0,27.89469072
44,323_CC_1,1,355.0,31.727489639999995
44,323_CC_2,1,355.0,31.727489639999995
44,322_HYDRO_1,1,8.2,0.0
44,322_HYDRO_2,1,8.2,0.0
44,322_HYDRO_3,1,8.2,0.0
44,322_HYDRO_4,1,8.2,0.0
44,320_PV_1,1,37.4,0.0
44,314_PV_1,1,35.1,0.0
44,314_PV_2,1,32.7,0.0
44,313_PV_1,1,73.0,0.0
44,314_PV_3,1,69.6,0.0
44,314_PV_4,1,37.5,0.0
44,313_PV_2,1,69.6,0.0
44,310_PV_1,1,37.9,0.0
44,324_PV_1,1,40.9,0.0
44,312_PV_1,1,73.0,0.0
44,310_PV_2,1,36.8,0.0
44,324_PV_2,1,33.7,0.0
44,324_PV_3,1,40.9,0.0
44,319_PV_1,1,141.5,0.0
44,308_RTPV_1,1,56.0,0.0
44,313_RTPV_1,1,68.9,0.0
44,313_RTPV_2,1,44.1,0.0
44,313_RTPV_3,1,39.7,0.0
44,313_RTPV_4,1,40.4,0.0
44,313_RTPV_5,1,47.1,0.0
44,313_RTPV_6,1,45.9,0.0
44,313_RTPV_7,1,43.3,0.0
44,313_RTPV_8,1,45.0,0.0
44,313_RTPV_9,1,47.7,0.0
44,313_RTPV_10,1,43.6,0.0
44,313_RTPV_11,1,44.5,0.0
44,313_RTPV_12,1,17.0,0.0
44,320_RTPV_1,1,18.0,0.0
44,320_RTPV_2,1,13.7,0.0
44,320_RTPV_3,1,18.4,0.0
44,313_RTPV_13,1,20.2,0.0
44,320_RTPV_4,1,16.2,0.0
44,320_RTPV_5,1,19.5,0.0
44,320_RTPV_6,1,6.1,0.0
44,309_WIND_1,1,2.0,0.0
44,317_WIND_1,1,8.5,0.0
44,303_WIND_1,1,3.9,0.0
45,301_CT_1,1,20.0,105.3672414
45,301_CT_2,1,20.0,105.3672414
45,301_CT_3,1,55.0,43.742886659999996
45,301_CT_4,1,55.0,43.742886659999996
45,302_CT_1,1,20.0,105.3672414
45,302_CT_2,1,20.0,105.3672414
45,302_CT_3,1,55.0,38.635079579999996
45,302_CT_4,1,55.0,38.635079579999996
45,307_CT_1,1,55.0,35.47476972
45,307_CT_2,1,55.0,35.47476972
45,313_CC_1,1,355.0,33.75273126
45,315_STEAM_1,1,12.0,124.09965539999999
45,315_STEAM_2,1,12.0,124.09965539999999
45,315_STEAM_3,1,12.0,124.09965539999999
45,315_STEAM_4,1,12.0,124.09965539999999
45,315_STEAM_5,1,12.0,124.09965539999999
45,315_CT_6,1,55.0,31.8557679
45,315_CT_7,1,55.0,31.8557679
45,315_CT_8,1,55.0,31.8557679
45,316_STEAM_1,1,155.0,27.274698980000004
45,318_CC_1,1,355.0,31.529241419999998
45,321_CC_1,1,355.0,33.94709226
45,322_CT_5,1,55.0,27.89469072
45,322_CT_6,1,55.0,27.89469072
45,323_CC_1,1,355.0,31.727489639999995
45,323_CC_2,1,355.0,31.727489639999995
45,322_HYDRO_1,1,8.225,0.0
45,322_HYDRO_2,1,8.225,0.0
45,322_HYDRO_3,1,8.225,0.0
45,322_HYDRO_4,1,8.225,0.0
45,320_PV_1,1,37.2,0.0
45,314_PV_1,1,35.0,0.0
45,314_PV_2,1,33.5,0.0
45,313_PV_1,1,72.6,0.0
45,314_PV_3,1,69.1,0.0
45,314_PV_4,1,37.3,0.0
45,313_PV_2,1,69.1,0.0
45,310_PV_1,1,37.8,0.0
45,324_PV_1,1,41.1,0.0
45,312_PV_1,1,72.4,0.0
45,310_PV_2,1,36.8,0.0
45,324_PV_2,1,33.5,0.0
45,324_PV_3,1,40.9,0.0
45,319_PV_1,1,140.5,0.0
45,308_RTPV_1,1,55.7,0.0
45,313_RTPV_1,1,68.3,0.0
45,313_RTPV_2,1,43.4,0.0
45,313_RTPV_3,1,39.2,0.0
45,313_RTPV_4,1,40.2,0.0
45,313_RTPV_5,1,46.6,0.0
45,313_RTPV_6,1,45.2,0.0
45,313_RTPV_7,1,42.7,0.0
45,313_RTPV_8,1,44.4,0.0
45,313_RTPV_9,1,47.2,0.0
45,313_RTPV_10,1,43.1,0.0
45,313_RTPV_11,1,43.9,0.0
45,313_RTPV_12,1,16.8,0.0
45,320_RTPV_1,1,17.7,0.0
45,320_RTPV_2,1,11.4,0.0
45,320_RTPV_3,1,18.2,0.0
45,313_RTPV_13,1,20.0,0.0
45,320_RTPV_4,1,16.1,0.0
45,320_RTPV_5,1,19.3,0.0
45,320_RTPV_6,1,5.9,0.0
45,309_WIND_1,1,1.3,0.0
45,317_WIND_1,1,7.1,0.0
45,303_WIND_1,1,4.7,0.0
46,301_CT_1,1,20.0,105.3672414
46,301_CT_2,1,20.0,105.3672414
46,301_CT_3,1,55.0,43.742886659999996
46,301_CT_4,1,55.0,43.742886659999996
46,302_CT_1,1,20.0,105.3672414
46,302_CT_2,1,20.0,105.3672414
46,302_CT_3,1,55.0,38.635079579999996
46,302_CT_4,1,55.0,38.635079579999996
46,307_CT_1,1,55.0,35.47476972
46,307_CT_2,1,55.0,35.47476972
46,313_CC_1,1,355.0,33.75273126
46,315_STEAM_1,1,12.0,124.09965539999999
46,315_STEAM_2,1,12.0,124.09965539999999
46,315_STEAM_3,1,12.0,124.09965539999999
46,315_STEAM_4,1,12.0,124.09965539999999
46,315_STEAM_5,1,12.0,124.09965539999999
46,315_CT_6,1,55.0,31.8557679
46,315_CT_7,1,55.0,31.8557679
46,315_CT_8,1,55.0,31.8557679
46,316_STEAM_1,1,155.0,27.274698980000004
46,318_CC_1,1,355.0,31.529241419999998
46,321_CC_1,1,355.0,33.94709226
46,322_CT_5,1,55.0,27.89469072
46,322_CT_6,1,55.0,27.89469072
46,323_CC_1,1,355.0,31.727489639999995
46,323_CC_2,1,355.0,31.727489639999995
46,322_HYDRO_1,1,8.25,0.0
46,322_HYDRO_2,1,8.25,0.0
46,322_HYDRO_3,1,8.25,0.0
46,322_HYDRO_4,1,8.25,0.0
46,320_PV_1,1,37.1,0.0
46,314_PV_1,1,35.1,0.0
46,314_PV_2,1,33.8,0.0
46,313_PV_1,1,72.0,0.0
46,314_PV_3,1,69.4,0.0
46,314_PV_4,1,37.4,0.0
46,313_PV_2,1,68.3,0.0
46,310_PV_1,1,37.8,0.0
46,324_PV_1,1,40.9,0.0
46,312_PV_1,1,72.3,0.0
46,310_PV_2,1,37.5,0.0
46,324_PV_2,1,33.3,0.0
46,324_PV_3,1,40.9,0.0
46,319_PV_1,1,139.7,0.0
46,308_RTPV_1,1,55.3,0.0
46,313_RTPV_1,1,67.7,0.0
46,313_RTPV_2,1,42.6,0.0
46,313_RTPV_3,1,38.6,0.0
46,313_RTPV_4,1,39.8,0.0
46,313_RTPV_5,1,46.0,0.0
46,313_RTPV_6,1,44.7,0.0
46,313_RTPV_7,1,42.2,0.0
46,313_RTPV_8,1,43.8,0.0
46,313_RTPV_9,1,46.6,0.0
46,313_RTPV_10,1,42.6,0.0
46,313_RTPV_11,1,43.1,0.0
46,313_RTPV_12,1,16.5,0.0
46,320_RTPV_1,1,17.5,0.0
46,320_RTPV_2,1,8.9,0.0
46,320_RTPV_3,1,18.0,0.0
46,313_RTPV_13,1,19.8,0.0
46,320_RTPV_4,1,15.9,0.0
46,320_RTPV_5,1,19.0,0.0
46,320_RTPV_6,1,5.8,0.0
46,309_WIND_1,1,1.2,0.0
46,317_WIND_1,1,10.7,0.0
46,303_WIND_1,1,7.6,0.0
47,301_CT_1,1,20.0,105.3672414
47,301_CT_2,1,20.0,105.3672414
47,301_CT_3,1,55.0,43.742886659999996
47,301_CT_4,1,55.0,43.742886659999996
47,302_CT_1,1,20.0,105.3672414
47,302_CT_2,1,20.0,105.3672414
47,302_CT_3,1,55.0,38.635079579999996
47,302_CT_4,1,55.0,38.635079579999996
47,307_CT_1,1,55.0,35.47476972
47,307_CT_2,1,55.0,35.47476972
47,313_CC_1,1,355.0,33.75273126
47,315_STEAM_1,1,12.0,124.09965539999999
47,315_STEAM_2,1,12.0,124.09965539999999
47,315_STEAM_3,1,12.0,124.09965539999999
47,315_STEAM_4,1,12.0,124.09965539999999
47,315_STEAM_5,1,12.0,124.09965539999999
47,315_CT_6,1,55.0,31.8557679
47,315_CT_7,1,55.0,31.8557679
47,315_CT_8,1,55.0,31.8557679
47,316_STEAM_1,1,155.0,27.274698980000004
47,318_CC_1,1,355.0,31.529241419999998
47,321_CC_1,1,355.0,33.94709226
47,322_CT_5,1,55.0,27.89469072
47,322_CT_6,1,55.0,27.89469072
47,323_CC_1,1,355.0,31.727489639999995
47,323_CC_2,1,355.0,31.727489639999995
47,322_HYDRO_1,1,8.275,0.0
47,322_HYDRO_2,1,8.275,0.0
47,322_HYDRO_3,1,8.275,0.0
47,322_HYDRO_4,1,8.275,0.0
47,320_PV_1,1,37.0,0.0
47,314_PV_1,1,35.2,0.0
47,314_PV_2,1,33.9,0.0
47,313_PV_1,1,71.4,0.0
47,314_PV_3,1,69.0,0.0
47,314_PV_4,1,37.4,0.0
47,313_PV_2,1,67.0,0.0
47,310_PV_1,1,37.7,0.0
47,324_PV_1,1,40.9,0.0
47,312_PV_1,1,72.0,0.0
47,310_PV_2,1,37.6,0.0
47,324_PV_2,1,33.0,0.0
47,324_PV_3,1,41.0,0.0
47,319_PV_1,1,137.1,0.0
47,308_RTPV_1,1,54.6,0.0
47,313_RTPV_1,1,67.1,0.0
47,313_RTPV_2,1,41.8,0.0
47,313_RTPV_3,1,38.2,0.0
47,313_RTPV_4,1,39.4,0.0
47,313_RTPV_5,1,45.2,0.0
47,313_RTPV_6,1,44.4,0.0
47,313_RTPV_7,1,41.6,0.0
47,313_RTPV_8,1,43.2,0.0
47,313_RTPV_9,1,46.0,0.0
47,313_RTPV_10,1,42.0,0.0
47,313_RTPV_11,1,42.2,0.0
47,313_RTPV_12,1,16.2,0.0
47,320_RTPV_1,1,17.2,0.0
47,320_RTPV_2,1,7.7,0.0
47,320_RTPV_3,1,17.8,0.0
47,313_RTPV_13,1,19.5,0.0
47,320_RTPV_4,1,15.6,0.0
47,320_RTPV_5,1,18.7,0.0
47,320_RTPV_6,1,5.6,0.0
47,309_WIND_1,1,0.5,0.0
47,317_WIND_1,1,10.9,0.0
47,303_WIND_1,1,4.7,0.0
48,301_CT_1,1,20.0,105.3672414
48,301_CT_2,1,20.0,105.3672414
48,301_CT_3,1,55.0,43.742886659999996
48,301_CT_4,1,55.0,43.742886659999996
48,302_CT_1,1,20.0,105.3672414
48,302_CT_2,1,20.0,105.3672414
48,302_CT_3,1,55.0,38.635079579999996
48,302_CT_4,1,55.0,38.635079579999996
48,307_CT_1,1,55.0,35.47476972
48,307_CT_2,1,55.0,35.47476972
48,313_CC_1,1,355.0,33.75273126
48,315_STEAM_1,1,12.0,124.09965539999999
48,315_STEAM_2,1,12.0,124.09965539999999
48,315_STEAM_3,1,12.0,124.09965539999999
48,315_STEAM_4,1,12.0,124.09965539999999
48,315_STEAM_5,1,12.0,124.09965539999999
48,315_CT_6,1,55.0,31.8557679
48,315_CT_7,1,55.0,31.8557679
48,315_CT_8,1,55.0,31.8557679
48,316_STEAM_1,1,155.0,27.274698980000004
48,318_CC_1,1,355.0,31.529241419999998
48,321_CC_1,1,355.0,33.94709226
48,322_CT_5,1,55.0,27.89469072
48,322_CT_6,1,55.0,27.89469072
48,323_CC_1,1,355.0,31.727489639999995
48,323_CC_2,1,355.0,31.727489639999995
48,322_HYDRO_1,1,8.3,0.0
48,322_HYDRO_2,1,8.3,0.0
48,322_HYDRO_3,1,8.3,0.0
48,322_HYDRO_4,1,8.3,0.0
48,320_PV_1,1,36.7,0.0
48,314_PV_1,1,35.1,0.0
48,314_PV_2,1,33.9,0.0
48,313_PV_1,1,70.8,0.0
48,314_PV_3,1,68.6,0.0
48,314_PV_4,1,37.4,0.0
48,313_PV_2,1,66.4,0.0
48,310_PV_1,1,37.6,0.0
48,324_PV_1,1,41.1,0.0
48,312_PV_1,1,71.5,0.0
48,310_PV_2,1,37.4,0.0
48,324_PV_2,1,33.1,0.0
48,324_PV_3,1,41.6,0.0
48,319_PV_1,1,135.6,0.0
48,308_RTPV_1,1,53.9,0.0
48,313_RTPV_1,1,66.4,0.0
48,313_RTPV_2,1,41.2,0.0
48,313_RTPV_3,1,37.9,0.0
48,313_RTPV_4,1,39.0,0.0
48,313_RTPV_5,1,44.3,0.0
48,313_RTPV_6,1,43.9,0.0
48,313_RTPV_7,1,40.9,0.0
48,313_RTPV_8,1,42.6,0.0
48,313_RTPV_9,1,45.3,0.0
48,313_RTPV_10,1,41.3,0.0
48,313_RTPV_11,1,41.2,0.0
48,313_RTPV_12,1,15.9,0.0
48,320_RTPV_1,1,17.0,0.0
48,320_RTPV_2,1,8.2,0.0
48,320_RTPV_3,1,17.6,0.0
48,313_RTPV_13,1,19.3,0.0
48,320_RTPV_4,1,15.3,0.0
48,320_RTPV_5,1,18.4,0.0
48,320_RTPV_6,1,5.5,0.0
48,309_WIND_1,1,0.8,0.0
48,317_WIND_1,1,11.1,0.0
48,303_WIND_1,1,4.0,0.0
49,301_CT_1,1,20.0,105.3672414
49,301_CT_2,1,20.0,105.3672414
49,301_CT_3,1,55.0,43.742886659999996
49,301_CT_4,1,55.0,43.742886659999996
49,302_CT_1,1,20.0,105.3672414
49,302_CT_2,1,20.0,105.3672414
49,302_CT_3,1,55.0,38.635079579999996
49,302_CT_4,1,55.0,38.635079579999996
49,307_CT_1,1,55.0,35.47476972
49,307_CT_2,1,55.0,35.47476972
49,313_CC_1,1,355.0,33.75273126
49,315_STEAM_1,1,12.0,124.09965539999999
49,315_STEAM_2,1,12.0,124.09965539999999
49,315_STEAM_3,1,12.0,124.09965539999999
49,315_STEAM_4,1,12.0,124.09965539999999
49,315_STEAM_5,1,12.0,124.09965539999999
49,315_CT_6,1,55.0,31.8557679
49,315_CT_7,1,55.0,31.8557679
49,315_CT_8,1,55.0,31.8557679
49,316_STEAM_1,1,155.0,27.274698980000004
49,318_CC_1,1,355.0,31.529241419999998
49,321_CC_1,1,355.0,33.94709226
49,322_CT_5,1,55.0,27.89469072
49,322_CT_6,1,55.0,27.89469072
49,323_CC_1,1,355.0,31.727489639999995
49,323_CC_2,1,355.0,31.727489639999995
49,322_HYDRO_1,1,8.275,0.0
49,322_HYDRO_2,1,8.275,0.0
49,322_HYDRO_3,1,8.275,0.0
49,322_HYDRO_4,1,8.275,0.0
49,320_PV_1,1,36.7,0.0
49,314_PV_1,1,34.8,0.0
49,314_PV_2,1,33.9,0.0
49,313_PV_1,1,70.7,0.0
49,314_PV_3,1,69.2,0.0
49,314_PV_4,1,37.2,0.0
49,313_PV_2,1,66.2,0.0
49,310_PV_1,1,37.5,0.0
49,324_PV_1,1,40.9,0.0
49,312_PV_1,1,70.9,0.0
49,310_PV_2,1,38.0,0.0
49,324_PV_2,1,33.2,0.0
49,324_PV_3,1,41.7,0.0
49,319_PV_1,1,134.9,0.0
49,308_RTPV_1,1,53.3,0.0
49,313_RTPV_1,1,65.7,0.0
49,313_RTPV_2,1,40.5,0.0
49,313_RTPV_3,1,37.3,0.0
49,313_RTPV_4,1,38.5,0.0
49,313_RTPV_5,1,43.5,0.0
49,313_RTPV_6,1,43.3,0.0
49,313_RTPV_7,1,40.2,0.0
49,313_RTPV_8,1,42.0,0.0
49,313_RTPV_9,1,44.6,0.0
49,313_RTPV_10,1,40.7,0.0
49,313_RTPV_11,1,40.3,0.0
49,313_RTPV_12,1,15.6,0.0
49,320_RTPV_1,1,16.8,0.0
49,320_RTPV_2,1,11.3,0.0
49,320_RTPV_3,1,17.2,0.0
49,313_RTPV_13,1,19.0,0.0
49,320_RTPV_4,1,15.0,0.0
49,320_RTPV_5,1,18.0,0.0
49,320_RTPV_6,1,5.5,0.0
49,309_WIND_1,1,1.2,0.0
49,317_WIND_1,1,13.4,0.0
49,303_WIND_1,1,7.7,0.0
50,301_CT_1,1,20.0,105.3672414
50,301_CT_2,1,20.0,105.3672414
50,301_CT_3,1,55.0,43.742886659999996
50,301_CT_4,1,55.0,43.742886659999996
50,302_CT_1,1,20.0,105.3672414
50,302_CT_2,1,20.0,105.3672414
50,302_CT_3,1,55.0,38.635079579999996
50,302_CT_4,1,55.0,38.635079579999996
50,307_CT_1,1,55.0,35.47476972
50,307_CT_2,1,55.0,35.47476972
50,313_CC_1,1,355.0,33.75273126
50,315_STEAM_1,1,12.0,124.09965539999999
50,315_STEAM_2,1,12.0,124.09965539999999
50,315_STEAM_3,1,12.0,124.09965539999999
50,315_STEAM_4,1,12.0,124.09965539999999
50,315_STEAM_5,1,12.0,124.09965539999999
50,315_CT_6,1,55.0,31.8557679
50,315_CT_7,1,55.0,31.8557679
50,315_CT_8,1,55.0,31.8557679
50,316_STEAM_1,1,155.0,27.274698980000004
50,318_CC_1,1,355.0,31.529241419999998
50,321_CC_1,1,355.0,33.94709226
50,322_CT_5,1,55.0,27.89469072
50,322_CT_6,1,55.0,27.89469072
50,323_CC_1,1,355.0,31.727489639999995
50,323_CC_2,1,355.0,31.727489639999995
50,322_HYDRO_1,1,8.25,0.0
50,322_HYDRO_2,1,8.25,0.0
50,322_HYDRO_3,1,8.25,0.0
50,322_HYDRO_4,1,8.25,0.0
50,320_PV_1,1,36.6,0.0
50,314_PV_1,1,35.3,0.0
50,314_PV_2,1,34.0,0.0
50,313_PV_1,1,71.0,0.0
50,314_PV_3,1,68.0,0.0
50,314_PV_4,1,37.2,0.0
50,313_PV_2,1,65.9,0.0
50,310_PV_1,1,37.7,0.0
50,324_PV_1,1,40.6,0.0
50,312_PV_1,1,70.3,0.0
50,310_PV_2,1,38.2,0.0
50,324_PV_2,1,33.3,0.0
50,324_PV_3,1,41.7,0.0
50,319_PV_1,1,132.4,0.0
50,308_RTPV_1,1,52.7,0.0
50,313_RTPV_1,1,64.8,0.0
50,313_RTPV_2,1,39.8,0.0
50,313_RTPV_3,1,36.7,0.0
50,313_RTPV_4,1,38.0,0.0
50,313_RTPV_5,1,42.6,0.0
50,313_RTPV_6,1,42.5,0.0
50,313_RTPV_7,1,39.6,0.0
50,313_RTPV_8,1,41.3,0.0
50,313_RTPV_9,1,44.0,0.0
50,313_RTPV_10,1,39.9,0.0
50,313_RTPV_11,1,39.7,0.0
50,313_RTPV_12,1,15.3,0.0
50,320_RTPV_1,1,16.7,0.0
50,320_RTPV_2,1,13.1,0.0
50,320_RTPV_3,1,16.7,0.0
50,313_RTPV_13,1,18.7,0.0
50,320_RTPV_4,1,14.8,0.0
50,320_RTPV_5,1,17.7,0.0
50,320_RTPV_6,1,5.6,0.0
50,309_WIND_1,1,1.2,0.0
50,317_WIND_1,1,12.5,0.0
50,303_WIND_1,1,5.2,0.0
51,301_CT_1,1,20.0,105.3672414
51,301_CT_2,1,20.0,105.3672414
51,301_CT_3,1,55.0,43.742886659999996
51,301_CT_4,1,55.0,43.742886659999996
51,302_CT_1,1,20.0,105.3672414
51,302_CT_2,1,20.0,105.3672414
51,302_CT_3,1,55.0,38.635079579999996
51,302_CT_4,1,55.0,38.635079579999996
51,307_CT_1,1,55.0,35.47476972
51,307_CT_2,1,55.0,35.47476972
51,313_CC_1,1,355.0,33.75273126
51,315_STEAM_1,1,12.0,124.09965539999999
51,315_STEAM_2,1,12.0,124.09965539999999
51,315_STEAM_3,1,12.0,124.09965539999999
51,315_STEAM_4,1,12.0,124.09965539999999
51,315_STEAM_5,1,12.0,124.09965539999999
51,315_CT_6,1,55.0,31.8557679
51,315_CT_7,1,55.0,31.8557679
51,315_CT_8,1,55.0,31.8557679
51,316_STEAM_1,1,155.0,27.274698980000004
51,318_CC_1,1,355.0,31.529241419999998
51,321_CC_1,1,355.0,33.94709226
51,322_CT_5,1,55.0,27.89469072
51,322_CT_6,1,55.0,27.89469072
51,323_CC_1,1,355.0,31.727489639999995
51,323_CC_2,1,355.0,31.727489639999995
51,322_HYDRO_1,1,8.225,0.0
51,322_HYDRO_2,1,8.225,0.0
51,322_HYDRO_3,1,8.225,0.0
51,322_HYDRO_4,1,8.225,0.0
51,320_PV_1,1,36.3,0.0
51,314_PV_1,1,36.1,0.0
51,314_PV_2,1,34.0,0.0
51,313_PV_1,1,70.6,0.0
51,314_PV_3,1,65.8,0.0
51,314_PV_4,1,37.1,0.0
51,313_PV_2,1,64.8,0.0
51,310_PV_1,1,37.4,0.0
51,324_PV_1,1,40.5,0.0
51,312_PV_1,1,69.7,0.0
51,310_PV_2,1,38.1,0.0
51,324_PV_2,1,33.2,0.0
51,324_PV_3,1,41.8,0.0
51,319_PV_1,1,130.9,0.0
51,308_RTPV_1,1,51.9,0.0
51,313_RTPV_1,1,63.7,0.0
51,313_RTPV_2,1,39.1,0.0
51,313_RTPV_3,1,36.0,0.0
51,313_RTPV_4,1,37.6,0.0
51,313_RTPV_5,1,41.8,0.0
51,313_RTPV_6,1,41.6,0.0
51,313_RTPV_7,1,38.9,0.0
51,313_RTPV_8,1,40.7,0.0
51,313_RTPV_9,1,43.2,0.0
51,313_RTPV_10,1,39.1,0.0
51,313_RTPV_11,1,38.8,0.0
51,313_RTPV_12,1,14.9,0.0
51,320_RTPV_1,1,16.5,0.0
51,320_RTPV_2,1,14.0,0.0
51,320_RTPV_3,1,16.3,0.0
51,313_RTPV_13,1,18.4,0.0
51,320_RTPV_4,1,14.6,0.0
51,320_RTPV_5,1,17.4,0.0
51,320_RTPV_6,1,5.6,0.0
51,309_WIND_1,1,0.5,0.0
51,317_WIND_1,1,11.8,0.0
51,303_WIND_1,1,4.5,0.0
52,301_CT_1,1,20.0,105.3672414
52,301_CT_2,1,20.0,105.3672414
52,301_CT_3,1,55.0,43.742886659999996
52,301_CT_4,1,55.0,43.742886659999996
52,302_CT_1,1,20.0,105.3672414
52,302_CT_2,1,20.0,105.3672414
52,302_CT_3,1,55.0,38.635079579999996
52,302_CT_4,1,55.0,38.635079579999996
52,307_CT_1,1,55.0,35.47476972
52,307_CT_2,1,55.0,35.47476972
52,313_CC_1,1,355.0,33.75273126
52,315_STEAM_1,1,12.0,124.09965539999999
52,315_STEAM_2,1,12.0,124.09965539999999
52,315_STEAM_3,1,12.0,124.09965539999999
52,315_STEAM_4,1,12.0,124.09965539999999
52,315_STEAM_5,1,12.0,124.09965539999999
52,315_CT_6,1,55.0,31.8557679
52,315_CT_7,1,55.0,31.8557679
52,315_CT_8,1,55.0,31.8557679
52,316_STEAM_1,1,155.0,27.274698980000004
52,318_CC_1,1,355.0,31.529241419999998
52,321_CC_1,1,355.0,33.94709226
52,322_CT_5,1,55.0,27.89469072
52,322_CT_6,1,55.0,27.89469072
52,323_CC_1,1,355.0,31.727489639999995
52,323_CC_2,1,355.0,31.727489639999995
52,322_HYDRO_1,1,8.2,0.0
52,322_HYDRO_2,1,8.2,0.0
52,322_HYDRO_3,1,8.2,0.0
52,322_HYDRO_4,1,8.2,0.0
52,320_PV_1,1,36.3,0.0
52,314_PV_1,1,36.3,0.0
52,314_PV_2,1,34.1,0.0
52,313_PV_1,1,69.9,0.0
52,314_PV_3,1,64.8,0.0
52,314_PV_4,1,36.8,0.0
52,313_PV_2,1,64.6,0.0
52,310_PV_1,1,37.2,0.0
52,324_PV_1,1,40.4,0.0
52,312_PV_1,1,69.2,0.0
52,310_PV_2,1,38.1,0.0
52,324_PV_2,1,33.4,0.0
52,324_PV_3,1,41.9,0.0
52,319_PV_1,1,130.1,0.0
52,308_RTPV_1,1,51.2,0.0
52,313_RTPV_1,1,62.6,0.0
52,313_RTPV_2,1,38.4,0.0
52,313_RTPV_3,1,35.3,0.0
52,313_RTPV_4,1,37.3,0.0
52,313_RTPV_5,1,40.9,0.0
52,313_RTPV_6,1,40.6,0.0
52,313_RTPV_7,1,38.1,0.0
52,313_RTPV_8,1,39.9,0.0
52,313_RTPV_9,1,42.2,0.0
52,313_RTPV_10,1,38.4,0.0
52,313_RTPV_11,1,37.9,0.0
52,313_RTPV_12,1,14.6,0.0
52,320_RTPV_1,1,16.1,0.0
52,320_RTPV_2,1,14.4,0.0
52,320_RTPV_3,1,15.9,0.0
52,313_RTPV_13,1,18.1,0.0
52,320_RTPV_4,1,14.4,0.0
52,320_RTPV_5,1,17.1,0.0
52,320_RTPV_6,1,5.6,0.0
52,309_WIND_1,1,0.7,0.0
52,317_WIND_1,1,12.7,0.0
52,303_WIND_1,1,7.0,0.0
53,301_CT_1,1,20.0,105.3672414
53,301_CT_2,1,20.0,105.3672414
53,301_CT_3,1,55.0,43.742886659999996
53,301_CT_4,1,55.0,43.742886659999996
53,302_CT_1,1,20.0,105.3672414
53,302_CT_2,1,20.0,105.3672414
53,302_CT_3,1,55.0,38.635079579999996
53,302_CT_4,1,55.0,38.635079579999996
53,307_CT_1,1,55.0,35.47476972
53,307_CT_2,1,55.0,35.47476972
53,313_CC_1,1,355.0,33.75273126
53,315_STEAM_1,1,12.0,124.09965539999999
53,315_STEAM_2,1,12.0,124.09965539999999
53,315_STEAM_3,1,12.0,124.09965539999999
53,315_STEAM_4,1,12.0,124.09965539999999
53,315_STEAM_5,1,12.0,124.09965539999999
53,315_CT_6,1,55.0,31.8557679
53,315_CT_7,1,55.0,31.8557679
53,315_CT_8,1,55.0,31.8557679
53,316_STEAM_1,1,155.0,27.274698980000004
53,318_CC_1,1,355.0,31.529241419999998
53,321_CC_1,1,355.0,33.94709226
53,322_CT_5,1,55.0,27.89469072
53,322_CT_6,1,55.0,27.89469072
53,323_CC_1,1,355.0,31.727489639999995
53,323_CC_2,1,355.0,31.727489639999995
53,322_HYDRO_1,1,8.175,0.0
53,322_HYDRO_2,1,8.175,0.0
53,322_HYDRO_3,1,8.175,0.0
53,322_HYDRO_4,1,8.175,0.0
53,320_PV_1,1,35.6,0.0
53,314_PV_1,1,36.4,0.0
53,314_PV_2,1,34.0,0.0
53,313_PV_1,1,69.5,0.0
53,314_PV_3,1,64.1,0.0
53,314_PV_4,1,35.4,0.0
53,313_PV_2,1,64.5,0.0
53,310_PV_1,1,37.1,0.0
53,324_PV_1,1,40.3,0.0
53,312_PV_1,1,69.0,0.0
53,310_PV_2,1,38.1,0.0
53,324_PV_2,1,33.5,0.0
53,324_PV_3,1,41.8,0.0
53,319_PV_1,1,129.5,0.0
53,308_RTPV_1,1,50.5,0.0
53,313_RTPV_1,1,61.5,0.0
53,313_RTPV_2,1,37.8,0.0
53,313_RTPV_3,1,34.6,0.0
53,313_RTPV_4,1,36.6,0.0
53,313_RTPV_5,1,39.9,0.0
53,313_RTPV_6,1,39.7,0.0
53,313_RTPV_7,1,37.0,0.0
53,313_RTPV_8,1,39.3,0.0
53,313_RTPV_9,1,41.2,0.0
53,313_RTPV_10,1,37.7,0.0
53,313_RTPV_11,1,37.2,0.0
53,313_RTPV_12,1,14.3,0.0
53,320_RTPV_1,1,15.6,0.0
53,320_RTPV_2,1,14.6,0.0
53,320_RTPV_3,1,15.6,0.0
53,313_RTPV_13,1,18.0,0.0
53,320_RTPV_4,1,14.2,0.0
53,320_RTPV_5,1,16.8,0.0
53,320_RTPV_6,1,5.5,0.0
53,309_WIND_1,1,0.9,0.0
53,317_WIND_1,1,17.2,0.0
53,303_WIND_1,1,5.2,0.0
54,301_CT_1,1,20.0,105.3672414
54,301_CT_2,1,20.0,105.3672414
54,301_CT_3,1,55.0,43.742886659999996
54,301_CT_4,1,55.0,43.742886659999996
54,302_CT_1,1,20.0,105.3672414
54,302_CT_2,1,20.0,105.3672414
54,302_CT_3,1,55.0,38.635079579999996
54,302_CT_4,1,55.0,38.635079579999996
54,307_CT_1,1,55.0,35.47476972
54,307_CT_2,1,55.0,35.47476972
54,313_CC_1,1,355.0,33.75273126
54,315_STEAM_1,1,12.0,124.09965539999999
54,315_STEAM_2,1,12.0,124.09965539999999
54,315_STEAM_3,1,12.0,124.09965539999999
54,315_STEAM_4,1,12.0,124.09965539999999
54,315_STEAM_5,1,12.0,124.09965539999999
54,315_CT_6,1,55.0,31.8557679
54,315_CT_7,1,55.0,31.8557679
54,315_CT_8,1,55.0,31.8557679
54,316_STEAM_1,1,155.0,27.274698980000004
54,318_CC_1,1,355.0,31.529241419999998
54,321_CC_1,1,355.0,33.94709226
54,322_CT_5,1,55.0,27.89469072
54,322_CT_6,1,55.0,27.89469072
54,323_CC_1,1,355.0,31.727489639999995
54,323_CC_2,1,355.0,31.727489639999995
54,322_HYDRO_1,1,8.15,0.0
54,322_HYDRO_2,1,8.15,0.0
54,322_HYDRO_3,1,8.15,0.0
54,322_HYDRO_4,1,8.15,0.0
54,320_PV_1,1,35.2,0.0
54,314_PV_1,1,36.2,0.0
54,314_PV_2,1,33.9,0.0
54,313_PV_1,1,68.9,0.0
54,314_PV_3,1,62.9,0.0
54,314_PV_4,1,34.8,0.0
54,313_PV_2,1,64.1,0.0
54,310_PV_1,1,37.0,0.0
54,324_PV_1,1,40.1,0.0
54,312_PV_1,1,68.6,0.0
54,310_PV_2,1,38.0,0.0
54,324_PV_2,1,33.5,0.0
54,324_PV_3,1,41.7,0.0
54,319_PV_1,1,129.0,0.0
54,308_RTPV_1,1,49.6,0.0
54,313_RTPV_1,1,60.3,0.0
54,313_RTPV_2,1,37.3,0.0
54,313_RTPV_3,1,33.9,0.0
54,313_RTPV_4,1,35.8,0.0
54,313_RTPV_5,1,38.9,0.0
54,313_RTPV_6,1,38.8,0.0
54,313_RTPV_7,1,36.3,0.0
54,313_RTPV_8,1,38.4,0.0
54,313_RTPV_9,1,40.4,0.0
54,313_RTPV_10,1,37.0,0.0
54,313_RTPV_11,1,36.5,0.0
54,313_RTPV_12,1,13.9,0.0
54,320_RTPV_1,1,15.2,0.0
54,320_RTPV_2,1,14.6,0.0
54,320_RTPV_3,1,15.2,0.0
54,313_RTPV_13,1,17.7,0.0
54,320_RTPV_4,1,14.0,0.0
54,320_RTPV_5,1,16.4,0.0
54,320_RTPV_6,1,5.5,0.0
54,309_WIND_1,1,0.9,0.0
54,317_WIND_1,1,18.6,0.0
54,303_WIND_1,1,7.8,0.0
55,301_CT_1,1,20.0,105.3672414
55,301_CT_2,1,20.0,105.3672414
55,301_CT_3,1,55.0,43.742886659999996
55,301_CT_4,1,55.0,43.742886659999996
55,302_CT_1,1,20.0,105.3672414
55,302_CT_2,1,20.0,105.3672414
55,302_CT_3,1,55.0,38.635079579999996
55,302_CT_4,1,55.0,38.635079579999996
55,307_CT_1,1,55.0,35.47476972
55,307_CT_2,1,55.0,35.47476972
55,313_CC_1,1,355.0,33.75273126
55,315_STEAM_1,1,12.0,124.09965539999999
55,315_STEAM_2,1,12.0,124.09965539999999
55,315_STEAM_3,1,12.0,124.09965539999999
55,315_STEAM_4,1,12.0,124.09965539999999
55,315_STEAM_5,1,12.0,124.09965539999999
55,315_CT_6,1,55.0,31.8557679
55,315_CT_7,1,55.0,31.8557679
55,315_CT_8,1,55.0,31.8557679
55,316_STEAM_1,1,155.0,27.274698980000004
55,318_CC_1,1,355.0,31.529241419999998
55,321_CC_1,1,355.0,33.94709226
55,322_CT_5,1,55.0,27.89469072
55,322_CT_6,1,55.0,27.89469072
55,323_CC_1,1,355.0,31.727489639999995
55,323_CC_2,1,355.0,31.727489639999995
55,322_HYDRO_1,1,8.125,0.0
55,322_HYDRO_2,1,8.125,0.0
55,322_HYDRO_3,1,8.125,0.0
55,322_HYDRO_4,1,8.125,0.0
55,320_PV_1,1,35.1,0.0
55,314_PV_1,1,35.8,0.0
55,314_PV_2,1,34.0,0.0
55,313_PV_1,1,68.2,0.0
55,314_PV_3,1,61.6,0.0
55,314_PV_4,1,34.7,0.0
55,313_PV_2,1,63.9,0.0
55,310_PV_1,1,37.0,0.0
55,324_PV_1,1,40.2,0.0
55,312_PV_1,1,68.3,0.0
55,310_PV_2,1,37.6,0.0
55,324_PV_2,1,33.6,0.0
55,324_PV_3,1,41.7,0.0
55,319_PV_1,1,128.6,0.0
55,308_RTPV_1,1,48.5,0.0
55,313_RTPV_1,1,59.1,0.0
55,313_RTPV_2,1,36.7,0.0
55,313_RTPV_3,1,33.2,0.0
55,313_RTPV_4,1,35.1,0.0
55,313_RTPV_5,1,38.0,0.0
55,313_RTPV_6,1,37.8,0.0
55,313_RTPV_7,1,35.2,0.0
55,313_RTPV_8,1,37.4,0.0
55,313_RTPV_9,1,39.8,0.0
55,313_RTPV_10,1,36.3,0.0
55,313_RTPV_11,1,35.6,0.0
55,313_RTPV_12,1,13.5,0.0
55,320_RTPV_1,1,14.7,0.0
55,320_RTPV_2,1,14.6,0.0
55,320_RTPV_3,1,14.8,0.0
55,313_RTPV_13,1,17.4,0.0
55,320_RTPV_4,1,13.7,0.0
55,320_RTPV_5,1,16.1,0.0
55,320_RTPV_6,1,5.4,0.0
55,309_WIND_1,1,0.9,0.0
55,317_WIND_1,1,23.2,0.0
55,303_WIND_1,1,5.6,0.0
56,301_CT_1,1,20.0,105.3672414
56,301_CT_2,1,20.0,105.3672414
56,301_CT_3,1,55.0,43.742886659999996
56,301_CT_4,1,55.0,43.742886659999996
56,302_CT_1,1,20.0,105.3672414
56,302_CT_2,1,20.0,105.3672414
56,302_CT_3,1,55.0,38.635079579999996
56,302_CT_4,1,55.0,38.635079579999996
56,307_CT_1,1,55.0,35.47476972
56,307_CT_2,1,55.0,35.47476972
56,313_CC_1,1,355.0,33.75273126
56,315_STEAM_1,1,12.0,124.09965539999999
56,315_STEAM_2,1,12.0,124.09965539999999
56,315_STEAM_3,1,12.0,124.09965539999999
56,315_STEAM_4,1,12.0,124.09965539999999
56,315_STEAM_5,1,12.0,124.09965539999999
56,315_CT_6,1,55.0,31.8557679
56,315_CT_7,1,55.0,31.8557679
56,315_CT_8,1,55.0,31.8557679
56,316_STEAM_1,1,155.0,27.274698980000004
56,318_CC_1,1,355.0,31.529241419999998
56,321_CC_1,1,355.0,33.94709226
56,322_CT_5,1,55.0,27.89469072
56,322_CT_6,1,55.0,27.89469072
56,323_CC_1,1,355.0,31.727489639999995
56,323_CC_2,1,355.0,31.727489639999995
56,322_HYDRO_1,1,8.1,0.0
56,322_HYDRO_2,1,8.1,0.0
56,322_HYDRO_3,1,8.1,0.0
56,322_HYDRO_4,1,8.1,0.0
56,320_PV_1,1,34.9,0.0
56,314_PV_1,1,36.0,0.0
56,314_PV_2,1,33.7,0.0
56,313_PV_1,1,67.5,0.0
56,314_PV_3,1,60.5,0.0
56,314_PV_4,1,34.3,0.0
56,313_PV_2,1,63.6,0.0
56,310_PV_1,1,36.9,0.0
56,324_PV_1,1,40.0,0.0
56,312_PV_1,1,67.6,0.0
56,310_PV_2,1,38.2,0.0
56,324_PV_2,1,33.6,0.0
56,324_PV_3,1,41.5,0.0
56,319_PV_1,1,127.5,0.0
56,308_RTPV_1,1,47.2,0.0
56,313_RTPV_1,1,57.7,0.0
56,313_RTPV_2,1,35.7,0.0
56,313_RTPV_3,1,32.3,0.0
56,313_RTPV_4,1,34.4,0.0
56,313_RTPV_5,1,36.7,0.0
56,313_RTPV_6,1,36.6,0.0
56,313_RTPV_7,1,33.9,0.0
56,313_RTPV_8,1,36.2,0.0
56,313_RTPV_9,1,38.8,0.0
56,313_RTPV_10,1,35.3,0.0
56,313_RTPV_11,1,34.4,0.0
56,313_RTPV_12,1,13.1,0.0
56,320_RTPV_1,1,14.3,0.0
56,320_RTPV_2,1,14.5,0.0
56,320_RTPV_3,1,14.3,0.0
56,313_RTPV_13,1,16.9,0.0
56,320_RTPV_4,1,13.4,0.0
56,320_RTPV_5,1,15.6,0.0
56,320_RTPV_6,1,5.3,0.0
56,309_WIND_1,1,0.7,0.0
56,317_WIND_1,1,26.7,0.0
56,303_WIND_1,1,4.8,0.0
57,301_CT_1,1,20.0,105.3672414
57,301_CT_2,1,20.0,105.3672414
57,301_CT_3,1,55.0,43.742886659999996
57,301_CT_4,1,55.0,43.742886659999996
57,302_CT_1,1,20.0,105.3672414
57,302_CT_2,1,20.0,105.3672414
57,302_CT_3,1,55.0,38.635079579999996
57,302_CT_4,1,55.0,38.635079579999996
57,307_CT_1,1,55.0,35.47476972
57,307_CT_2,1,55.0,35.47476972
57,313_CC_1,1,355.0,33.75273126
57,315_STEAM_1,1,12.0,124.09965539999999
57,315_STEAM_2,1,12.0,124.09965539999999
57,315_STEAM_3,1,12.0,124.09965539999999
57,315_STEAM_4,1,12.0,124.09965539999999
57,315_STEAM_5,1,12.0,124.09965539999999
57,315_CT_6,1,55.0,31.8557679
57,315_CT_7,1,55.0,31.8557679
57,315_CT_8,1,55.0,31.8557679
57,316_STEAM_1,1,155.0,27.274698980000004
57,318_CC_1,1,355.0,31.529241419999998
57,321_CC_1,1,355.0,33.94709226
57,322_CT_5,1,55.0,27.89469072
57,322_CT_6,1,55.0,27.89469072
57,323_CC_1,1,355.0,31.727489639999995
57,323_CC_2,1,355.0,31.727489639999995
57,322_HYDRO_1,1,8.075,0.0
57,322_HYDRO_2,1,8.075,0.0
57,322_HYDRO_3,1,8.075,0.0
57,322_HYDRO_4,1,8.075,0.0
57,320_PV_1,1,34.7,0.0
57,314_PV_1,1,36.5,0.0
57,314_PV_2,1,33.7,0.0
57,313_PV_1,1,66.8,0.0
57,314_PV_3,1,59.2,0.0
57,314_PV_4,1,34.3,0.0
57,313_PV_2,1,63.2,0.0
57,310_PV_1,1,36.9,0.0
57,324_PV_1,1,39.8,0.0
57,312_PV_1,1,66.1,0.0
57,310_PV_2,1,38.3,0.0
57,324_PV_2,1,33.6,0.0
57,324_PV_3,1,40.9,0.0
57,319_PV_1,1,126.6,0.0
57,308_RTPV_1,1,45.9,0.0
57,313_RTPV_1,1,55.8,0.0
57,313_RTPV_2,1,34.9,0.0
57,313_RTPV_3,1,30.9,0.0
57,313_RTPV_4,1,33.4,0.0
57,313_RTPV_5,1,35.7,0.0
57,313_RTPV_6,1,35.7,0.0
57,313_RTPV_7,1,32.8,0.0
57,313_RTPV_8,1,35.3,0.0
57,313_RTPV_9,1,38.0,0.0
57,313_RTPV_10,1,34.4,0.0
57,313_RTPV_11,1,33.3,0.0
57,313_RTPV_12,1,12.7,0.0
57,320_RTPV_1,1,13.9,0.0
57,320_RTPV_2,1,14.4,0.0
57,320_RTPV_3,1,13.9,0.0
57,313_RTPV_13,1,16.5,0.0
57,320_RTPV_4,1,13.2,0.0
57,320_RTPV_5,1,15.3,0.0
57,320_RTPV_6,1,5.1,0.0
57,309_WIND_1,1,1.2,0.0
57,317_WIND_1,1,30.1,0.0
57,303_WIND_1,1,5.3,0.0
58,301_CT_1,1,20.0,105.3672414
58,301_CT_2,1,20.0,105.3672414
58,301_CT_3,1,55.0,43.742886659999996
58,301_CT_4,1,55.0,43.742886659999996
58,302_CT_1,1,20.0,105.3672414
58,302_CT_2,1,20.0,105.3672414
58,302_CT_3,1,55.0,38.635079579999996
58,302_CT_4,1,55.0,38.635079579999996
58,307_CT_1,1,55.0,35.47476972
58,307_CT_2,1,55.0,35.47476972
58,313_CC_1,1,355.0,33.75273126
58,315_STEAM_1,1,12.0,124.09965539999999
58,315_STEAM_2,1,12.0,124.09965539999999
58,315_STEAM_3,1,12.0,124.09965539999999
58,315_STEAM_4,1,12.0,124.09965539999999
58,315_STEAM_5,1,12.0,124.09965539999999
58,315_CT_6,1,55.0,31.8557679
58,315_CT_7,1,55.0,31.8557679
58,315_CT_8,1,55.0,31.8557679
58,316_STEAM_1,1,155.0,27.274698980000004
58,318_CC_1,1,355.0,31.529241419999998
58,321_CC_1,1,355.0,33.94709226
58,322_CT_5,1,55.0,27.89469072
58,322_CT_6,1,55.0,27.89469072
58,323_CC_1,1,355.0,31.727489639999995
58,323_CC_2,1,355.0,31.727489639999995
58,322_HYDRO_1,1,8.05,0.0
58,322_HYDRO_2,1,8.05,0.0
58,322_HYDRO_3,1,8.05,0.0
58,322_HYDRO_4,1,8.05,0.0
58,320_PV_1,1,34.5,0.0
58,314_PV_1,1,36.1,0.0
58,314_PV_2,1,33.6,0.0
58,313_PV_1,1,66.2,0.0
58,314_PV_3,1,57.4,0.0
58,314_PV_4,1,34.3,0.0
58,313_PV_2,1,62.8,0.0
58,310_PV_1,1,36.8,0.0
58,324_PV_1,1,39.6,0.0
58,312_PV_1,1,65.7,0.0
58,310_PV_2,1,38.0,0.0
58,324_PV_2,1,33.5,0.0
58,324_PV_3,1,40.8,0.0
58,319_PV_1,1,125.8,0.0
58,308_RTPV_1,1,44.4,0.0
58,313_RTPV_1,1,54.2,0.0
58,313_RTPV_2,1,34.0,0.0
58,313_RTPV_3,1,29.8,0.0
58,313_RTPV_4,1,32.6,0.0
58,313_RTPV_5,1,34.6,0.0
58,313_RTPV_6,1,34.7,0.0
58,313_RTPV_7,1,31.6,0.0
58,313_RTPV_8,1,34.4,0.0
58,313_RTPV_9,1,37.1,0.0
58,313_RTPV_10,1,33.4,0.0
58,313_RTPV_11,1,32.3,0.0
58,313_RTPV_12,1,12.3,0.0
58,320_RTPV_1,1,13.4,0.0
58,320_RTPV_2,1,14.2,0.0
58,320_RTPV_3,1,13.5,0.0
58,313_RTPV_13,1,16.0,0.0
58,320_RTPV_4,1,12.9,0.0
58,320_RTPV_5,1,14.8,0.0
58,320_RTPV_6,1,5.0,0.0
58,309_WIND_1,1,1.1,0.0
58,317_WIND_1,1,33.1,0.0
58,303_WIND_1,1,7.1,0.0
59,301_CT_1,1,20.0,105.3672414
59,301_CT_2,1,20.0,105.3672414
59,301_CT_3,1,55.0,43.742886659999996
59,301_CT_4,1,55.0,43.742886659999996
59,302_CT_1,1,20.0,105.3672414
59,302_CT_2,1,20.0,105.3672414
59,302_CT_3,1,55.0,38.635079579999996
59,302_CT_4,1,55.0,38.635079579999996
59,307_CT_1,1,55.0,35.47476972
59,307_CT_2,1,55.0,35.47476972
59,313_CC_1,1,355.0,33.75273126
59,315_STEAM_1,1,12.0,124.09965539999999
59,315_STEAM_2,1,12.0,124.09965539999999
59,315_STEAM_3,1,12.0,124.09965539999999
59,315_STEAM_4,1,12.0,124.09965539999999
59,315_STEAM_5,1,12.0,124.09965539999999
59,315_CT_6,1,55.0,31.8557679
59,315_CT_7,1,55.0,31.8557679
59,315_CT_8,1,55.0,31.8557679
59,316_STEAM_1,1,155.0,27.274698980000004
59,318_CC_1,1,355.0,31.529241419999998
59,321_CC_1,1,355.0,33.94709226
59,322_CT_5,1,55.0,27.89469072
59,322_CT_6,1,55.0,27.89469072
59,323_CC_1,1,355.0,31.727489639999995
59,323_CC_2,1,355.0,31.727489639999995
59,322_HYDRO_1,1,8.025,0.0
59,322_HYDRO_2,1,8.025,0.0
59,322_HYDRO_3,1,8.025,0.0
59,322_HYDRO_4,1,8.025,0.0
59,320_PV_1,1,34.5,0.0
59,314_PV_1,1,35.8,0.0
59,314_PV_2,1,33.5,0.0
59,313_PV_1,1,65.6,0.0
59,314_PV_3,1,55.8,0.0
59,314_PV_4,1,33.5,0.0
59,313_PV_2,1,62.0,0.0
59,310_PV_1,1,36.5,0.0
59,324_PV_1,1,39.3,0.0
59,312_PV_1,1,64.8,0.0
59,310_PV_2,1,37.5,0.0
59,324_PV_2,1,33.2,0.0
59,324_PV_3,1,41.1,0.0
59,319_PV_1,1,124.7,0.0
59,308_RTPV_1,1,41.5,0.0
59,313_RTPV_1,1,52.5,0.0
59,313_RTPV_2,1,33.0,0.0
59,313_RTPV_3,1,28.6,0.0
59,313_RTPV_4,1,32.0,0.0
59,313_RTPV_5,1,33.4,0.0
59,313_RTPV_6,1,33.7,0.0
59,313_RTPV_7,1,30.4,0.0
59,313_RTPV_8,1,33.4,0.0
59,313_RTPV_9,1,36.3,0.0
59,313_RTPV_10,1,32.5,0.0
59,313_RTPV_11,1,31.5,0.0
59,313_RTPV_12,1,11.9,0.0
59,320_RTPV_1,1,12.9,0.0
59,320_RTPV_2,1,14.0,0.0
59,320_RTPV_3,1,13.0,0.0
59,313_RTPV_13,1,15.5,0.0
59,320_RTPV_4,1,12.6,0.0
59,320_RTPV_5,1,14.4,0.0
59,320_RTPV_6,1,4.9,0.0
59,309_WIND_1,1,0.4,0.0
59,317_WIND_1,1,38.5,0.0
59,303_WIND_1,1,4.9,0.0
60,301_CT_1,1,20.0,105.3672414
60,301_CT_2,1,20.0,105.3672414
60,301_CT_3,1,55.0,43.742886659999996
60,301_CT_4,1,55.0,43.742886659999996
60,302_CT_1,1,20.0,105.3672414
60,302_CT_2,1,20.0,105.3672414
60,302_CT_3,1,55.0,38.635079579999996
60,302_CT_4,1,55.0,38.635079579999996
60,307_CT_1,1,55.0,35.47476972
60,307_CT_2,1,55.0,35.47476972
60,313_CC_1,1,355.0,33.75273126
60,315_STEAM_1,1,12.0,124.09965539999999
60,315_STEAM_2,1,12.0,124.09965539999999
60,315_STEAM_3,1,12.0,124.09965539999999
60,315_STEAM_4,1,12.0,124.09965539999999
60,315_STEAM_5,1,12.0,124.09965539999999
60,315_CT_6,1,55.0,31.8557679
60,315_CT_7,1,55.0,31.8557679
60,315_CT_8,1,55.0,31.8557679
60,316_STEAM_1,1,155.0,27.274698980000004
60,318_CC_1,1,355.0,31.529241419999998
60,321_CC_1,1,355.0,33.94709226
60,322_CT_5,1,55.0,27.89469072
60,322_CT_6,1,55.0,27.89469072
60,323_CC_1,1,355.0,31.727489639999995
60,323_CC_2,1,355.0,31.727489639999995
60,322_HYDRO_1,1,8.0,0.0
60,322_HYDRO_2,1,8.0,0.0
60,322_HYDRO_3,1,8.0,0.0
60,322_HYDRO_4,1,8.0,0.0
60,320_PV_1,1,34.6,0.0
60,314_PV_1,1,35.3,0.0
60,314_PV_2,1,33.3,0.0
60,313_PV_1,1,64.3,0.0
60,314_PV_3,1,54.8,0.0
60,314_PV_4,1,32.8,0.0
60,313_PV_2,1,61.1,0.0
60,310_PV_1,1,36.3,0.0
60,324_PV_1,1,39.0,0.0
60,312_PV_1,1,63.6,0.0
60,310_PV_2,1,37.2,0.0
60,324_PV_2,1,32.8,0.0
60,324_PV_3,1,40.9,0.0
60,319_PV_1,1,124.2,0.0
60,308_RTPV_1,1,39.3,0.0
60,313_RTPV_1,1,50.5,0.0
60,313_RTPV_2,1,31.9,0.0
60,313_RTPV_3,1,27.4,0.0
60,313_RTPV_4,1,31.0,0.0
60,313_RTPV_5,1,32.2,0.0
60,313_RTPV_6,1,32.7,0.0
60,313_RTPV_7,1,29.4,0.0
60,313_RTPV_8,1,32.3,0.0
60,313_RTPV_9,1,35.3,0.0
60,313_RTPV_10,1,31.4,0.0
60,313_RTPV_11,1,30.7,0.0
60,313_RTPV_12,1,11.5,0.0
60,320_RTPV_1,1,12.5,0.0
60,320_RTPV_2,1,13.8,0.0
60,320_RTPV_3,1,12.5,0.0
60,313_RTPV_13,1,15.0,0.0
60,320_RTPV_4,1,12.2,0.0
60,320_RTPV_5,1,14.0,0.0
60,320_RTPV_6,1,4.8,0.0
60,309_WIND_1,1,1.2,0.0
60,317_WIND_1,1,42.0,0.0
60,303_WIND_1,1,5.8,0.0
61,301_CT_1,1,20.0,105.3672414
61,301_CT_2,1,20.0,105.3672414
61,301_CT_3,1,55.0,43.742886659999996
61,301_CT_4,1,55.0,43.742886659999996
61,302_CT_1,1,20.0,105.3672414
61,302_CT_2,1,20.0,105.3672414
61,302_CT_3,1,55.0,38.635079579999996
61,302_CT_4,1,55.0,38.635079579999996
61,307_CT_1,1,55.0,35.47476972
61,307_CT_2,1,55.0,35.47476972
61,313_CC_1,1,355.0,33.75273126
61,315_STEAM_1,1,12.0,124.09965539999999
61,315_STEAM_2,1,12.0,124.09965539999999
61,315_STEAM_3,1,12.0,124.09965539999999
61,315_STEAM_4,1,12.0,124.09965539999999
61,315_STEAM_5,1,12.0,124.09965539999999
61,315_CT_6,1,55.0,31.8557679
61,315_CT_7,1,55.0,31.8557679
61,315_CT_8,1,55.0,31.8557679
61,316_STEAM_1,1,155.0,27.274698980000004
61,318_CC_1,1,355.0,31.529241419999998
61,321_CC_1,1,355.0,33.94709226
61,322_CT_5,1,55.0,27.89469072
61,322_CT_6,1,55.0,27.89469072
61,323_CC_1,1,355.0,31.727489639999995
61,323_CC_2,1,355.0,31.727489639999995
61,322_HYDRO_1,1,8.008,0.0
61,322_HYDRO_2,1,8.008,0.0
61,322_HYDRO_3,1,8.008,0.0
61,322_HYDRO_4,1,8.008,0.0
61,320_PV_1,1,34.2,0.0
61,314_PV_1,1,34.7,0.0
61,314_PV_2,1,33.0,0.0
61,313_PV_1,1,62.6,0.0
61,314_PV_3,1,55.7,0.0
61,314_PV_4,1,32.3,0.0
61,313_PV_2,1,59.5,0.0
61,310_PV_1,1,35.9,0.0
61,324_PV_1,1,38.4,0.0
61,312_PV_1,1,61.7,0.0
61,310_PV_2,1,36.9,0.0
61,324_PV_2,1,32.4,0.0
61,324_PV_3,1,40.3,0.0
61,319_PV_1,1,121.9,0.0
61,308_RTPV_1,1,37.2,0.0
61,313_RTPV_1,1,48.3,0.0
61,313_RTPV_2,1,30.8,0.0
61,313_RTPV_3,1,26.3,0.0
61,313_RTPV_4,1,30.0,0.0
61,313_RTPV_5,1,31.0,0.0
61,313_RTPV_6,1,31.5,0.0
61,313_RTPV_7,1,28.3,0.0
61,313_RTPV_8,1,31.2,0.0
61,313_RTPV_9,1,34.1,0.0
61,313_RTPV_10,1,30.1,0.0
61,313_RTPV_11,1,30.5,0.0
61,313_RTPV_12,1,10.8,0.0
61,320_RTPV_1,1,12.1,0.0
61,320_RTPV_2,1,13.3,0.0
61,320_RTPV_3,1,12.0,0.0
61,313_RTPV_13,1,14.4,0.0
61,320_RTPV_4,1,11.8,0.0
61,320_RTPV_5,1,13.4,0.0
61,320_RTPV_6,1,4.6,0.0
61,309_WIND_1,1,0.8,0.0
61,317_WIND_1,1,43.8,0.0
61,303_WIND_1,1,5.4,0.0
62,301_CT_1,1,20.0,105.3672414
62,301_CT_2,1,20.0,105.3672414
62,301_CT_3,1,55.0,43.742886659999996
62,301_CT_4,1,55.0,43.742886659999996
62,302_CT_1,1,20.0,105.3672414
62,302_CT_2,1,20.0,105.3672414
62,302_CT_3,1,55.0,38.635079579999996
62,302_CT_4,1,55.0,38.635079579999996
62,307_CT_1,1,55.0,35.47476972
62,307_CT_2,1,55.0,35.47476972
62,313_CC_1,1,355.0,33.75273126
62,315_STEAM_1,1,12.0,124.09965539999999
62,315_STEAM_2,1,12.0,124.09965539999999
62,315_STEAM_3,1,12.0,124.09965539999999
62,315_STEAM_4,1,12.0,124.09965539999999
62,315_STEAM_5,1,12.0,124.09965539999999
62,315_CT_6,1,55.0,31.8557679
62,315_CT_7,1,55.0,31.8557679
62,315_CT_8,1,55.0,31.8557679
62,316_STEAM_1,1,155.0,27.274698980000004
62,318_CC_1,1,355.0,31.529241419999998
62,321_CC_1,1,355.0,33.94709226
62,322_CT_5,1,55.0,27.89469072
62,322_CT_6,1,55.0,27.89469072
62,323_CC_1,1,355.0,31.727489639999995
62,323_CC_2,1,355.0,31.727489639999995
62,322_HYDRO_1,1,8.017000000000001,0.0
62,322_HYDRO_2,1,8.017000000000001,0.0
62,322_HYDRO_3,1,8.017000000000001,0.0
62,322_HYDRO_4,1,8.017000000000001,0.0
62,320_PV_1,1,34.0,0.0
62,314_PV_1,1,34.1,0.0
62,314_PV_2,1,32.6,0.0
62,313_PV_1,1,61.0,0.0
62,314_PV_3,1,54.4,0.0
62,314_PV_4,1,32.0,0.0
62,313_PV_2,1,57.9,0.0
62,310_PV_1,1,35.5,0.0
62,324_PV_1,1,37.6,0.0
62,312_PV_1,1,60.5,0.0
62,310_PV_2,1,36.3,0.0
62,324_PV_2,1,31.7,0.0
62,324_PV_3,1,39.6,0.0
62,319_PV_1,1,118.5,0.0
62,308_RTPV_1,1,35.3,0.0
62,313_RTPV_1,1,46.1,0.0
62,313_RTPV_2,1,29.5,0.0
62,313_RTPV_3,1,25.2,0.0
62,313_RTPV_4,1,28.8,0.0
62,313_RTPV_5,1,29.7,0.0
62,313_RTPV_6,1,30.2,0.0
62,313_RTPV_7,1,27.0,0.0
62,313_RTPV_8,1,30.1,0.0
62,313_RTPV_9,1,32.8,0.0
62,313_RTPV_10,1,28.7,0.0
62,313_RTPV_11,1,30.0,0.0
62,313_RTPV_12,1,10.1,0.0
62,320_RTPV_1,1,11.6,0.0
62,320_RTPV_2,1,12.7,0.0
62,320_RTPV_3,1,11.5,0.0
62,313_RTPV_13,1,13.7,0.0
62,320_RTPV_4,1,11.3,0.0
62,320_RTPV_5,1,12.9,0.0
62,320_RTPV_6,1,4.4,0.0
62,309_WIND_1,1,0.5,0.0
62,317_WIND_1,1,49.1,0.0
62,303_WIND_1,1,6.0,0.0
63,301_CT_1,1,20.0,105.3672414
63,301_CT_2,1,20.0,105.3672414
63,301_CT_3,1,55.0,43.742886659999996
63,301_CT_4,1,55.0,43.742886659999996
63,302_CT_1,1,20.0,105.3672414
63,302_CT_2,1,20.0,105.3672414
63,302_CT_3,1,55.0,38.635079579999996
63,302_CT_4,1,55.0,38.635079579999996
63,307_CT_1,1,55.0,35.47476972
63,307_CT_2,1,55.0,35.47476972
63,313_CC_1,1,355.0,33.75273126
63,315_STEAM_1,1,12.0,124.09965539999999
63,315_STEAM_2,1,12.0,124.09965539999999
63,315_STEAM_3,1,12.0,124.09965539999999
63,315_STEAM_4,1,12.0,124.09965539999999
63,315_STEAM_5,1,12.0,124.09965539999999
63,315_CT_6,1,55.0,31.8557679
63,315_CT_7,1,55.0,31.8557679
63,315_CT_8,1,55.0,31.8557679
63,316_STEAM_1,1,155.0,27.274698980000004
63,318_CC_1,1,355.0,31.529241419999998
63,321_CC_1,1,355.0,33.94709226
63,322_CT_5,1,55.0,27.89469072
63,322_CT_6,1,55.0,27.89469072
63,323_CC_1,1,355.0,31.727489639999995
63,323_CC_2,1,355.0,31.727489639999995
63,322_HYDRO_1,1,8.025,0.0
63,322_HYDRO_2,1,8.025,0.0
63,322_HYDRO_3,1,8.025,0.0
63,322_HYDRO_4,1,8.025,0.0
63,320_PV_1,1,33.2,0.0
63,314_PV_1,1,33.5,0.0
63,314_PV_2,1,32.1,0.0
63,313_PV_1,1,59.2,0.0
63,314_PV_3,1,53.5,0.0
63,314_PV_4,1,31.5,0.0
63,313_PV_2,1,56.5,0.0
63,310_PV_1,1,34.9,0.0
63,324_PV_1,1,36.8,0.0
63,312_PV_1,1,58.2,0.0
63,310_PV_2,1,35.7,0.0
63,324_PV_2,1,31.2,0.0
63,324_PV_3,1,39.0,0.0
63,319_PV_1,1,117.1,0.0
63,308_RTPV_1,1,33.5,0.0
63,313_RTPV_1,1,44.0,0.0
63,313_RTPV_2,1,28.2,0.0
63,313_RTPV_3,1,24.1,0.0
63,313_RTPV_4,1,27.6,0.0
63,313_RTPV_5,1,28.4,0.0
63,313_RTPV_6,1,28.9,0.0
63,313_RTPV_7,1,25.7,0.0
63,313_RTPV_8,1,28.9,0.0
63,313_RTPV_9,1,31.4,0.0
63,313_RTPV_10,1,27.3,0.0
63,313_RTPV_11,1,29.0,0.0
63,313_RTPV_12,1,9.5,0.0
63,320_RTPV_1,1,11.2,0.0
63,320_RTPV_2,1,12.0,0.0
63,320_RTPV_3,1,10.9,0.0
63,313_RTPV_13,1,13.0,0.0
63,320_RTPV_4,1,10.8,0.0
63,320_RTPV_5,1,12.3,0.0
63,320_RTPV_6,1,4.2,0.0
63,309_WIND_1,1,1.5,0.0
63,317_WIND_1,1,54.1,0.0
63,303_WIND_1,1,6.6,0.0
64,301_CT_1,1,20.0,105.3672414
64,301_CT_2,1,20.0,105.3672414
64,301_CT_3,1,55.0,43.742886659999996
64,301_CT_4,1,55.0,43.742886659999996
64,302_CT_1,1,20.0,105.3672414
64,302_CT_2,1,20.0,105.3672414
64,302_CT_3,1,55.0,38.635079579999996
64,302_CT_4,1,55.0,38.635079579999996
64,307_CT_1,1,55.0,35.47476972
64,307_CT_2,1,55.0,35.47476972
64,313_CC_1,1,355.0,33.75273126
64,315_STEAM_1,1,12.0,124.09965539999999
64,315_STEAM_2,1,12.0,124.09965539999999
64,315_STEAM_3,1,12.0,124.09965539999999
64,315_STEAM_4,1,12.0,124.09965539999999
64,315_STEAM_5,1,12.0,124.09965539999999
64,315_CT_6,1,55.0,31.8557679
64,315_CT_7,1,55.0,31.8557679
64,315_CT_8,1,55.0,31.8557679
64,316_STEAM_1,1,155.0,27.274698980000004
64,318_CC_1,1,355.0,31.529241419999998
64,321_CC_1,1,355.0,33.94709226
64,322_CT_5,1,55.0,27.89469072
64,322_CT_6,1,55.0,27.89469072
64,323_CC_1,1,355.0,31.727489639999995
64,323_CC_2,1,355.0,31.727489639999995
64,322_HYDRO_1,1,8.033,0.0
64,322_HYDRO_2,1,8.033,0.0
64,322_HYDRO_3,1,8.033,0.0
64,322_HYDRO_4,1,8.033,0.0
64,320_PV_1,1,31.7,0.0
64,314_PV_1,1,33.1,0.0
64,314_PV_2,1,31.6,0.0
64,313_PV_1,1,57.3,0.0
64,314_PV_3,1,52.9,0.0
64,314_PV_4,1,31.1,0.0
64,313_PV_2,1,55.0,0.0
64,310_PV_1,1,34.3,0.0
64,324_PV_1,1,35.9,0.0
64,312_PV_1,1,56.3,0.0
64,310_PV_2,1,35.1,0.0
64,324_PV_2,1,31.1,0.0
64,324_PV_3,1,38.2,0.0
64,319_PV_1,1,115.6,0.0
64,308_RTPV_1,1,31.8,0.0
64,313_RTPV_1,1,41.9,0.0
64,313_RTPV_2,1,26.9,0.0
64,313_RTPV_3,1,23.0,0.0
64,313_RTPV_4,1,26.4,0.0
64,313_RTPV_5,1,27.1,0.0
64,313_RTPV_6,1,27.5,0.0
64,313_RTPV_7,1,24.3,0.0
64,313_RTPV_8,1,27.6,0.0
64,313_RTPV_9,1,29.9,0.0
64,313_RTPV_10,1,25.9,0.0
64,313_RTPV_11,1,27.6,0.0
64,313_RTPV_12,1,9.0,0.0
64,320_RTPV_1,1,10.8,0.0
64,320_RTPV_2,1,11.5,0.0
64,320_RTPV_3,1,10.4,0.0
64,313_RTPV_13,1,12.4,0.0
64,320_RTPV_4,1,10.4,0.0
64,320_RTPV_5,1,11.7,0.0
64,320_RTPV_6,1,4.0,0.0
64,309_WIND_1,1,1.3,0.0
64,317_WIND_1,1,64.5,0.0
64,303_WIND_1,1,6.3,0.0
65,301_CT_1,1,20.0,105.3672414
65,301_CT_2,1,20.0,105.3672414
65,301_CT_3,1,55.0,43.742886659999996
65,301_CT_4,1,55.0,43.742886659999996
65,302_CT_1,1,20.0,105.3672414
65,302_CT_2,1,20.0,105.3672414
65,302_CT_3,1,55.0,38.635079579999996
65,302_CT_4,1,55.0,38.635079579999996
65,307_CT_1,1,55.0,35.47476972
65,307_CT_2,1,55.0,35.47476972
65,313_CC_1,1,355.0,33.75273126
65,315_STEAM_1,1,12.0,124.09965539999999
65,315_STEAM_2,1,12.0,124.09965539999999
65,315_STEAM_3,1,12.0,124.09965539999999
65,315_STEAM_4,1,12.0,124.09965539999999
65,315_STEAM_5,1,12.0,124.09965539999999
65,315_CT_6,1,55.0,31.8557679
65,315_CT_7,1,55.0,31.8557679
65,315_CT_8,1,55.0,31.8557679
65,316_STEAM_1,1,155.0,27.274698980000004
65,318_CC_1,1,355.0,31.529241419999998
65,321_CC_1,1,355.0,33.94709226
65,322_CT_5,1,55.0,27.89469072
65,322_CT_6,1,55.0,27.89469072
65,323_CC_1,1,355.0,31.727489639999995
65,323_CC_2,1,355.0,31.727489639999995
65,322_HYDRO_1,1,8.042,0.0
65,322_HYDRO_2,1,8.042,0.0
65,322_HYDRO_3,1,8.042,0.0
65,322_HYDRO_4,1,8.042,0.0
65,320_PV_1,1,31.0,0.0
65,314_PV_1,1,32.5,0.0
65,314_PV_2,1,31.0,0.0
65,313_PV_1,1,55.3,0.0
65,314_PV_3,1,50.9,0.0
65,314_PV_4,1,30.4,0.0
65,313_PV_2,1,53.5,0.0
65,310_PV_1,1,33.6,0.0
65,324_PV_1,1,35.0,0.0
65,312_PV_1,1,54.7,0.0
65,310_PV_2,1,34.4,0.0
65,324_PV_2,1,30.6,0.0
65,324_PV_3,1,37.5,0.0
65,319_PV_1,1,114.7,0.0
65,308_RTPV_1,1,30.3,0.0
65,313_RTPV_1,1,39.7,0.0
65,313_RTPV_2,1,25.6,0.0
65,313_RTPV_3,1,21.7,0.0
65,313_RTPV_4,1,25.1,0.0
65,313_RTPV_5,1,25.8,0.0
65,313_RTPV_6,1,26.0,0.0
65,313_RTPV_7,1,22.9,0.0
65,313_RTPV_8,1,26.3,0.0
65,313_RTPV_9,1,28.4,0.0
65,313_RTPV_10,1,24.4,0.0
65,313_RTPV_11,1,25.9,0.0
65,313_RTPV_12,1,8.4,0.0
65,320_RTPV_1,1,10.2,0.0
65,320_RTPV_2,1,10.8,0.0
65,320_RTPV_3,1,9.9,0.0
65,313_RTPV_13,1,11.8,0.0
65,320_RTPV_4,1,9.9,0.0
65,320_RTPV_5,1,11.1,0.0
65,320_RTPV_6,1,3.8,0.0
65,309_WIND_1,1,1.2,0.0
65,317_WIND_1,1,70.7,0.0
65,303_WIND_1,1,6.5,0.0
66,301_CT_1,1,20.0,105.3672414
66,301_CT_2,1,20.0,105.3672414
66,301_CT_3,1,55.0,43.742886659999996
66,301_CT_4,1,55.0,43.742886659999996
66,302_CT_1,1,20.0,105.3672414
66,302_CT_2,1,20.0,105.3672414
66,302_CT_3,1,55.0,38.635079579999996
66,302_CT_4,1,55.0,38.635079579999996
66,307_CT_1,1,55.0,35.47476972
66,307_CT_2,1,55.0,35.47476972
66,313_CC_1,1,355.0,33.75273126
66,315_STEAM_1,1,12.0,124.09965539999999
66,315_STEAM_2,1,12.0,124.09965539999999
66,315_STEAM_3,1,12.0,124.09965539999999
66,315_STEAM_4,1,12.0,124.09965539999999
66,315_STEAM_5,1,12.0,124.09965539999999
66,315_CT_6,1,55.0,31.8557679
66,315_CT_7,1,55.0,31.8557679
66,315_CT_8,1,55.0,31.8557679
66,316_STEAM_1,1,155.0,27.274698980000004
66,318_CC_1,1,355.0,31.529241419999998
66,321_CC_1,1,355.0,33.94709226
66,322_CT_5,1,55.0,27.89469072
66,322_CT_6,1,55.0,27.89469072
66,323_CC_1,1,355.0,31.727489639999995
66,323_CC_2,1,355.0,31.727489639999995
66,322_HYDRO_1,1,8.05,0.0
66,322_HYDRO_2,1,8.05,0.0
66,322_HYDRO_3,1,8.05,0.0
66,322_HYDRO_4,1,8.05,0.0
66,320_PV_1,1,30.1,0.0
66,314_PV_1,1,31.7,0.0
66,314_PV_2,1,30.5,0.0
66,313_PV_1,1,53.4,0.0
66,314_PV_3,1,47.5,0.0
66,314_PV_4,1,30.2,0.0
66,313_PV_2,1,52.0,0.0
66,310_PV_1,1,33.3,0.0
66,324_PV_1,1,34.2,0.0
66,312_PV_1,1,53.3,0.0
66,310_PV_2,1,34.0,0.0
66,324_PV_2,1,30.1,0.0
66,324_PV_3,1,36.8,0.0
66,319_PV_1,1,113.0,0.0
66,308_RTPV_1,1,28.2,0.0
66,313_RTPV_1,1,37.5,0.0
66,313_RTPV_2,1,24.3,0.0
66,313_RTPV_3,1,20.6,0.0
66,313_RTPV_4,1,23.7,0.0
66,313_RTPV_5,1,24.5,0.0
66,313_RTPV_6,1,24.5,0.0
66,313_RTPV_7,1,21.4,0.0
66,313_RTPV_8,1,24.9,0.0
66,313_RTPV_9,1,26.9,0.0
66,313_RTPV_10,1,23.0,0.0
66,313_RTPV_11,1,24.3,0.0
66,313_RTPV_12,1,7.9,0.0
66,320_RTPV_1,1,9.6,0.0
66,320_RTPV_2,1,10.2,0.0
66,320_RTPV_3,1,9.4,0.0
66,313_RTPV_13,1,11.1,0.0
66,320_RTPV_4,1,9.4,0.0
66,320_RTPV_5,1,10.5,0.0
66,320_RTPV_6,1,3.6,0.0
66,309_WIND_1,1,1.4,0.0
66,317_WIND_1,1,83.1,0.0
66,303_WIND_1,1,4.6,0.0
67,301_CT_1,1,20.0,105.3672414
67,301_CT_2,1,20.0,105.3672414
67,301_CT_3,1,55.0,43.742886659999996
67,301_CT_4,1,55.0,43.742886659999996
67,302_CT_1,1,20.0,105.3672414
67,302_CT_2,1,20.0,105.3672414
67,302_CT_3,1,55.0,38.635079579999996
67,302_CT_4,1,55.0,38.635079579999996
67,307_CT_1,1,55.0,35.47476972
67,307_CT_2,1,55.0,35.47476972
67,313_CC_1,1,355.0,33.75273126
67,315_STEAM_1,1,12.0,124.09965539999999
67,315_STEAM_2,1,12.0,124.09965539999999
67,315_STEAM_3,1,12.0,124.09965539999999
67,315_STEAM_4,1,12.0,124.09965539999999
67,315_STEAM_5,1,12.0,124.09965539999999
67,315_CT_6,1,55.0,31.8557679
67,315_CT_7,1,55.0,31.8557679
67,315_CT_8,1,55.0,31.8557679
67,316_STEAM_1,1,155.0,27.274698980000004
67,318_CC_1,1,355.0,31.529241419999998
67,321_CC_1,1,355.0,33.94709226
67,322_CT_5,1,55.0,27.89469072
67,322_CT_6,1,55.0,27.89469072
67,323_CC_1,1,355.0,31.727489639999995
67,323_CC_2,1,355.0,31.727489639999995
67,322_HYDRO_1,1,8.058,0.0
67,322_HYDRO_2,1,8.058,0.0
67,322_HYDRO_3,1,8.058,0.0
67,322_HYDRO_4,1,8.058,0.0
67,320_PV_1,1,29.5,0.0
67,314_PV_1,1,30.8,0.0
67,314_PV_2,1,30.0,0.0
67,313_PV_1,1,51.8,0.0
67,314_PV_3,1,45.5,0.0
67,314_PV_4,1,29.8,0.0
67,313_PV_2,1,50.7,0.0
67,310_PV_1,1,32.5,0.0
67,324_PV_1,1,33.4,0.0
67,312_PV_1,1,51.9,0.0
67,310_PV_2,1,33.2,0.0
67,324_PV_2,1,29.2,0.0
67,324_PV_3,1,36.0,0.0
67,319_PV_1,1,111.1,0.0
67,308_RTPV_1,1,26.2,0.0
67,313_RTPV_1,1,35.3,0.0
67,313_RTPV_2,1,22.9,0.0
67,313_RTPV_3,1,19.5,0.0
67,313_RTPV_4,1,22.3,0.0
67,313_RTPV_5,1,23.2,0.0
67,313_RTPV_6,1,23.1,0.0
67,313_RTPV_7,1,20.0,0.0
67,313_RTPV_8,1,23.5,0.0
67,313_RTPV_9,1,25.3,0.0
67,313_RTPV_10,1,21.8,0.0
67,313_RTPV_11,1,22.6,0.0
67,313_RTPV_12,1,7.4,0.0
67,320_RTPV_1,1,9.0,0.0
67,320_RTPV_2,1,9.6,0.0
67,320_RTPV_3,1,8.8,0.0
67,313_RTPV_13,1,10.5,0.0
67,320_RTPV_4,1,9.0,0.0
67,320_RTPV_5,1,9.9,0.0
67,320_RTPV_6,1,3.4,0.0
67,309_WIND_1,1,1.1,0.0
67,317_WIND_1,1,91.3,0.0
67,303_WIND_1,1,4.7,0.0
68,301_CT_1,1,20.0,105.3672414
68,301_CT_2,1,20.0,105.3672414
68,301_CT_3,1,55.0,43.742886659999996
68,301_CT_4,1,55.0,43.742886659999996
68,302_CT_1,1,20.0,105.3672414
68,302_CT_2,1,20.0,105.3672414
68,302_CT_3,1,55.0,38.635079579999996
68,302_CT_4,1,55.0,38.635079579999996
68,307_CT_1,1,55.0,35.47476972
68,307_CT_2,1,55.0,35.47476972
68,313_CC_1,1,355.0,33.75273126
68,315_STEAM_1,1,12.0,124.09965539999999
68,315_STEAM_2,1,12.0,124.09965539999999
68,315_STEAM_3,1,12.0,124.09965539999999
68,315_STEAM_4,1,12.0,124.09965539999999
68,315_STEAM_5,1,12.0,124.09965539999999
68,315_CT_6,1,55.0,31.8557679
68,315_CT_7,1,55.0,31.8557679
68,315_CT_8,1,55.0,31.8557679
68,316_STEAM_1,1,155.0,27.274698980000004
68,318_CC_1,1,355.0,31.529241419999998
68,321_CC_1,1,355.0,33.94709226
68,322_CT_5,1,55.0,27.89469072
68,322_CT_6,1,55.0,27.89469072
68,323_CC_1,1,355.0,31.727489639999995
68,323_CC_2,1,355.0,31.727489639999995
68,322_HYDRO_1,1,8.067,0.0
68,322_HYDRO_2,1,8.067,0.0
68,322_HYDRO_3,1,8.067,0.0
68,322_HYDRO_4,1,8.067,0.0
68,320_PV_1,1,28.8,0.0
68,314_PV_1,1,29.7,0.0
68,314_PV_2,1,29.5,0.0
68,313_PV_1,1,50.2,0.0
68,314_PV_3,1,44.9,0.0
68,314_PV_4,1,29.1,0.0
68,313_PV_2,1,49.1,0.0
68,310_PV_1,1,31.6,0.0
68,324_PV_1,1,32.7,0.0
68,312_PV_1,1,50.0,0.0
68,310_PV_2,1,32.4,0.0
68,324_PV_2,1,28.4,0.0
68,324_PV_3,1,34.9,0.0
68,319_PV_1,1,108.9,0.0
68,308_RTPV_1,1,23.7,0.0
68,313_RTPV_1,1,33.0,0.0
68,313_RTPV_2,1,21.5,0.0
68,313_RTPV_3,1,18.4,0.0
68,313_RTPV_4,1,20.9,0.0
68,313_RTPV_5,1,21.8,0.0
68,313_RTPV_6,1,21.6,0.0
68,313_RTPV_7,1,18.6,0.0
68,313_RTPV_8,1,22.1,0.0
68,313_RTPV_9,1,23.8,0.0
68,313_RTPV_10,1,20.5,0.0
68,313_RTPV_11,1,21.0,0.0
68,313_RTPV_12,1,6.9,0.0
68,320_RTPV_1,1,8.4,0.0
68,320_RTPV_2,1,9.1,0.0
68,320_RTPV_3,1,8.2,0.0
68,313_RTPV_13,1,9.8,0.0
68,320_RTPV_4,1,8.5,0.0
68,320_RTPV_5,1,9.3,0.0
68,320_RTPV_6,1,3.1,0.0
68,309_WIND_1,1,1.0,0.0
68,317_WIND_1,1,100.7,0.0
68,303_WIND_1,1,6.0,0.0
69,301_CT_1,1,20.0,105.3672414
69,301_CT_2,1,20.0,105.3672414
69,301_CT_3,1,55.0,43.742886659999996
69,301_CT_4,1,55.0,43.742886659999996
69,302_CT_1,1,20.0,105.3672414
69,302_CT_2,1,20.0,105.3672414
69,302_CT_3,1,55.0,38.635079579999996
69,302_CT_4,1,55.0,38.635079579999996
69,307_CT_1,1,55.0,35.47476972
69,307_CT_2,1,55.0,35.47476972
69,313_CC_1,1,355.0,33.75273126
69,315_STEAM_1,1,12.0,124.09965539999999
69,315_STEAM_2,1,12.0,124.09965539999999
69,315_STEAM_3,1,12.0,124.09965539999999
69,315_STEAM_4,1,12.0,124.09965539999999
69,315_STEAM_5,1,12.0,124.09965539999999
69,315_CT_6,1,55.0,31.8557679
69,315_CT_7,1,55.0,31.8557679
69,315_CT_8,1,55.0,31.8557679
69,316_STEAM_1,1,155.0,27.274698980000004
69,318_CC_1,1,355.0,31.529241419999998
69,321_CC_1,1,355.0,33.94709226
69,322_CT_5,1,55.0,27.89469072
69,322_CT_6,1,55.0,27.89469072
69,323_CC_1,1,355.0,31.727489639999995
69,323_CC_2,1,355.0,31.727489639999995
69,322_HYDRO_1,1,8.075,0.0
69,322_HYDRO_2,1,8.075,0.0
69,322_HYDRO_3,1,8.075,0.0
69,322_HYDRO_4,1,8.075,0.0
69,320_PV_1,1,28.1,0.0
69,314_PV_1,1,28.2,0.0
69,314_PV_2,1,28.8,0.0
69,313_PV_1,1,48.3,0.0
69,314_PV_3,1,43.2,0.0
69,314_PV_4,1,28.3,0.0
69,313_PV_2,1,47.1,0.0
69,310_PV_1,1,30.8,0.0
69,324_PV_1,1,31.8,0.0
69,312_PV_1,1,47.8,0.0
69,310_PV_2,1,31.5,0.0
69,324_PV_2,1,27.5,0.0
69,324_PV_3,1,33.8,0.0
69,319_PV_1,1,106.1,0.0
69,308_RTPV_1,1,22.1,0.0
69,313_RTPV_1,1,30.8,0.0
69,313_RTPV_2,1,20.1,0.0
69,313_RTPV_3,1,17.5,0.0
69,313_RTPV_4,1,19.4,0.0
69,313_RTPV_5,1,20.5,0.0
69,313_RTPV_6,1,20.1,0.0
69,313_RTPV_7,1,17.2,0.0
69,313_RTPV_8,1,20.6,0.0
69,313_RTPV_9,1,22.3,0.0
69,313_RTPV_10,1,19.1,0.0
69,313_RTPV_11,1,19.5,0.0
69,313_RTPV_12,1,6.5,0.0
69,320_RTPV_1,1,7.8,0.0
69,320_RTPV_2,1,8.5,0.0
69,320_RTPV_3,1,7.6,0.0
69,313_RTPV_13,1,9.1,0.0
69,320_RTPV_4,1,7.9,0.0
69,320_RTPV_5,1,8.6,0.0
69,320_RTPV_6,1,2.9,0.0
69,309_WIND_1,1,1.3,0.0
69,317_WIND_1,1,112.4,0.0
69,303_WIND_1,1,5.9,0.0
70,301_CT_1,1,20.0,105.3672414
70,301_CT_2,1,20.0,105.3672414
70,301_CT_3,1,55.0,43.742886659999996
70,301_CT_4,1,55.0,43.742886659999996
70,302_CT_1,1,20.0,105.3672414
70,302_CT_2,1,20.0,105.3672414
70,302_CT_3,1,55.0,38.635079579999996
70,302_CT_4,1,55.0,38.635079579999996
70,307_CT_1,1,55.0,35.47476972
70,307_CT_2,1,55.0,35.47476972
70,313_CC_1,1,355.0,33.75273126
70,315_STEAM_1,1,12.0,124.09965539999999
70,315_STEAM_2,1,12.0,124.09965539999999
70,315_STEAM_3,1,12.0,124.09965539999999
70,315_STEAM_4,1,12.0,124.09965539999999
70,315_STEAM_5,1,12.0,124.09965539999999
70,315_CT_6,1,55.0,31.8557679
70,315_CT_7,1,55.0,31.8557679
70,315_CT_8,1,55.0,31.8557679
70,316_STEAM_1,1,155.0,27.274698980000004
70,318_CC_1,1,355.0,31.529241419999998
70,321_CC_1,1,355.0,33.94709226
70,322_CT_5,1,55.0,27.89469072
70,322_CT_6,1,55.0,27.89469072
70,323_CC_1,1,355.0,31.727489639999995
70,323_CC_2,1,355.0,31.727489639999995
70,322_HYDRO_1,1,8.083,0.0
70,322_HYDRO_2,1,8.083,0.0
70,322_HYDRO_3,1,8.083,0.0
70,322_HYDRO_4,1,8.083,0.0
70,320_PV_1,1,27.1,0.0
70,314_PV_1,1,27.4,0.0
70,314_PV_2,1,27.8,0.0
70,313_PV_1,1,46.3,0.0
70,314_PV_3,1,41.3,0.0
70,314_PV_4,1,27.3,0.0
70,313_PV_2,1,44.8,0.0
70,310_PV_1,1,30.1,0.0
70,324_PV_1,1,30.8,0.0
70,312_PV_1,1,45.4,0.0
70,310_PV_2,1,30.5,0.0
70,324_PV_2,1,26.7,0.0
70,324_PV_3,1,32.8,0.0
70,319_PV_1,1,102.8,0.0
70,308_RTPV_1,1,20.3,0.0
70,313_RTPV_1,1,28.5,0.0
70,313_RTPV_2,1,18.7,0.0
70,313_RTPV_3,1,16.5,0.0
70,313_RTPV_4,1,18.1,0.0
70,313_RTPV_5,1,19.0,0.0
70,313_RTPV_6,1,18.6,0.0
70,313_RTPV_7,1,15.8,0.0
70,313_RTPV_8,1,19.1,0.0
70,313_RTPV_9,1,20.8,0.0
70,313_RTPV_10,1,17.6,0.0
70,313_RTPV_11,1,18.0,0.0
70,313_RTPV_12,1,6.1,0.0
70,320_RTPV_1,1,7.3,0.0
70,320_RTPV_2,1,7.9,0.0
70,320_RTPV_3,1,7.0,0.0
70,313_RTPV_13,1,8.4,0.0
70,320_RTPV_4,1,7.4,0.0
70,320_RTPV_5,1,7.9,0.0
70,320_RTPV_6,1,2.7,0.0
70,309_WIND_1,1,1.6,0.0
70,317_WIND_1,1,126.9,0.0
70,303_WIND_1,1,4.9,0.0
71,301_CT_1,1,20.0,105.3672414
71,301_CT_2,1,20.0,105.3672414
71,301_CT_3,1,55.0,43.742886659999996
71,301_CT_4,1,55.0,43.742886659999996
71,302_CT_1,1,20.0,105.3672414
71,302_CT_2,1,20.0,105.3672414
71,302_CT_3,1,55.0,38.635079579999996
71,302_CT_4,1,55.0,38.635079579999996
71,307_CT_1,1,55.0,35.47476972
71,307_CT_2,1,55.0,35.47476972
71,313_CC_1,1,355.0,33.75273126
71,315_STEAM_1,1,12.0,124.09965539999999
71,315_STEAM_2,1,12.0,124.09965539999999
71,315_STEAM_3,1,12.0,124.09965539999999
71,315_STEAM_4,1,12.0,124.09965539999999
71,315_STEAM_5,1,12.0,124.09965539999999
71,315_CT_6,1,55.0,31.8557679
71,315_CT_7,1,55.0,31.8557679
71,315_CT_8,1,55.0,31.8557679
71,316_STEAM_1,1,155.0,27.274698980000004
71,318_CC_1,1,355.0,31.529241419999998
71,321_CC_1,1,355.0,33.94709226
71,322_CT_5,1,55.0,27.89469072
71,322_CT_6,1,55.0,27.89469072
71,323_CC_1,1,355.0,31.727489639999995
71,323_CC_2,1,355.0,31.727489639999995
71,322_HYDRO_1,1,8.092,0.0
71,322_HYDRO_2,1,8.092,0.0
71,322_HYDRO_3,1,8.092,0.0
71,322_HYDRO_4,1,8.092,0.0
71,320_PV_1,1,26.3,0.0
71,314_PV_1,1,26.5,0.0
71,314_PV_2,1,26.9,0.0
71,313_PV_1,1,44.3,0.0
71,314_PV_3,1,38.5,0.0
71,314_PV_4,1,26.3,0.0
71,313_PV_2,1,42.7,0.0
71,310_PV_1,1,29.3,0.0
71,324_PV_1,1,29.7,0.0
71,312_PV_1,1,43.2,0.0
71,310_PV_2,1,29.3,0.0
71,324_PV_2,1,25.8,0.0
71,324_PV_3,1,31.7,0.0
71,319_PV_1,1,99.2,0.0
71,308_RTPV_1,1,18.5,0.0
71,313_RTPV_1,1,26.2,0.0
71,313_RTPV_2,1,17.2,0.0
71,313_RTPV_3,1,15.4,0.0
71,313_RTPV_4,1,16.7,0.0
71,313_RTPV_5,1,17.5,0.0
71,313_RTPV_6,1,17.1,0.0
71,313_RTPV_7,1,14.2,0.0
71,313_RTPV_8,1,17.6,0.0
71,313_RTPV_9,1,19.2,0.0
71,313_RTPV_10,1,16.1,0.0
71,313_RTPV_11,1,16.5,0.0
71,313_RTPV_12,1,5.7,0.0
71,320_RTPV_1,1,6.6,0.0
71,320_RTPV_2,1,7.2,0.0
71,320_RTPV_3,1,6.4,0.0
71,313_RTPV_13,1,7.8,0.0
71,320_RTPV_4,1,6.8,0.0
71,320_RTPV_5,1,7.2,0.0
71,320_RTPV_6,1,2.5,0.0
71,309_WIND_1,1,0.7,0.0
71,317_WIND_1,1,142.9,0.0
71,303_WIND_1,1,5.5,0.0
72,301_CT_1,1,20.0,105.3672414
72,301_CT_2,1,20.0,105.3672414
72,301_CT_3,1,55.0,43.742886659999996
72,301_CT_4,1,55.0,43.742886659999996
72,302_CT_1,1,20.0,105.3672414
72,302_CT_2,1,20.0,105.3672414
72,302_CT_3,1,55.0,38.635079579999996
72,302_CT_4,1,55.0,38.635079579999996
72,307_CT_1,1,55.0,35.47476972
72,307_CT_2,1,55.0,35.47476972
72,313_CC_1,1,355.0,33.75273126
72,315_STEAM_1,1,12.0,124.09965539999999
72,315_STEAM_2,1,12.0,124.09965539999999
72,315_STEAM_3,1,12.0,124.09965539999999
72,315_STEAM_4,1,12.0,124.09965539999999
72,315_STEAM_5,1,12.0,124.09965539999999
72,315_CT_6,1,55.0,31.8557679
72,315_CT_7,1,55.0,31.8557679
72,315_CT_8,1,55.0,31.8557679
72,316_STEAM_1,1,155.0,27.274698980000004
72,318_CC_1,1,355.0,31.529241419999998
72,321_CC_1,1,355.0,33.94709226
72,322_CT_5,1,55.0,27.89469072
72,322_CT_6,1,55.0,27.89469072
72,323_CC_1,1,355.0,31.727489639999995
72,323_CC_2,1,355.0,31.727489639999995
72,322_HYDRO_1,1,8.1,0.0
72,322_HYDRO_2,1,8.1,0.0
72,322_HYDRO_3,1,8.1,0.0
72,322_HYDRO_4,1,8.1,0.0
72,320_PV_1,1,25.8,0.0
72,314_PV_1,1,26.1,0.0
72,314_PV_2,1,26.0,0.0
72,313_PV_1,1,42.1,0.0
72,314_PV_3,1,34.5,0.0
72,314_PV_4,1,25.3,0.0
72,313_PV_2,1,40.5,0.0
72,310_PV_1,1,28.2,0.0
72,324_PV_1,1,28.7,0.0
72,312_PV_1,1,41.0,0.0
72,310_PV_2,1,27.9,0.0
72,324_PV_2,1,25.0,0.0
72,324_PV_3,1,30.5,0.0
72,319_PV_1,1,96.1,0.0
72,308_RTPV_1,1,16.9,0.0
72,313_RTPV_1,1,23.8,0.0
72,313_RTPV_2,1,15.7,0.0
72,313_RTPV_3,1,14.2,0.0
72,313_RTPV_4,1,15.3,0.0
72,313_RTPV_5,1,16.0,0.0
72,313_RTPV_6,1,15.7,0.0
72,313_RTPV_7,1,12.8,0.0
72,313_RTPV_8,1,16.1,0.0
72,313_RTPV_9,1,17.6,0.0
72,313_RTPV_10,1,14.7,0.0
72,313_RTPV_11,1,15.0,0.0
72,313_RTPV_12,1,5.2,0.0
72,320_RTPV_1,1,6.0,0.0
72,320_RTPV_2,1,6.5,0.0
72,320_RTPV_3,1,5.8,0.0
72,313_RTPV_13,1,7.0,0.0
72,320_RTPV_4,1,6.2,0.0
72,320_RTPV_5,1,6.5,0.0
72,320_RTPV_6,1,2.2,0.0
72,309_WIND_1,1,1.9,0.0
72,317_WIND_1,1,158.0,0.0
72,303_WIND_1,1,6.4,0.0
73,301_CT_1,1,20.0,105.3672414
73,301_CT_2,1,20.0,105.3672414
73,301_CT_3,1,55.0,43.742886659999996
73,301_CT_4,1,55.0,43.742886659999996
73,302_CT_1,1,20.0,105.3672414
73,302_CT_2,1,20.0,105.3672414
73,302_CT_3,1,55.0,38.635079579999996
73,302_CT_4,1,55.0,38.635079579999996
73,307_CT_1,1,55.0,35.47476972
73,307_CT_2,1,55.0,35.47476972
73,313_CC_1,1,355.0,33.75273126
73,315_STEAM_1,1,12.0,124.09965539999999
73,315_STEAM_2,1,12.0,124.09965539999999
73,315_STEAM_3,1,12.0,124.09965539999999
73,315_STEAM_4,1,12.0,124.09965539999999
73,315_STEAM_5,1,12.0,124.09965539999999
73,315_CT_6,1,55.0,31.8557679
73,315_CT_7,1,55.0,31.8557679
73,315_CT_8,1,55.0,31.8557679
73,316_STEAM_1,1,155.0,27.274698980000004
73,318_CC_1,1,355.0,31.529241419999998
73,321_CC_1,1,355.0,33.94709226
73,322_CT_5,1,55.0,27.89469072
73,322_CT_6,1,55.0,27.89469072
73,323_CC_1,1,355.0,31.727489639999995
73,323_CC_2,1,355.0,31.727489639999995
73,322_HYDRO_1,1,8.042,0.0
73,322_HYDRO_2,1,8.042,0.0
73,322_HYDRO_3,1,8.042,0.0
73,322_HYDRO_4,1,8.042,0.0
73,320_PV_1,1,26.0,0.0
73,314_PV_1,1,26.3,0.0
73,314_PV_2,1,25.0,0.0
73,313_PV_1,1,39.6,0.0
73,314_PV_3,1,31.9,0.0
73,314_PV_4,1,24.1,0.0
73,313_PV_2,1,38.0,0.0
73,310_PV_1,1,27.2,0.0
73,324_PV_1,1,27.7,0.0
73,312_PV_1,1,38.6,0.0
73,310_PV_2,1,26.5,0.0
73,324_PV_2,1,23.6,0.0
73,324_PV_3,1,29.1,0.0
73,319_PV_1,1,96.4,0.0
73,308_RTPV_1,1,17.2,0.0
73,313_RTPV_1,1,21.6,0.0
73,313_RTPV_2,1,14.2,0.0
73,313_RTPV_3,1,13.3,0.0
73,313_RTPV_4,1,13.8,0.0
73,313_RTPV_5,1,14.5,0.0
73,313_RTPV_6,1,14.2,0.0
73,313_RTPV_7,1,11.5,0.0
73,313_RTPV_8,1,14.5,0.0
73,313_RTPV_9,1,16.0,0.0
73,313_RTPV_10,1,13.5,0.0
73,313_RTPV_11,1,13.6,0.0
73,313_RTPV_12,1,5.3,0.0
73,320_RTPV_1,1,5.4,0.0
73,320_RTPV_2,1,5.9,0.0
73,320_RTPV_3,1,5.7,0.0
73,313_RTPV_13,1,6.2,0.0
73,320_RTPV_4,1,5.8,0.0
73,320_RTPV_5,1,5.9,0.0
73,320_RTPV_6,1,2.1,0.0
73,309_WIND_1,1,1.4,0.0
73,317_WIND_1,1,171.3,0.0
73,303_WIND_1,1,7.6,0.0
74,301_CT_1,1,20.0,105.3672414
74,301_CT_2,1,20.0,105.3672414
74,301_CT_3,1,55.0,43.742886659999996
74,301_CT_4,1,55.0,43.742886659999996
74,302_CT_1,1,20.0,105.3672414
74,302_CT_2,1,20.0,105.3672414
74,302_CT_3,1,55.0,38.635079579999996
74,302_CT_4,1,55.0,38.635079579999996
74,307_CT_1,1,55.0,35.47476972
74,307_CT_2,1,55.0,35.47476972
74,313_CC_1,1,355.0,33.75273126
74,315_STEAM_1,1,12.0,124.09965539999999
74,315_STEAM_2,1,12.0,124.09965539999999
74,315_STEAM_3,1,12.0,124.09965539999999
74,315_STEAM_4,1,12.0,124.09965539999999
74,315_STEAM_5,1,12.0,124.09965539999999
74,315_CT_6,1,55.0,31.8557679
74,315_CT_7,1,55.0,31.8557679
74,315_CT_8,1,55.0,31.8557679
74,316_STEAM_1,1,155.0,27.274698980000004
74,318_CC_1,1,355.0,31.529241419999998
74,321_CC_1,1,355.0,33.94709226
74,322_CT_5,1,55.0,27.89469072
74,322_CT_6,1,55.0,27.89469072
74,323_CC_1,1,355.0,31.727489639999995
74,323_CC_2,1,355.0,31.727489639999995
74,322_HYDRO_1,1,7.983,0.0
74,322_HYDRO_2,1,7.983,0.0
74,322_HYDRO_3,1,7.983,0.0
74,322_HYDRO_4,1,7.983,0.0
74,320_PV_1,1,25.3,0.0
74,314_PV_1,1,25.8,0.0
74,314_PV_2,1,23.6,0.0
74,313_PV_1,1,37.1,0.0
74,314_PV_3,1,29.0,0.0
74,314_PV_4,1,22.8,0.0
74,313_PV_2,1,35.8,0.0
74,310_PV_1,1,25.7,0.0
74,324_PV_1,1,26.5,0.0
74,312_PV_1,1,36.2,0.0
74,310_PV_2,1,25.0,0.0
74,324_PV_2,1,22.2,0.0
74,324_PV_3,1,27.6,0.0
74,319_PV_1,1,88.4,0.0
74,308_RTPV_1,1,16.8,0.0
74,313_RTPV_1,1,19.0,0.0
74,313_RTPV_2,1,12.9,0.0
74,313_RTPV_3,1,12.3,0.0
74,313_RTPV_4,1,12.4,0.0
74,313_RTPV_5,1,13.0,0.0
74,313_RTPV_6,1,12.8,0.0
74,313_RTPV_7,1,10.2,0.0
74,313_RTPV_8,1,13.0,0.0
74,313_RTPV_9,1,14.4,0.0
74,313_RTPV_10,1,12.4,0.0
74,313_RTPV_11,1,12.2,0.0
74,313_RTPV_12,1,5.1,0.0
74,320_RTPV_1,1,4.8,0.0
74,320_RTPV_2,1,5.2,0.0
74,320_RTPV_3,1,5.4,0.0
74,313_RTPV_13,1,5.4,0.0
74,320_RTPV_4,1,5.4,0.0
74,320_RTPV_5,1,5.4,0.0
74,320_RTPV_6,1,1.9,0.0
74,309_WIND_1,1,0.4,0.0
74,317_WIND_1,1,184.1,0.0
74,303_WIND_1,1,5.1,0.0
75,301_CT_1,1,20.0,105.3672414
75,301_CT_2,1,20.0,105.3672414
75,301_CT_3,1,55.0,43.742886659999996
75,301_CT_4,1,55.0,43.742886659999996
75,302_CT_1,1,20.0,105.3672414
75,302_CT_2,1,20.0,105.3672414
75,302_CT_3,1,55.0,38.635079579999996
75,302_CT_4,1,55.0,38.635079579999996
75,307_CT_1,1,55.0,35.47476972
75,307_CT_2,1,55.0,35.47476972
75,313_CC_1,1,355.0,33.75273126
75,315_STEAM_1,1,12.0,124.09965539999999
75,315_STEAM_2,1,12.0,124.09965539999999
75,315_STEAM_3,1,12.0,124.09965539999999
75,315_STEAM_4,1,12.0,124.09965539999999
75,315_STEAM_5,1,12.0,124.09965539999999
75,315_CT_6,1,55.0,31.8557679
75,315_CT_7,1,55.0,31.8557679
75,315_CT_8,1,55.0,31.8557679
75,316_STEAM_1,1,155.0,27.274698980000004
75,318_CC_1,1,355.0,31.529241419999998
75,321_CC_1,1,355.0,33.94709226
75,322_CT_5,1,55.0,27.89469072
75,322_CT_6,1,55.0,27.89469072
75,323_CC_1,1,355.0,31.727489639999995
75,323_CC_2,1,355.0,31.727489639999995
75,322_HYDRO_1,1,7.925,0.0
75,322_HYDRO_2,1,7.925,0.0
75,322_HYDRO_3,1,7.925,0.0
75,322_HYDRO_4,1,7.925,0.0
75,320_PV_1,1,23.9,0.0
75,314_PV_1,1,24.7,0.0
75,314_PV_2,1,22.3,0.0
75,313_PV_1,1,34.5,0.0
75,314_PV_3,1,26.6,0.0
75,314_PV_4,1,21.3,0.0
75,313_PV_2,1,33.3,0.0
75,310_PV_1,1,24.0,0.0
75,324_PV_1,1,25.1,0.0
75,312_PV_1,1,34.2,0.0
75,310_PV_2,1,23.4,0.0
75,324_PV_2,1,20.7,0.0
75,324_PV_3,1,26.0,0.0
75,319_PV_1,1,78.9,0.0
75,308_RTPV_1,1,15.9,0.0
75,313_RTPV_1,1,16.8,0.0
75,313_RTPV_2,1,11.7,0.0
75,313_RTPV_3,1,11.1,0.0
75,313_RTPV_4,1,11.0,0.0
75,313_RTPV_5,1,11.5,0.0
75,313_RTPV_6,1,11.3,0.0
75,313_RTPV_7,1,9.1,0.0
75,313_RTPV_8,1,11.5,0.0
75,313_RTPV_9,1,12.8,0.0
75,313_RTPV_10,1,11.1,0.0
75,313_RTPV_11,1,11.0,0.0
75,313_RTPV_12,1,4.7,0.0
75,320_RTPV_1,1,4.2,0.0
75,320_RTPV_2,1,4.6,0.0
75,320_RTPV_3,1,4.9,0.0
75,313_RTPV_13,1,4.7,0.0
75,320_RTPV_4,1,4.8,0.0
75,320_RTPV_5,1,4.8,0.0
75,320_RTPV_6,1,1.7,0.0
75,309_WIND_1,1,1.0,0.0
75,317_WIND_1,1,201.3,0.0
75,303_WIND_1,1,6.5,0.0
76,301_CT_1,1,20.0,105.3672414
76,301_CT_2,1,20.0,105.3672414
76,301_CT_3,1,55.0,43.742886659999996
76,301_CT_4,1,55.0,43.742886659999996
76,302_CT_1,1,20.0,105.3672414
76,302_CT_2,1,20.0,105.3672414
76,302_CT_3,1,55.0,38.635079579999996
76,302_CT_4,1,55.0,38.635079579999996
76,307_CT_1,1,55.0,35.47476972
76,307_CT_2,1,55.0,35.47476972
76,313_CC_1,1,355.0,33.75273126
76,315_STEAM_1,1,12.0,124.09965539999999
76,315_STEAM_2,1,12.0,124.09965539999999
76,315_STEAM_3,1,12.0,124.09965539999999
76,315_STEAM_4,1,12.0,124.09965539999999
76,315_STEAM_5,1,12.0,124.09965539999999
76,315_CT_6,1,55.0,31.8557679
76,315_CT_7,1,55.0,31.8557679
76,315_CT_8,1,55.0,31.8557679
76,316_STEAM_1,1,155.0,27.274698980000004
76,318_CC_1,1,355.0,31.529241419999998
76,321_CC_1,1,355.0,33.94709226
76,322_CT_5,1,55.0,27.89469072
76,322_CT_6,1,55.0,27.89469072
76,323_CC_1,1,355.0,31.727489639999995
76,323_CC_2,1,355.0,31.727489639999995
76,322_HYDRO_1,1,7.867000000000001,0.0
76,322_HYDRO_2,1,7.867000000000001,0.0
76,322_HYDRO_3,1,7.867000000000001,0.0
76,322_HYDRO_4,1,7.867000000000001,0.0
76,320_PV_1,1,22.1,0.0
76,314_PV_1,1,23.2,0.0
76,314_PV_2,1,21.1,0.0
76,313_PV_1,1,31.3,0.0
76,314_PV_3,1,24.6,0.0
76,314_PV_4,1,20.1,0.0
76,313_PV_2,1,30.6,0.0
76,310_PV_1,1,22.2,0.0
76,324_PV_1,1,23.6,0.0
76,312_PV_1,1,31.6,0.0
76,310_PV_2,1,21.6,0.0
76,324_PV_2,1,19.3,0.0
76,324_PV_3,1,24.0,0.0
76,319_PV_1,1,66.1,0.0
76,308_RTPV_1,1,14.9,0.0
76,313_RTPV_1,1,14.8,0.0
76,313_RTPV_2,1,10.3,0.0
76,313_RTPV_3,1,9.9,0.0
76,313_RTPV_4,1,9.6,0.0
76,313_RTPV_5,1,10.1,0.0
76,313_RTPV_6,1,10.0,0.0
76,313_RTPV_7,1,8.0,0.0
76,313_RTPV_8,1,10.1,0.0
76,313_RTPV_9,1,11.3,0.0
76,313_RTPV_10,1,9.8,0.0
76,313_RTPV_11,1,9.7,0.0
76,313_RTPV_12,1,4.2,0.0
76,320_RTPV_1,1,3.7,0.0
76,320_RTPV_2,1,4.0,0.0
76,320_RTPV_3,1,4.4,0.0
76,313_RTPV_13,1,4.0,0.0
76,320_RTPV_4,1,4.2,0.0
76,320_RTPV_5,1,4.2,0.0
76,320_RTPV_6,1,1.6,0.0
76,309_WIND_1,1,1.1,0.0
76,317_WIND_1,1,209.8,0.0
76,303_WIND_1,1,5.7,0.0
77,301_CT_1,1,20.0,105.3672414
77,301_CT_2,1,20.0,105.3672414
77,301_CT_3,1,55.0,43.742886659999996
77,301_CT_4,1,55.0,43.742886659999996
77,302_CT_1,1,20.0,105.3672414
77,302_CT_2,1,20.0,105.3672414
77,302_CT_3,1,55.0,38.635079579999996
77,302_CT_4,1,55.0,38.635079579999996
77,307_CT_1,1,55.0,35.47476972
77,307_CT_2,1,55.0,35.47476972
77,313_CC_1,1,355.0,33.75273126
77,315_STEAM_1,1,12.0,124.09965539999999
77,315_STEAM_2,1,12.0,124.09965539999999
77,315_STEAM_3,1,12.0,124.09965539999999
77,315_STEAM_4,1,12.0,124.09965539999999
77,315_STEAM_5,1,12.0,124.09965539999999
77,315_CT_6,1,55.0,31.8557679
77,315_CT_7,1,55.0,31.8557679
77,315_CT_8,1,55.0,31.8557679
77,316_STEAM_1,1,155.0,27.274698980000004
77,318_CC_1,1,355.0,31.529241419999998
77,321_CC_1,1,355.0,33.94709226
77,322_CT_5,1,55.0,27.89469072
77,322_CT_6,1,55.0,27.89469072
77,323_CC_1,1,355.0,31.727489639999995
77,323_CC_2,1,355.0,31.727489639999995
77,322_HYDRO_1,1,7.808,0.0
77,322_HYDRO_2,1,7.808,0.0
77,322_HYDRO_3,1,7.808,0.0
77,322_HYDRO_4,1,7.808,0.0
77,320_PV_1,1,19.9,0.0
77,314_PV_1,1,21.6,0.0
77,314_PV_2,1,19.4,0.0
77,313_PV_1,1,28.6,0.0
77,314_PV_3,1,22.1,0.0
77,314_PV_4,1,18.3,0.0
77,313_PV_2,1,27.6,0.0
77,310_PV_1,1,20.3,0.0
77,324_PV_1,1,21.9,0.0
77,312_PV_1,1,28.8,0.0
77,310_PV_2,1,19.5,0.0
77,324_PV_2,1,17.4,0.0
77,324_PV_3,1,22.3,0.0
77,319_PV_1,1,53.0,0.0
77,308_RTPV_1,1,13.1,0.0
77,313_RTPV_1,1,12.7,0.0
77,313_RTPV_2,1,9.0,0.0
77,313_RTPV_3,1,8.7,0.0
77,313_RTPV_4,1,8.3,0.0
77,313_RTPV_5,1,8.7,0.0
77,313_RTPV_6,1,8.6,0.0
77,313_RTPV_7,1,6.9,0.0
77,313_RTPV_8,1,8.6,0.0
77,313_RTPV_9,1,9.7,0.0
77,313_RTPV_10,1,8.6,0.0
77,313_RTPV_11,1,8.5,0.0
77,313_RTPV_12,1,3.7,0.0
77,320_RTPV_1,1,3.2,0.0
77,320_RTPV_2,1,3.5,0.0
77,320_RTPV_3,1,3.8,0.0
77,313_RTPV_13,1,3.3,0.0
77,320_RTPV_4,1,3.6,0.0
77,320_RTPV_5,1,3.6,0.0
77,320_RTPV_6,1,1.4,0.0
77,309_WIND_1,1,3.1,0.0
77,317_WIND_1,1,220.6,0.0
77,303_WIND_1,1,7.5,0.0
78,301_CT_1,1,20.0,105.3672414
78,301_CT_2,1,20.0,105.3672414
78,301_CT_3,1,55.0,43.742886659999996
78,301_CT_4,1,55.0,43.742886659999996
78,302_CT_1,1,20.0,105.3672414
78,302_CT_2,1,20.0,105.3672414
78,302_CT_3,1,55.0,38.635079579999996
78,302_CT_4,1,55.0,38.635079579999996
78,307_CT_1,1,55.0,35.47476972
78,307_CT_2,1,55.0,35.47476972
78,313_CC_1,1,355.0,33.75273126
78,315_STEAM_1,1,12.0,124.09965539999999
78,315_STEAM_2,1,12.0,124.09965539999999
78,315_STEAM_3,1,12.0,124.09965539999999
78,315_STEAM_4,1,12.0,124.09965539999999
78,315_STEAM_5,1,12.0,124.09965539999999
78,315_CT_6,1,55.0,31.8557679
78,315_CT_7,1,55.0,31.8557679
78,315_CT_8,1,55.0,31.8557679
78,316_STEAM_1,1,155.0,27.274698980000004
78,318_CC_1,1,355.0,31.529241419999998
78,321_CC_1,1,355.0,33.94709226
78,322_CT_5,1,55.0,27.89469072
78,322_CT_6,1,55.0,27.89469072
78,323_CC_1,1,355.0,31.727489639999995
78,323_CC_2,1,355.0,31.727489639999995
78,322_HYDRO_1,1,7.75,0.0
78,322_HYDRO_2,1,7.75,0.0
78,322_HYDRO_3,1,7.75,0.0
78,322_HYDRO_4,1,7.75,0.0
78,320_PV_1,1,17.7,0.0
78,314_PV_1,1,19.2,0.0
78,314_PV_2,1,17.6,0.0
78,313_PV_1,1,25.8,0.0
78,314_PV_3,1,19.6,0.0
78,314_PV_4,1,16.5,0.0
78,313_PV_2,1,24.4,0.0
78,310_PV_1,1,18.1,0.0
78,324_PV_1,1,20.1,0.0
78,312_PV_1,1,25.7,0.0
78,310_PV_2,1,17.2,0.0
78,324_PV_2,1,15.5,0.0
78,324_PV_3,1,20.5,0.0
78,319_PV_1,1,40.5,0.0
78,308_RTPV_1,1,11.1,0.0
78,313_RTPV_1,1,9.0,0.0
78,313_RTPV_2,1,7.7,0.0
78,313_RTPV_3,1,7.5,0.0
78,313_RTPV_4,1,6.9,0.0
78,313_RTPV_5,1,7.3,0.0
78,313_RTPV_6,1,7.4,0.0
78,313_RTPV_7,1,3.8,0.0
78,313_RTPV_8,1,7.2,0.0
78,313_RTPV_9,1,8.2,0.0
78,313_RTPV_10,1,7.3,0.0
78,313_RTPV_11,1,7.2,0.0
78,313_RTPV_12,1,3.2,0.0
78,320_RTPV_1,1,1.9,0.0
78,320_RTPV_2,1,2.7,0.0
78,320_RTPV_3,1,3.2,0.0
78,313_RTPV_13,1,2.3,0.0
78,320_RTPV_4,1,3.1,0.0
78,320_RTPV_5,1,3.1,0.0
78,320_RTPV_6,1,1.2,0.0
78,309_WIND_1,1,1.8,0.0
78,317_WIND_1,1,227.2,0.0
78,303_WIND_1,1,5.2,0.0
79,301_CT_1,1,20.0,105.3672414
79,301_CT_2,1,20.0,105.3672414
79,301_CT_3,1,55.0,43.742886659999996
79,301_CT_4,1,55.0,43.742886659999996
79,302_CT_1,1,20.0,105.3672414
79,302_CT_2,1,20.0,105.3672414
79,302_CT_3,1,55.0,38.635079579999996
79,302_CT_4,1,55.0,38.635079579999996
79,307_CT_1,1,55.0,35.47476972
79,307_CT_2,1,55.0,35.47476972
79,313_CC_1,1,355.0,33.75273126
79,315_STEAM_1,1,12.0,124.09965539999999
79,315_STEAM_2,1,12.0,124.09965539999999
79,315_STEAM_3,1,12.0,124.09965539999999
79,315_STEAM_4,1,12.0,124.09965539999999
79,315_STEAM_5,1,12.0,124.09965539999999
79,315_CT_6,1,55.0,31.8557679
79,315_CT_7,1,55.0,31.8557679
79,315_CT_8,1,55.0,31.8557679
79,316_STEAM_1,1,155.0,27.274698980000004
79,318_CC_1,1,355.0,31.529241419999998
79,321_CC_1,1,355.0,33.94709226
79,322_CT_5,1,55.0,27.89469072
79,322_CT_6,1,55.0,27.89469072
79,323_CC_1,1,355.0,31.727489639999995
79,323_CC_2,1,355.0,31.727489639999995
79,322_HYDRO_1,1,7.692,0.0
79,322_HYDRO_2,1,7.692,0.0
79,322_HYDRO_3,1,7.692,0.0
79,322_HYDRO_4,1,7.692,0.0
79,320_PV_1,1,15.2,0.0
79,314_PV_1,1,15.7,0.0
79,314_PV_2,1,15.6,0.0
79,313_PV_1,1,22.9,0.0
79,314_PV_3,1,16.1,0.0
79,314_PV_4,1,14.3,0.0
79,313_PV_2,1,21.2,0.0
79,310_PV_1,1,15.9,0.0
79,324_PV_1,1,18.1,0.0
79,312_PV_1,1,22.8,0.0
79,310_PV_2,1,14.6,0.0
79,324_PV_2,1,13.5,0.0
79,324_PV_3,1,18.4,0.0
79,319_PV_1,1,29.0,0.0
79,308_RTPV_1,1,5.8,0.0
79,313_RTPV_1,1,4.1,0.0
79,313_RTPV_2,1,5.1,0.0
79,313_RTPV_3,1,4.7,0.0
79,313_RTPV_4,1,3.4,0.0
79,313_RTPV_5,1,3.9,0.0
79,313_RTPV_6,1,4.5,0.0
79,313_RTPV_7,1,1.8,0.0
79,313_RTPV_8,1,3.6,0.0
79,313_RTPV_9,1,5.9,0.0
79,313_RTPV_10,1,4.3,0.0
79,313_RTPV_11,1,3.5,0.0
79,313_RTPV_12,1,1.8,0.0
79,320_RTPV_1,1,0.8,0.0
79,320_RTPV_2,1,1.2,0.0
79,320_RTPV_3,1,1.7,0.0
79,313_RTPV_13,1,1.0,0.0
79,320_RTPV_4,1,1.7,0.0
79,320_RTPV_5,1,1.7,0.0
79,320_RTPV_6,1,1.0,0.0
79,309_WIND_1,1,0.7,0.0
79,317_WIND_1,1,235.5,0.0
79,303_WIND_1,1,6.2,0.0
80,301_CT_1,1,20.0,105.3672414
80,301_CT_2,1,20.0,105.3672414
80,301_CT_3,1,55.0,43.742886659999996
80,301_CT_4,1,55.0,43.742886659999996
80,302_CT_1,1,20.0,105.3672414
80,302_CT_2,1,20.0,105.3672414
80,302_CT_3,1,55.0,38.635079579999996
80,302_CT_4,1,55.0,38.635079579999996
80,307_CT_1,1,55.0,35.47476972
80,307_CT_2,1,55.0,35.47476972
80,313_CC_1,1,355.0,33.75273126
80,315_STEAM_1,1,12.0,124.09965539999999
80,315_STEAM_2,1,12.0,124.09965539999999
80,315_STEAM_3,1,12.0,124.09965539999999
80,315_STEAM_4,1,12.0,124.09965539999999
80,315_STEAM_5,1,12.0,124.09965539999999
80,315_CT_6,1,55.0,31.8557679
80,315_CT_7,1,55.0,31.8557679
80,315_CT_8,1,55.0,31.8557679
80,316_STEAM_1,1,155.0,27.274698980000004
80,318_CC_1,1,355.0,31.529241419999998
80,321_CC_1,1,355.0,33.94709226
80,322_CT_5,1,55.0,27.89469072
80,322_CT_6,1,55.0,27.89469072
80,323_CC_1,1,355.0,31.727489639999995
80,323_CC_2,1,355.0,31.727489639999995
80,322_HYDRO_1,1,7.632999999999999,0.0
80,322_HYDRO_2,1,7.632999999999999,0.0
80,322_HYDRO_3,1,7.632999999999999,0.0
80,322_HYDRO_4,1,7.632999999999999,0.0
80,320_PV_1,1,13.0,0.0
80,314_PV_1,1,13.7,0.0
80,314_PV_2,1,13.2,0.0
80,313_PV_1,1,18.5,0.0
80,314_PV_3,1,12.0,0.0
80,314_PV_4,1,12.0,0.0
80,313_PV_2,1,16.0,0.0
80,310_PV_1,1,12.9,0.0
80,324_PV_1,1,15.4,0.0
80,312_PV_1,1,18.2,0.0
80,310_PV_2,1,11.5,0.0
80,324_PV_2,1,10.8,0.0
80,324_PV_3,1,16.1,0.0
80,319_PV_1,1,12.9,0.0
80,308_RTPV_1,1,2.8,0.0
80,313_RTPV_1,1,1.2,0.0
80,313_RTPV_2,1,2.3,0.0
80,313_RTPV_3,1,2.0,0.0
80,313_RTPV_4,1,1.4,0.0
80,313_RTPV_5,1,1.3,0.0
80,313_RTPV_6,1,2.0,0.0
80,313_RTPV_7,1,0.9,0.0
80,313_RTPV_8,1,1.3,0.0
80,313_RTPV_9,1,2.3,0.0
80,313_RTPV_10,1,1.9,0.0
80,313_RTPV_11,1,1.4,0.0
80,313_RTPV_12,1,0.8,0.0
80,320_RTPV_1,1,0.3,0.0
80,320_RTPV_2,1,0.5,0.0
80,320_RTPV_3,1,0.6,0.0
80,313_RTPV_13,1,0.4,0.0
80,320_RTPV_4,1,0.7,0.0
80,320_RTPV_5,1,0.7,0.0
80,320_RTPV_6,1,0.6,0.0
80,309_WIND_1,1,3.7,0.0
80,317_WIND_1,1,245.8,0.0
80,303_WIND_1,1,6.3,0.0
81,301_CT_1,1,20.0,105.3672414
81,301_CT_2,1,20.0,105.3672414
81,301_CT_3,1,55.0,43.742886659999996
81,301_CT_4,1,55.0,43.742886659999996
81,302_CT_1,1,20.0,105.3672414
81,302_CT_2,1,20.0,105.3672414
81,302_CT_3,1,55.0,38.635079579999996
81,302_CT_4,1,55.0,38.635079579999996
81,307_CT_1,1,55.0,35.47476972
81,307_CT_2,1,55.0,35.47476972
81,313_CC_1,1,355.0,33.75273126
81,315_STEAM_1,1,12.0,124.09965539999999
81,315_STEAM_2,1,12.0,124.09965539999999
81,315_STEAM_3,1,12.0,124.09965539999999
81,315_STEAM_4,1,12.0,124.09965539999999
81,315_STEAM_5,1,12.0,124.09965539999999
81,315_CT_6,1,55.0,31.8557679
81,315_CT_7,1,55.0,31.8557679
81,315_CT_8,1,55.0,31.8557679
81,316_STEAM_1,1,155.0,27.274698980000004
81,318_CC_1,1,355.0,31.529241419999998
81,321_CC_1,1,355.0,33.94709226
81,322_CT_5,1,55.0,27.89469072
81,322_CT_6,1,55.0,27.89469072
81,323_CC_1,1,355.0,31.727489639999995
81,323_CC_2,1,355.0,31.727489639999995
81,322_HYDRO_1,1,7.575,0.0
81,322_HYDRO_2,1,7.575,0.0
81,322_HYDRO_3,1,7.575,0.0
81,322_HYDRO_4,1,7.575,0.0
81,320_PV_1,1,9.7,0.0
81,314_PV_1,1,11.8,0.0
81,314_PV_2,1,10.8,0.0
81,313_PV_1,1,14.1,0.0
81,314_PV_3,1,9.3,0.0
81,314_PV_4,1,8.7,0.0
81,313_PV_2,1,11.2,0.0
81,310_PV_1,1,8.8,0.0
81,324_PV_1,1,12.8,0.0
81,312_PV_1,1,14.4,0.0
81,310_PV_2,1,8.0,0.0
81,324_PV_2,1,7.0,0.0
81,324_PV_3,1,13.5,0.0
81,319_PV_1,1,0.3,0.0
81,308_RTPV_1,1,1.1,0.0
81,313_RTPV_1,1,0.2,0.0
81,313_RTPV_2,1,0.9,0.0
81,313_RTPV_3,1,0.5,0.0
81,313_RTPV_4,1,0.3,0.0
81,313_RTPV_5,1,0.4,0.0
81,313_RTPV_6,1,0.8,0.0
81,313_RTPV_7,1,0.3,0.0
81,313_RTPV_8,1,0.3,0.0
81,313_RTPV_9,1,0.5,0.0
81,313_RTPV_10,1,0.7,0.0
81,313_RTPV_11,1,0.4,0.0
81,313_RTPV_12,1,0.3,0.0
81,320_RTPV_1,1,0.1,0.0
81,320_RTPV_2,1,0.1,0.0
81,320_RTPV_3,1,0.2,0.0
81,313_RTPV_13,1,0.1,0.0
81,320_RTPV_4,1,0.3,0.0
81,320_RTPV_5,1,0.2,0.0
81,320_RTPV_6,1,0.3,0.0
81,309_WIND_1,1,2.7,0.0
81,317_WIND_1,1,251.9,0.0
81,303_WIND_1,1,6.0,0.0
82,301_CT_1,1,20.0,105.3672414
82,301_CT_2,1,20.0,105.3672414
82,301_CT_3,1,55.0,43.742886659999996
82,301_CT_4,1,55.0,43.742886659999996
82,302_CT_1,1,20.0,105.3672414
82,302_CT_2,1,20.0,105.3672414
82,302_CT_3,1,55.0,38.635079579999996
82,302_CT_4,1,55.0,38.635079579999996
82,307_CT_1,1,55.0,35.47476972
82,307_CT_2,1,55.0,35.47476972
82,313_CC_1,1,355.0,33.75273126
82,315_STEAM_1,1,12.0,124.09965539999999
82,315_STEAM_2,1,12.0,124.09965539999999
82,315_STEAM_3,1,12.0,124.09965539999999
82,315_STEAM_4,1,12.0,124.09965539999999
82,315_STEAM_5,1,12.0,124.09965539999999
82,315_CT_6,1,55.0,31.8557679
82,315_CT_7,1,55.0,31.8557679
82,315_CT_8,1,55.0,31.8557679
82,316_STEAM_1,1,155.0,27.274698980000004
82,318_CC_1,1,355.0,31.529241419999998
82,321_CC_1,1,355.0,33.94709226
82,322_CT_5,1,55.0,27.89469072
82,322_CT_6,1,55.0,27.89469072
82,323_CC_1,1,355.0,31.727489639999995
82,323_CC_2,1,355.0,31.727489639999995
82,322_HYDRO_1,1,7.517,0.0
82,322_HYDRO_2,1,7.517,0.0
82,322_HYDRO_3,1,7.517,0.0
82,322_HYDRO_4,1,7.517,0.0
82,320_PV_1,1,5.3,0.0
82,314_PV_1,1,9.1,0.0
82,314_PV_2,1,8.1,0.0
82,313_PV_1,1,10.4,0.0
82,314_PV_3,1,6.5,0.0
82,314_PV_4,1,0.8,0.0
82,313_PV_2,1,6.1,0.0
82,310_PV_1,1,1.2,0.0
82,324_PV_1,1,9.8,0.0
82,312_PV_1,1,10.7,0.0
82,310_PV_2,1,0.1,0.0
82,324_PV_2,1,0.1,0.0
82,324_PV_3,1,10.0,0.0
82,319_PV_1,1,0.0,0.0
82,308_RTPV_1,1,0.4,0.0
82,313_RTPV_1,1,0.0,0.0
82,313_RTPV_2,1,0.3,0.0
82,313_RTPV_3,1,0.1,0.0
82,313_RTPV_4,1,0.0,0.0
82,313_RTPV_5,1,0.0,0.0
82,313_RTPV_6,1,0.2,0.0
82,313_RTPV_7,1,0.1,0.0
82,313_RTPV_8,1,0.0,0.0
82,313_RTPV_9,1,0.0,0.0
82,313_RTPV_10,1,0.2,0.0
82,313_RTPV_11,1,0.0,0.0
82,313_RTPV_12,1,0.1,0.0
82,320_RTPV_1,1,0.0,0.0
82,320_RTPV_2,1,0.0,0.0
82,320_RTPV_3,1,0.0,0.0
82,313_RTPV_13,1,0.0,0.0
82,320_RTPV_4,1,0.1,0.0
82,320_RTPV_5,1,0.0,0.0
82,320_RTPV_6,1,0.1,0.0
82,309_WIND_1,1,1.8,0.0
82,317_WIND_1,1,251.2,0.0
82,303_WIND_1,1,8.2,0.0
83,301_CT_1,1,20.0,105.3672414
83,301_CT_2,1,20.0,105.3672414
83,301_CT_3,1,55.0,43.742886659999996
83,301_CT_4,1,55.0,43.742886659999996
83,302_CT_1,1,20.0,105.3672414
83,302_CT_2,1,20.0,105.3672414
83,302_CT_3,1,55.0,38.635079579999996
83,302_CT_4,1,55.0,38.635079579999996
83,307_CT_1,1,55.0,35.47476972
83,307_CT_2,1,55.0,35.47476972
83,313_CC_1,1,355.0,33.75273126
83,315_STEAM_1,1,12.0,124.09965539999999
83,315_STEAM_2,1,12.0,124.09965539999999
83,315_STEAM_3,1,12.0,124.09965539999999
83,315_STEAM_4,1,12.0,124.09965539999999
83,315_STEAM_5,1,12.0,124.09965539999999
83,315_CT_6,1,55.0,31.8557679
83,315_CT_7,1,55.0,31.8557679
83,315_CT_8,1,55.0,31.8557679
83,316_STEAM_1,1,155.0,27.274698980000004
83,318_CC_1,1,355.0,31.529241419999998
83,321_CC_1,1,355.0,33.94709226
83,322_CT_5,1,55.0,27.89469072
83,322_CT_6,1,55.0,27.89469072
83,323_CC_1,1,355.0,31.727489639999995
83,323_CC_2,1,355.0,31.727489639999995
83,322_HYDRO_1,1,7.457999999999999,0.0
83,322_HYDRO_2,1,7.457999999999999,0.0
83,322_HYDRO_3,1,7.457999999999999,0.0
83,322_HYDRO_4,1,7.457999999999999,0.0
83,320_PV_1,1,0.0,0.0
83,314_PV_1,1,6.4,0.0
83,314_PV_2,1,5.5,0.0
83,313_PV_1,1,7.3,0.0
83,314_PV_3,1,3.1,0.0
83,314_PV_4,1,0.0,0.0
83,313_PV_2,1,0.0,0.0
83,310_PV_1,1,0.0,0.0
83,324_PV_1,1,6.9,0.0
83,312_PV_1,1,7.9,0.0
83,310_PV_2,1,0.0,0.0
83,324_PV_2,1,0.0,0.0
83,324_PV_3,1,7.1,0.0
83,319_PV_1,1,0.0,0.0
83,308_RTPV_1,1,0.1,0.0
83,313_RTPV_1,1,0.0,0.0
83,313_RTPV_2,1,0.0,0.0
83,313_RTPV_3,1,0.0,0.0
83,313_RTPV_4,1,0.0,0.0
83,313_RTPV_5,1,0.0,0.0
83,313_RTPV_6,1,0.0,0.0
83,313_RTPV_7,1,0.0,0.0
83,313_RTPV_8,1,0.0,0.0
83,313_RTPV_9,1,0.0,0.0
83,313_RTPV_10,1,0.0,0.0
83,313_RTPV_11,1,0.0,0.0
83,313_RTPV_12,1,0.0,0.0
83,320_RTPV_1,1,0.0,0.0
83,320_RTPV_2,1,0.0,0.0
83,320_RTPV_3,1,0.0,0.0
83,313_RTPV_13,1,0.0,0.0
83,320_RTPV_4,1,0.0,0.0
83,320_RTPV_5,1,0.0,0.0
83,320_RTPV_6,1,0.0,0.0
83,309_WIND_1,1,1.9,0.0
83,317_WIND_1,1,260.5,0.0
83,303_WIND_1,1,4.6,0.0
84,301_CT_1,1,20.0,105.3672414
84,301_CT_2,1,20.0,105.3672414
84,301_CT_3,1,55.0,43.742886659999996
84,301_CT_4,1,55.0,43.742886659999996
84,302_CT_1,1,20.0,105.3672414
84,302_CT_2,1,20.0,105.3672414
84,302_CT_3,1,55.0,38.635079579999996
84,302_CT_4,1,55.0,38.635079579999996
84,307_CT_1,1,55.0,35.47476972
84,307_CT_2,1,55.0,35.47476972
84,313_CC_1,1,355.0,33.75273126
84,315_STEAM_1,1,12.0,124.09965539999999
84,315_STEAM_2,1,12.0,124.09965539999999
84,315_STEAM_3,1,12.0,124.09965539999999
84,315_STEAM_4,1,12.0,124.09965539999999
84,315_STEAM_5,1,12.0,124.09965539999999
84,315_CT_6,1,55.0,31.8557679
84,315_CT_7,1,55.0,31.8557679
84,315_CT_8,1,55.0,31.8557679
84,316_STEAM_1,1,155.0,27.274698980000004
84,318_CC_1,1,355.0,31.529241419999998
84,321_CC_1,1,355.0,33.94709226
84,322_CT_5,1,55.0,27.89469072
84,322_CT_6,1,55.0,27.89469072
84,323_CC_1,1,355.0,31.727489639999995
84,323_CC_2,1,355.0,31.727489639999995
84,322_HYDRO_1,1,7.4,0.0
84,322_HYDRO_2,1,7.4,0.0
84,322_HYDRO_3,1,7.4,0.0
84,322_HYDRO_4,1,7.4,0.0
84,320_PV_1,1,0.0,0.0
84,314_PV_1,1,2.7,0.0
84,314_PV_2,1,1.4,0.0
84,313_PV_1,1,4.9,0.0
84,314_PV_3,1,1.5,0.0
84,314_PV_4,1,0.0,0.0
84,313_PV_2,1,0.0,0.0
84,310_PV_1,1,0.0,0.0
84,324_PV_1,1,3.6,0.0
84,312_PV_1,1,5.8,0.0
84,310_PV_2,1,0.0,0.0
84,324_PV_2,1,0.0,0.0
84,324_PV_3,1,3.9,0.0
84,319_PV_1,1,0.0,0.0
84,308_RTPV_1,1,0.0,0.0
84,313_RTPV_1,1,0.0,0.0
84,313_RTPV_2,1,0.0,0.0
84,313_RTPV_3,1,0.0,0.0
84,313_RTPV_4,1,0.0,0.0
84,313_RTPV_5,1,0.0,0.0
84,313_RTPV_6,1,0.0,0.0
84,313_RTPV_7,1,0.0,0.0
84,313_RTPV_8,1,0.0,0.0
84,313_RTPV_9,1,0.0,0.0
84,313_RTPV_10,1,0.0,0.0
84,313_RTPV_11,1,0.0,0.0
84,313_RTPV_12,1,0.0,0.0
84,320_RTPV_1,1,0.0,0.0
84,320_RTPV_2,1,0.0,0.0
84,320_RTPV_3,1,0.0,0.0
84,313_RTPV_13,1,0.0,0.0
84,320_RTPV_4,1,0.0,0.0
84,320_RTPV_5,1,0.0,0.0
84,320_RTPV_6,1,0.0,0.0
84,309_WIND_1,1,1.9,0.0
84,317_WIND_1,1,266.5,0.0
84,303_WIND_1,1,5.2,0.0
85,301_CT_1,1,20.0,105.3672414
85,301_CT_2,1,20.0,105.3672414
85,301_CT_3,1,55.0,43.742886659999996
85,301_CT_4,1,55.0,43.742886659999996
85,302_CT_1,1,20.0,105.3672414
85,302_CT_2,1,20.0,105.3672414
85,302_CT_3,1,55.0,38.635079579999996
85,302_CT_4,1,55.0,38.635079579999996
85,307_CT_1,1,55.0,35.47476972
85,307_CT_2,1,55.0,35.47476972
85,313_CC_1,1,355.0,33.75273126
85,315_STEAM_1,1,12.0,124.09965539999999
85,315_STEAM_2,1,12.0,124.09965539999999
85,315_STEAM_3,1,12.0,124.09965539999999
85,315_STEAM_4,1,12.0,124.09965539999999
85,315_STEAM_5,1,12.0,124.09965539999999
85,315_CT_6,1,55.0,31.8557679
85,315_CT_7,1,55.0,31.8557679
85,315_CT_8,1,55.0,31.8557679
85,316_STEAM_1,1,155.0,27.274698980000004
85,318_CC_1,1,355.0,31.529241419999998
85,321_CC_1,1,355.0,33.94709226
85,322_CT_5,1,55.0,27.89469072
85,322_CT_6,1,55.0,27.89469072
85,323_CC_1,1,355.0,31.727489639999995
85,323_CC_2,1,355.0,31.727489639999995
85,322_HYDRO_1,1,7.382999999999999,0.0
85,322_HYDRO_2,1,7.382999999999999,0.0
85,322_HYDRO_3,1,7.382999999999999,0.0
85,322_HYDRO_4,1,7.382999999999999,0.0
85,320_PV_1,1,0.0,0.0
85,314_PV_1,1,0.0,0.0
85,314_PV_2,1,0.0,0.0
85,313_PV_1,1,0.0,0.0
85,314_PV_3,1,0.0,0.0
85,314_PV_4,1,0.0,0.0
85,313_PV_2,1,0.0,0.0
85,310_PV_1,1,0.0,0.0
85,324_PV_1,1,0.0,0.0
85,312_PV_1,1,0.0,0.0
85,310_PV_2,1,0.0,0.0
85,324_PV_2,1,0.0,0.0
85,324_PV_3,1,0.0,0.0
85,319_PV_1,1,0.0,0.0
85,308_RTPV_1,1,0.0,0.0
85,313_RTPV_1,1,0.0,0.0
85,313_RTPV_2,1,0.0,0.0
85,313_RTPV_3,1,0.0,0.0
85,313_RTPV_4,1,0.0,0.0
85,313_RTPV_5,1,0.0,0.0
85,313_RTPV_6,1,0.0,0.0
85,313_RTPV_7,1,0.0,0.0
85,313_RTPV_8,1,0.0,0.0
85,313_RTPV_9,1,0.0,0.0
85,313_RTPV_10,1,0.0,0.0
85,313_RTPV_11,1,0.0,0.0
85,313_RTPV_12,1,0.0,0.0
85,320_RTPV_1,1,0.0,0.0
85,320_RTPV_2,1,0.0,0.0
85,320_RTPV_3,1,0.0,0.0
85,313_RTPV_13,1,0.0,0.0
85,320_RTPV_4,1,0.0,0.0
85,320_RTPV_5,1,0.0,0.0
85,320_RTPV_6,1,0.0,0.0
85,309_WIND_1,1,1.6,0.0
85,317_WIND_1,1,274.4,0.0
85,303_WIND_1,1,8.3,0.0
86,301_CT_1,1,20.0,105.3672414
86,301_CT_2,1,20.0,105.3672414
86,301_CT_3,1,55.0,43.742886659999996
86,301_CT_4,1,55.0,43.742886659999996
86,302_CT_1,1,20.0,105.3672414
86,302_CT_2,1,20.0,105.3672414
86,302_CT_3,1,55.0,38.635079579999996
86,302_CT_4,1,55.0,38.635079579999996
86,307_CT_1,1,55.0,35.47476972
86,307_CT_2,1,55.0,35.47476972
86,313_CC_1,1,355.0,33.75273126
86,315_STEAM_1,1,12.0,124.09965539999999
86,315_STEAM_2,1,12.0,124.09965539999999
86,315_STEAM_3,1,12.0,124.09965539999999
86,315_STEAM_4,1,12.0,124.09965539999999
86,315_STEAM_5,1,12.0,124.09965539999999
86,315_CT_6,1,55.0,31.8557679
86,315_CT_7,1,55.0,31.8557679
86,315_CT_8,1,55.0,31.8557679
86,316_STEAM_1,1,155.0,27.274698980000004
86,318_CC_1,1,355.0,31.529241419999998
86,321_CC_1,1,355.0,33.94709226
86,322_CT_5,1,55.0,27.89469072
86,322_CT_6,1,55.0,27.89469072
86,323_CC_1,1,355.0,31.727489639999995
86,323_CC_2,1,355.0,31.727489639999995
86,322_HYDRO_1,1,7.367000000000001,0.0
86,322_HYDRO_2,1,7.367000000000001,0.0
86,322_HYDRO_3,1,7.367000000000001,0.0
86,322_HYDRO_4,1,7.367000000000001,0.0
86,320_PV_1,1,0.0,0.0
86,314_PV_1,1,0.0,0.0
86,314_PV_2,1,0.0,0.0
86,313_PV_1,1,0.0,0.0
86,314_PV_3,1,0.0,0.0
86,314_PV_4,1,0.0,0.0
86,313_PV_2,1,0.0,0.0
86,310_PV_1,1,0.0,0.0
86,324_PV_1,1,0.0,0.0
86,312_PV_1,1,0.0,0.0
86,310_PV_2,1,0.0,0.0
86,324_PV_2,1,0.0,0.0
86,324_PV_3,1,0.0,0.0
86,319_PV_1,1,0.0,0.0
86,308_RTPV_1,1,0.0,0.0
86,313_RTPV_1,1,0.0,0.0
86,313_RTPV_2,1,0.0,0.0
86,313_RTPV_3,1,0.0,0.0
86,313_RTPV_4,1,0.0,0.0
86,313_RTPV_5,1,0.0,0.0
86,313_RTPV_6,1,0.0,0.0
86,313_RTPV_7,1,0.0,0.0
86,313_RTPV_8,1,0.0,0.0
86,313_RTPV_9,1,0.0,0.0
86,313_RTPV_10,1,0.0,0.0
86,313_RTPV_11,1,0.0,0.0
86,313_RTPV_12,1,0.0,0.0
86,320_RTPV_1,1,0.0,0.0
86,320_RTPV_2,1,0.0,0.0
86,320_RTPV_3,1,0.0,0.0
86,313_RTPV_13,1,0.0,0.0
86,320_RTPV_4,1,0.0,0.0
86,320_RTPV_5,1,0.0,0.0
86,320_RTPV_6,1,0.0,0.0
86,309_WIND_1,1,3.2,0.0
86,317_WIND_1,1,275.7,0.0
86,303_WIND_1,1,7.2,0.0
87,301_CT_1,1,20.0,105.3672414
87,301_CT_2,1,20.0,105.3672414
87,301_CT_3,1,55.0,43.742886659999996
87,301_CT_4,1,55.0,43.742886659999996
87,302_CT_1,1,20.0,105.3672414
87,302_CT_2,1,20.0,105.3672414
87,302_CT_3,1,55.0,38.635079579999996
87,302_CT_4,1,55.0,38.635079579999996
87,307_CT_1,1,55.0,35.47476972
87,307_CT_2,1,55.0,35.47476972
87,313_CC_1,1,355.0,33.75273126
87,315_STEAM_1,1,12.0,124.09965539999999
87,315_STEAM_2,1,12.0,124.09965539999999
87,315_STEAM_3,1,12.0,124.09965539999999
87,315_STEAM_4,1,12.0,124.09965539999999
87,315_STEAM_5,1,12.0,124.09965539999999
87,315_CT_6,1,55.0,31.8557679
87,315_CT_7,1,55.0,31.8557679
87,315_CT_8,1,55.0,31.8557679
87,316_STEAM_1,1,155.0,27.274698980000004
87,318_CC_1,1,355.0,31.529241419999998
87,321_CC_1,1,355.0,33.94709226
87,322_CT_5,1,55.0,27.89469072
87,322_CT_6,1,55.0,27.89469072
87,323_CC_1,1,355.0,31.727489639999995
87,323_CC_2,1,355.0,31.727489639999995
87,322_HYDRO_1,1,7.35,0.0
87,322_HYDRO_2,1,7.35,0.0
87,322_HYDRO_3,1,7.35,0.0
87,322_HYDRO_4,1,7.35,0.0
87,320_PV_1,1,0.0,0.0
87,314_PV_1,1,0.0,0.0
87,314_PV_2,1,0.0,0.0
87,313_PV_1,1,0.0,0.0
87,314_PV_3,1,0.0,0.0
87,314_PV_4,1,0.0,0.0
87,313_PV_2,1,0.0,0.0
87,310_PV_1,1,0.0,0.0
87,324_PV_1,1,0.0,0.0
87,312_PV_1,1,0.0,0.0
87,310_PV_2,1,0.0,0.0
87,324_PV_2,1,0.0,0.0
87,324_PV_3,1,0.0,0.0
87,319_PV_1,1,0.0,0.0
87,308_RTPV_1,1,0.0,0.0
87,313_RTPV_1,1,0.0,0.0
87,313_RTPV_2,1,0.0,0.0
87,313_RTPV_3,1,0.0,0.0
87,313_RTPV_4,1,0.0,0.0
87,313_RTPV_5,1,0.0,0.0
87,313_RTPV_6,1,0.0,0.0
87,313_RTPV_7,1,0.0,0.0
87,313_RTPV_8,1,0.0,0.0
87,313_RTPV_9,1,0.0,0.0
87,313_RTPV_10,1,0.0,0.0
87,313_RTPV_11,1,0.0,0.0
87,313_RTPV_12,1,0.0,0.0
87,320_RTPV_1,1,0.0,0.0
87,320_RTPV_2,1,0.0,0.0
87,320_RTPV_3,1,0.0,0.0
87,313_RTPV_13,1,0.0,0.0
87,320_RTPV_4,1,0.0,0.0
87,320_RTPV_5,1,0.0,0.0
87,320_RTPV_6,1,0.0,0.0
87,309_WIND_1,1,2.6,0.0
87,317_WIND_1,1,280.3,0.0
87,303_WIND_1,1,9.0,0.0
88,301_CT_1,1,20.0,105.3672414
88,301_CT_2,1,20.0,105.3672414
88,301_CT_3,1,55.0,43.742886659999996
88,301_CT_4,1,55.0,43.742886659999996
88,302_CT_1,1,20.0,105.3672414
88,302_CT_2,1,20.0,105.3672414
88,302_CT_3,1,55.0,38.635079579999996
88,302_CT_4,1,55.0,38.635079579999996
88,307_CT_1,1,55.0,35.47476972
88,307_CT_2,1,55.0,35.47476972
88,313_CC_1,1,355.0,33.75273126
88,315_STEAM_1,1,12.0,124.09965539999999
88,315_STEAM_2,1,12.0,124.09965539999999
88,315_STEAM_3,1,12.0,124.09965539999999
88,315_STEAM_4,1,12.0,124.09965539999999
88,315_STEAM_5,1,12.0,124.09965539999999
88,315_CT_6,1,55.0,31.8557679
88,315_CT_7,1,55.0,31.8557679
88,315_CT_8,1,55.0,31.8557679
88,316_STEAM_1,1,155.0,27.274698980000004
88,318_CC_1,1,355.0,31.529241419999998
88,321_CC_1,1,355.0,33.94709226
88,322_CT_5,1,55.0,27.89469072
88,322_CT_6,1,55.0,27.89469072
88,323_CC_1,1,355.0,31.727489639999995
88,323_CC_2,1,355.0,31.727489639999995
88,322_HYDRO_1,1,7.332999999999999,0.0
88,322_HYDRO_2,1,7.332999999999999,0.0
88,322_HYDRO_3,1,7.332999999999999,0.0
88,322_HYDRO_4,1,7.332999999999999,0.0
88,320_PV_1,1,0.0,0.0
88,314_PV_1,1,0.0,0.0
88,314_PV_2,1,0.0,0.0
88,313_PV_1,1,0.0,0.0
88,314_PV_3,1,0.0,0.0
88,314_PV_4,1,0.0,0.0
88,313_PV_2,1,0.0,0.0
88,310_PV_1,1,0.0,0.0
88,324_PV_1,1,0.0,0.0
88,312_PV_1,1,0.0,0.0
88,310_PV_2,1,0.0,0.0
88,324_PV_2,1,0.0,0.0
88,324_PV_3,1,0.0,0.0
88,319_PV_1,1,0.0,0.0
88,308_RTPV_1,1,0.0,0.0
88,313_RTPV_1,1,0.0,0.0
88,313_RTPV_2,1,0.0,0.0
88,313_RTPV_3,1,0.0,0.0
88,313_RTPV_4,1,0.0,0.0
88,313_RTPV_5,1,0.0,0.0
88,313_RTPV_6,1,0.0,0.0
88,313_RTPV_7,1,0.0,0.0
88,313_RTPV_8,1,0.0,0.0
88,313_RTPV_9,1,0.0,0.0
88,313_RTPV_10,1,0.0,0.0
88,313_RTPV_11,1,0.0,0.0
88,313_RTPV_12,1,0.0,0.0
88,320_RTPV_1,1,0.0,0.0
88,320_RTPV_2,1,0.0,0.0
88,320_RTPV_3,1,0.0,0.0
88,313_RTPV_13,1,0.0,0.0
88,320_RTPV_4,1,0.0,0.0
88,320_RTPV_5,1,0.0,0.0
88,320_RTPV_6,1,0.0,0.0
88,309_WIND_1,1,2.0,0.0
88,317_WIND_1,1,289.4,0.0
88,303_WIND_1,1,6.3,0.0
89,301_CT_1,1,20.0,105.3672414
89,301_CT_2,1,20.0,105.3672414
89,301_CT_3,1,55.0,43.742886659999996
89,301_CT_4,1,55.0,43.742886659999996
89,302_CT_1,1,20.0,105.3672414
89,302_CT_2,1,20.0,105.3672414
89,302_CT_3,1,55.0,38.635079579999996
89,302_CT_4,1,55.0,38.635079579999996
89,307_CT_1,1,55.0,35.47476972
89,307_CT_2,1,55.0,35.47476972
89,313_CC_1,1,355.0,33.75273126
89,315_STEAM_1,1,12.0,124.09965539999999
89,315_STEAM_2,1,12.0,124.09965539999999
89,315_STEAM_3,1,12.0,124.09965539999999
89,315_STEAM_4,1,12.0,124.09965539999999
89,315_STEAM_5,1,12.0,124.09965539999999
89,315_CT_6,1,55.0,31.8557679
89,315_CT_7,1,55.0,31.8557679
89,315_CT_8,1,55.0,31.8557679
89,316_STEAM_1,1,155.0,27.274698980000004
89,318_CC_1,1,355.0,31.529241419999998
89,321_CC_1,1,355.0,33.94709226
89,322_CT_5,1,55.0,27.89469072
89,322_CT_6,1,55.0,27.89469072
89,323_CC_1,1,355.0,31.727489639999995
89,323_CC_2,1,355.0,31.727489639999995
89,322_HYDRO_1,1,7.317,0.0
89,322_HYDRO_2,1,7.317,0.0
89,322_HYDRO_3,1,7.317,0.0
89,322_HYDRO_4,1,7.317,0.0
89,320_PV_1,1,0.0,0.0
89,314_PV_1,1,0.0,0.0
89,314_PV_2,1,0.0,0.0
89,313_PV_1,1,0.0,0.0
89,314_PV_3,1,0.0,0.0
89,314_PV_4,1,0.0,0.0
89,313_PV_2,1,0.0,0.0
89,310_PV_1,1,0.0,0.0
89,324_PV_1,1,0.0,0.0
89,312_PV_1,1,0.0,0.0
89,310_PV_2,1,0.0,0.0
89,324_PV_2,1,0.0,0.0
89,324_PV_3,1,0.0,0.0
89,319_PV_1,1,0.0,0.0
89,308_RTPV_1,1,0.0,0.0
89,313_RTPV_1,1,0.0,0.0
89,313_RTPV_2,1,0.0,0.0
89,313_RTPV_3,1,0.0,0.0
89,313_RTPV_4,1,0.0,0.0
89,313_RTPV_5,1,0.0,0.0
89,313_RTPV_6,1,0.0,0.0
89,313_RTPV_7,1,0.0,0.0
89,313_RTPV_8,1,0.0,0.0
89,313_RTPV_9,1,0.0,0.0
89,313_RTPV_10,1,0.0,0.0
89,313_RTPV_11,1,0.0,0.0
89,313_RTPV_12,1,0.0,0.0
89,320_RTPV_1,1,0.0,0.0
89,320_RTPV_2,1,0.0,0.0
89,320_RTPV_3,1,0.0,0.0
89,313_RTPV_13,1,0.0,0.0
89,320_RTPV_4,1,0.0,0.0
89,320_RTPV_5,1,0.0,0.0
89,320_RTPV_6,1,0.0,0.0
89,309_WIND_1,1,2.9,0.0
89,317_WIND_1,1,302.0,0.0
89,303_WIND_1,1,5.1,0.0
90,301_CT_1,1,20.0,105.3672414
90,301_CT_2,1,20.0,105.3672414
90,301_CT_3,1,55.0,43.742886659999996
90,301_CT_4,1,55.0,43.742886659999996
90,302_CT_1,1,20.0,105.3672414
90,302_CT_2,1,20.0,105.3672414
90,302_CT_3,1,55.0,38.635079579999996
90,302_CT_4,1,55.0,38.635079579999996
90,307_CT_1,1,55.0,35.47476972
90,307_CT_2,1,55.0,35.47476972
90,313_CC_1,1,355.0,33.75273126
90,315_STEAM_1,1,12.0,124.09965539999999
90,315_STEAM_2,1,12.0,124.09965539999999
90,315_STEAM_3,1,12.0,124.09965539999999
90,315_STEAM_4,1,12.0,124.09965539999999
90,315_STEAM_5,1,12.0,124.09965539999999
90,315_CT_6,1,55.0,31.8557679
90,315_CT_7,1,55.0,31.8557679
90,315_CT_8,1,55.0,31.8557679
90,316_STEAM_1,1,155.0,27.274698980000004
90,318_CC_1,1,355.0,31.529241419999998
90,321_CC_1,1,355.0,33.94709226
90,322_CT_5,1,55.0,27.89469072
90,322_CT_6,1,55.0,27.89469072
90,323_CC_1,1,355.0,31.727489639999995
90,323_CC_2,1,355.0,31.727489639999995
90,322_HYDRO_1,1,7.3,0.0
90,322_HYDRO_2,1,7.3,0.0
90,322_HYDRO_3,1,7.3,0.0
90,322_HYDRO_4,1,7.3,0.0
90,320_PV_1,1,0.0,0.0
90,314_PV_1,1,0.0,0.0
90,314_PV_2,1,0.0,0.0
90,313_PV_1,1,0.0,0.0
90,314_PV_3,1,0.0,0.0
90,314_PV_4,1,0.0,0.0
90,313_PV_2,1,0.0,0.0
90,310_PV_1,1,0.0,0.0
90,324_PV_1,1,0.0,0.0
90,312_PV_1,1,0.0,0.0
90,310_PV_2,1,0.0,0.0
90,324_PV_2,1,0.0,0.0
90,324_PV_3,1,0.0,0.0
90,319_PV_1,1,0.0,0.0
90,308_RTPV_1,1,0.0,0.0
90,313_RTPV_1,1,0.0,0.0
90,313_RTPV_2,1,0.0,0.0
90,313_RTPV_3,1,0.0,0.0
90,313_RTPV_4,1,0.0,0.0
90,313_RTPV_5,1,0.0,0.0
90,313_RTPV_6,1,0.0,0.0
90,313_RTPV_7,1,0.0,0.0
90,313_RTPV_8,1,0.0,0.0
90,313_RTPV_9,1,0.0,0.0
90,313_RTPV_10,1,0.0,0.0
90,313_RTPV_11,1,0.0,0.0
90,313_RTPV_12,1,0.0,0.0
90,320_RTPV_1,1,0.0,0.0
90,320_RTPV_2,1,0.0,0.0
90,320_RTPV_3,1,0.0,0.0
90,313_RTPV_13,1,0.0,0.0
90,320_RTPV_4,1,0.0,0.0
90,320_RTPV_5,1,0.0,0.0
90,320_RTPV_6,1,0.0,0.0
90,309_WIND_1,1,2.9,0.0
90,317_WIND_1,1,305.2,0.0
90,303_WIND_1,1,11.3,0.0
91,301_CT_1,1,20.0,105.3672414
91,301_CT_2,1,20.0,105.3672414
91,301_CT_3,1,55.0,43.742886659999996
91,301_CT_4,1,55.0,43.742886659999996
91,302_CT_1,1,20.0,105.3672414
91,302_CT_2,1,20.0,105.3672414
91,302_CT_3,1,55.0,38.635079579999996
91,302_CT_4,1,55.0,38.635079579999996
91,307_CT_1,1,55.0,35.47476972
91,307_CT_2,1,55.0,35.47476972
91,313_CC_1,1,355.0,33.75273126
91,315_STEAM_1,1,12.0,124.09965539999999
91,315_STEAM_2,1,12.0,124.09965539999999
91,315_STEAM_3,1,12.0,124.09965539999999
91,315_STEAM_4,1,12.0,124.09965539999999
91,315_STEAM_5,1,12.0,124.09965539999999
91,315_CT_6,1,55.0,31.8557679
91,315_CT_7,1,55.0,31.8557679
91,315_CT_8,1,55.0,31.8557679
91,316_STEAM_1,1,155.0,27.274698980000004
91,318_CC_1,1,355.0,31.529241419999998
91,321_CC_1,1,355.0,33.94709226
91,322_CT_5,1,55.0,27.89469072
91,322_CT_6,1,55.0,27.89469072
91,323_CC_1,1,355.0,31.727489639999995
91,323_CC_2,1,355.0,31.727489639999995
91,322_HYDRO_1,1,7.2829999999999995,0.0
91,322_HYDRO_2,1,7.2829999999999995,0.0
91,322_HYDRO_3,1,7.2829999999999995,0.0
91,322_HYDRO_4,1,7.2829999999999995,0.0
91,320_PV_1,1,0.0,0.0
91,314_PV_1,1,0.0,0.0
91,314_PV_2,1,0.0,0.0
91,313_PV_1,1,0.0,0.0
91,314_PV_3,1,0.0,0.0
91,314_PV_4,1,0.0,0.0
91,313_PV_2,1,0.0,0.0
91,310_PV_1,1,0.0,0.0
91,324_PV_1,1,0.0,0.0
91,312_PV_1,1,0.0,0.0
91,310_PV_2,1,0.0,0.0
91,324_PV_2,1,0.0,0.0
91,324_PV_3,1,0.0,0.0
91,319_PV_1,1,0.0,0.0
91,308_RTPV_1,1,0.0,0.0
91,313_RTPV_1,1,0.0,0.0
91,313_RTPV_2,1,0.0,0.0
91,313_RTPV_3,1,0.0,0.0
91,313_RTPV_4,1,0.0,0.0
91,313_RTPV_5,1,0.0,0.0
91,313_RTPV_6,1,0.0,0.0
91,313_RTPV_7,1,0.0,0.0
91,313_RTPV_8,1,0.0,0.0
91,313_RTPV_9,1,0.0,0.0
91,313_RTPV_10,1,0.0,0.0
91,313_RTPV_11,1,0.0,0.0
91,313_RTPV_12,1,0.0,0.0
91,320_RTPV_1,1,0.0,0.0
91,320_RTPV_2,1,0.0,0.0
91,320_RTPV_3,1,0.0,0.0
91,313_RTPV_13,1,0.0,0.0
91,320_RTPV_4,1,0.0,0.0
91,320_RTPV_5,1,0.0,0.0
91,320_RTPV_6,1,0.0,0.0
91,309_WIND_1,1,2.4,0.0
91,317_WIND_1,1,310.9,0.0
91,303_WIND_1,1,9.9,0.0
92,301_CT_1,1,20.0,105.3672414
92,301_CT_2,1,20.0,105.3672414
92,301_CT_3,1,55.0,43.742886659999996
92,301_CT_4,1,55.0,43.742886659999996
92,302_CT_1,1,20.0,105.3672414
92,302_CT_2,1,20.0,105.3672414
92,302_CT_3,1,55.0,38.635079579999996
92,302_CT_4,1,55.0,38.635079579999996
92,307_CT_1,1,55.0,35.47476972
92,307_CT_2,1,55.0,35.47476972
92,313_CC_1,1,355.0,33.75273126
92,315_STEAM_1,1,12.0,124.09965539999999
92,315_STEAM_2,1,12.0,124.09965539999999
92,315_STEAM_3,1,12.0,124.09965539999999
92,315_STEAM_4,1,12.0,124.09965539999999
92,315_STEAM_5,1,12.0,124.09965539999999
92,315_CT_6,1,55.0,31.8557679
92,315_CT_7,1,55.0,31.8557679
92,315_CT_8,1,55.0,31.8557679
92,316_STEAM_1,1,155.0,27.274698980000004
92,318_CC_1,1,355.0,31.529241419999998
92,321_CC_1,1,355.0,33.94709226
92,322_CT_5,1,55.0,27.89469072
92,322_CT_6,1,55.0,27.89469072
92,323_CC_1,1,355.0,31.727489639999995
92,323_CC_2,1,355.0,31.727489639999995
92,322_HYDRO_1,1,7.267,0.0
92,322_HYDRO_2,1,7.267,0.0
92,322_HYDRO_3,1,7.267,0.0
92,322_HYDRO_4,1,7.267,0.0
92,320_PV_1,1,0.0,0.0
92,314_PV_1,1,0.0,0.0
92,314_PV_2,1,0.0,0.0
92,313_PV_1,1,0.0,0.0
92,314_PV_3,1,0.0,0.0
92,314_PV_4,1,0.0,0.0
92,313_PV_2,1,0.0,0.0
92,310_PV_1,1,0.0,0.0
92,324_PV_1,1,0.0,0.0
92,312_PV_1,1,0.0,0.0
92,310_PV_2,1,0.0,0.0
92,324_PV_2,1,0.0,0.0
92,324_PV_3,1,0.0,0.0
92,319_PV_1,1,0.0,0.0
92,308_RTPV_1,1,0.0,0.0
92,313_RTPV_1,1,0.0,0.0
92,313_RTPV_2,1,0.0,0.0
92,313_RTPV_3,1,0.0,0.0
92,313_RTPV_4,1,0.0,0.0
92,313_RTPV_5,1,0.0,0.0
92,313_RTPV_6,1,0.0,0.0
92,313_RTPV_7,1,0.0,0.0
92,313_RTPV_8,1,0.0,0.0
92,313_RTPV_9,1,0.0,0.0
92,313_RTPV_10,1,0.0,0.0
92,313_RTPV_11,1,0.0,0.0
92,313_RTPV_12,1,0.0,0.0
92,320_RTPV_1,1,0.0,0.0
92,320_RTPV_2,1,0.0,0.0
92,320_RTPV_3,1,0.0,0.0
92,313_RTPV_13,1,0.0,0.0
92,320_RTPV_4,1,0.0,0.0
92,320_RTPV_5,1,0.0,0.0
92,320_RTPV_6,1,0.0,0.0
92,309_WIND_1,1,1.9,0.0
92,317_WIND_1,1,320.0,0.0
92,303_WIND_1,1,6.3,0.0
93,301_CT_1,1,20.0,105.3672414
93,301_CT_2,1,20.0,105.3672414
93,301_CT_3,1,55.0,43.742886659999996
93,301_CT_4,1,55.0,43.742886659999996
93,302_CT_1,1,20.0,105.3672414
93,302_CT_2,1,20.0,105.3672414
93,302_CT_3,1,55.0,38.635079579999996
93,302_CT_4,1,55.0,38.635079579999996
93,307_CT_1,1,55.0,35.47476972
93,307_CT_2,1,55.0,35.47476972
93,313_CC_1,1,355.0,33.75273126
93,315_STEAM_1,1,12.0,124.09965539999999
93,315_STEAM_2,1,12.0,124.09965539999999
93,315_STEAM_3,1,12.0,124.09965539999999
93,315_STEAM_4,1,12.0,124.09965539999999
93,315_STEAM_5,1,12.0,124.09965539999999
93,315_CT_6,1,55.0,31.8557679
93,315_CT_7,1,55.0,31.8557679
93,315_CT_8,1,55.0,31.8557679
93,316_STEAM_1,1,155.0,27.274698980000004
93,318_CC_1,1,355.0,31.529241419999998
93,321_CC_1,1,355.0,33.94709226
93,322_CT_5,1,55.0,27.89469072
93,322_CT_6,1,55.0,27.89469072
93,323_CC_1,1,355.0,31.727489639999995
93,323_CC_2,1,355.0,31.727489639999995
93,322_HYDRO_1,1,7.25,0.0
93,322_HYDRO_2,1,7.25,0.0
93,322_HYDRO_3,1,7.25,0.0
93,322_HYDRO_4,1,7.25,0.0
93,320_PV_1,1,0.0,0.0
93,314_PV_1,1,0.0,0.0
93,314_PV_2,1,0.0,0.0
93,313_PV_1,1,0.0,0.0
93,314_PV_3,1,0.0,0.0
93,314_PV_4,1,0.0,0.0
93,313_PV_2,1,0.0,0.0
93,310_PV_1,1,0.0,0.0
93,324_PV_1,1,0.0,0.0
93,312_PV_1,1,0.0,0.0
93,310_PV_2,1,0.0,0.0
93,324_PV_2,1,0.0,0.0
93,324_PV_3,1,0.0,0.0
93,319_PV_1,1,0.0,0.0
93,308_RTPV_1,1,0.0,0.0
93,313_RTPV_1,1,0.0,0.0
93,313_RTPV_2,1,0.0,0.0
93,313_RTPV_3,1,0.0,0.0
93,313_RTPV_4,1,0.0,0.0
93,313_RTPV_5,1,0.0,0.0
93,313_RTPV_6,1,0.0,0.0
93,313_RTPV_7,1,0.0,0.0
93,313_RTPV_8,1,0.0,0.0
93,313_RTPV_9,1,0.0,0.0
93,313_RTPV_10,1,0.0,0.0
93,313_RTPV_11,1,0.0,0.0
93,313_RTPV_12,1,0.0,0.0
93,320_RTPV_1,1,0.0,0.0
93,320_RTPV_2,1,0.0,0.0
93,320_RTPV_3,1,0.0,0.0
93,313_RTPV_13,1,0.0,0.0
93,320_RTPV_4,1,0.0,0.0
93,320_RTPV_5,1,0.0,0.0
93,320_RTPV_6,1,0.0,0.0
93,309_WIND_1,1,2.1,0.0
93,317_WIND_1,1,327.2,0.0
93,303_WIND_1,1,6.5,0.0
94,301_CT_1,1,20.0,105.3672414
94,301_CT_2,1,20.0,105.3672414
94,301_CT_3,1,55.0,43.742886659999996
94,301_CT_4,1,55.0,43.742886659999996
94,302_CT_1,1,20.0,105.3672414
94,302_CT_2,1,20.0,105.3672414
94,302_CT_3,1,55.0,38.635079579999996
94,302_CT_4,1,55.0,38.635079579999996
94,307_CT_1,1,55.0,35.47476972
94,307_CT_2,1,55.0,35.47476972
94,313_CC_1,1,355.0,33.75273126
94,315_STEAM_1,1,12.0,124.09965539999999
94,315_STEAM_2,1,12.0,124.09965539999999
94,315_STEAM_3,1,12.0,124.09965539999999
94,315_STEAM_4,1,12.0,124.09965539999999
94,315_STEAM_5,1,12.0,124.09965539999999
94,315_CT_6,1,55.0,31.8557679
94,315_CT_7,1,55.0,31.8557679
94,315_CT_8,1,55.0,31.8557679
94,316_STEAM_1,1,155.0,27.274698980000004
94,318_CC_1,1,355.0,31.529241419999998
94,321_CC_1,1,355.0,33.94709226
94,322_CT_5,1,55.0,27.89469072
94,322_CT_6,1,55.0,27.89469072
94,323_CC_1,1,355.0,31.727489639999995
94,323_CC_2,1,355.0,31.727489639999995
94,322_HYDRO_1,1,7.233,0.0
94,322_HYDRO_2,1,7.233,0.0
94,322_HYDRO_3,1,7.233,0.0
94,322_HYDRO_4,1,7.233,0.0
94,320_PV_1,1,0.0,0.0
94,314_PV_1,1,0.0,0.0
94,314_PV_2,1,0.0,0.0
94,313_PV_1,1,0.0,0.0
94,314_PV_3,1,0.0,0.0
94,314_PV_4,1,0.0,0.0
94,313_PV_2,1,0.0,0.0
94,310_PV_1,1,0.0,0.0
94,324_PV_1,1,0.0,0.0
94,312_PV_1,1,0.0,0.0
94,310_PV_2,1,0.0,0.0
94,324_PV_2,1,0.0,0.0
94,324_PV_3,1,0.0,0.0
94,319_PV_1,1,0.0,0.0
94,308_RTPV_1,1,0.0,0.0
94,313_RTPV_1,1,0.0,0.0
94,313_RTPV_2,1,0.0,0.0
94,313_RTPV_3,1,0.0,0.0
94,313_RTPV_4,1,0.0,0.0
94,313_RTPV_5,1,0.0,0.0
94,313_RTPV_6,1,0.0,0.0
94,313_RTPV_7,1,0.0,0.0
94,313_RTPV_8,1,0.0,0.0
94,313_RTPV_9,1,0.0,0.0
94,313_RTPV_10,1,0.0,0.0
94,313_RTPV_11,1,0.0,0.0
94,313_RTPV_12,1,0.0,0.0
94,320_RTPV_1,1,0.0,0.0
94,320_RTPV_2,1,0.0,0.0
94,320_RTPV_3,1,0.0,0.0
94,313_RTPV_13,1,0.0,0.0
94,320_RTPV_4,1,0.0,0.0
94,320_RTPV_5,1,0.0,0.0
94,320_RTPV_6,1,0.0,0.0
94,309_WIND_1,1,3.8,0.0
94,317_WIND_1,1,328.5,0.0
94,303_WIND_1,1,10.2,0.0
95,301_CT_1,1,20.0,105.3672414
95,301_CT_2,1,20.0,105.3672414
95,301_CT_3,1,55.0,43.742886659999996
95,301_CT_4,1,55.0,43.742886659999996
95,302_CT_1,1,20.0,105.3672414
95,302_CT_2,1,20.0,105.3672414
95,302_CT_3,1,55.0,38.635079579999996
95,302_CT_4,1,55.0,38.635079579999996
95,307_CT_1,1,55.0,35.47476972
95,307_CT_2,1,55.0,35.47476972
95,313_CC_1,1,355.0,33.75273126
95,315_STEAM_1,1,12.0,124.09965539999999
95,315_STEAM_2,1,12.0,124.09965539999999
95,315_STEAM_3,1,12.0,124.09965539999999
95,315_STEAM_4,1,12.0,124.09965539999999
95,315_STEAM_5,1,12.0,124.09965539999999
95,315_CT_6,1,55.0,31.8557679
95,315_CT_7,1,55.0,31.8557679
95,315_CT_8,1,55.0,31.8557679
95,316_STEAM_1,1,155.0,27.274698980000004
95,318_CC_1,1,355.0,31.529241419999998
95,321_CC_1,1,355.0,33.94709226
95,322_CT_5,1,55.0,27.89469072
95,322_CT_6,1,55.0,27.89469072
95,323_CC_1,1,355.0,31.727489639999995
95,323_CC_2,1,355.0,31.727489639999995
95,322_HYDRO_1,1,7.2170000000000005,0.0
95,322_HYDRO_2,1,7.2170000000000005,0.0
95,322_HYDRO_3,1,7.2170000000000005,0.0
95,322_HYDRO_4,1,7.2170000000000005,0.0
95,320_PV_1,1,0.0,0.0
95,314_PV_1,1,0.0,0.0
95,314_PV_2,1,0.0,0.0
95,313_PV_1,1,0.0,0.0
95,314_PV_3,1,0.0,0.0
95,314_PV_4,1,0.0,0.0
95,313_PV_2,1,0.0,0.0
95,310_PV_1,1,0.0,0.0
95,324_PV_1,1,0.0,0.0
95,312_PV_1,1,0.0,0.0
95,310_PV_2,1,0.0,0.0
95,324_PV_2,1,0.0,0.0
95,324_PV_3,1,0.0,0.0
95,319_PV_1,1,0.0,0.0
95,308_RTPV_1,1,0.0,0.0
95,313_RTPV_1,1,0.0,0.0
95,313_RTPV_2,1,0.0,0.0
95,313_RTPV_3,1,0.0,0.0
95,313_RTPV_4,1,0.0,0.0
95,313_RTPV_5,1,0.0,0.0
95,313_RTPV_6,1,0.0,0.0
95,313_RTPV_7,1,0.0,0.0
95,313_RTPV_8,1,0.0,0.0
95,313_RTPV_9,1,0.0,0.0
95,313_RTPV_10,1,0.0,0.0
95,313_RTPV_11,1,0.0,0.0
95,313_RTPV_12,1,0.0,0.0
95,320_RTPV_1,1,0.0,0.0
95,320_RTPV_2,1,0.0,0.0
95,320_RTPV_3,1,0.0,0.0
95,313_RTPV_13,1,0.0,0.0
95,320_RTPV_4,1,0.0,0.0
95,320_RTPV_5,1,0.0,0.0
95,320_RTPV_6,1,0.0,0.0
95,309_WIND_1,1,4.6,0.0
95,317_WIND_1,1,340.7,0.0
95,303_WIND_1,1,4.9,0.0
96,301_CT_1,1,20.0,105.3672414
96,301_CT_2,1,20.0,105.3672414
96,301_CT_3,1,55.0,43.742886659999996
96,301_CT_4,1,55.0,43.742886659999996
96,302_CT_1,1,20.0,105.3672414
96,302_CT_2,1,20.0,105.3672414
96,302_CT_3,1,55.0,38.635079579999996
96,302_CT_4,1,55.0,38.635079579999996
96,307_CT_1,1,55.0,35.47476972
96,307_CT_2,1,55.0,35.47476972
96,313_CC_1,1,355.0,33.75273126
96,315_STEAM_1,1,12.0,124.09965539999999
96,315_STEAM_2,1,12.0,124.09965539999999
96,315_STEAM_3,1,12.0,124.09965539999999
96,315_STEAM_4,1,12.0,124.09965539999999
96,315_STEAM_5,1,12.0,124.09965539999999
96,315_CT_6,1,55.0,31.8557679
96,315_CT_7,1,55.0,31.8557679
96,315_CT_8,1,55.0,31.8557679
96,316_STEAM_1,1,155.0,27.274698980000004
96,318_CC_1,1,355.0,31.529241419999998
96,321_CC_1,1,355.0,33.94709226
96,322_CT_5,1,55.0,27.89469072
96,322_CT_6,1,55.0,27.89469072
96,323_CC_1,1,355.0,31.727489639999995
96,323_CC_2,1,355.0,31.727489639999995
96,322_HYDRO_1,1,7.2,0.0
96,322_HYDRO_2,1,7.2,0.0
96,322_HYDRO_3,1,7.2,0.0
96,322_HYDRO_4,1,7.2,0.0
96,320_PV_1,1,0.0,0.0
96,314_PV_1,1,0.0,0.0
96,314_PV_2,1,0.0,0.0
96,313_PV_1,1,0.0,0.0
96,314_PV_3,1,0.0,0.0
96,314_PV_4,1,0.0,0.0
96,313_PV_2,1,0.0,0.0
96,310_PV_1,1,0.0,0.0
96,324_PV_1,1,0.0,0.0
96,312_PV_1,1,0.0,0.0
96,310_PV_2,1,0.0,0.0
96,324_PV_2,1,0.0,0.0
96,324_PV_3,1,0.0,0.0
96,319_PV_1,1,0.0,0.0
96,308_RTPV_1,1,0.0,0.0
96,313_RTPV_1,1,0.0,0.0
96,313_RTPV_2,1,0.0,0.0
96,313_RTPV_3,1,0.0,0.0
96,313_RTPV_4,1,0.0,0.0
96,313_RTPV_5,1,0.0,0.0
96,313_RTPV_6,1,0.0,0.0
96,313_RTPV_7,1,0.0,0.0
96,313_RTPV_8,1,0.0,0.0
96,313_RTPV_9,1,0.0,0.0
96,313_RTPV_10,1,0.0,0.0
96,313_RTPV_11,1,0.0,0.0
96,313_RTPV_12,1,0.0,0.0
96,320_RTPV_1,1,0.0,0.0
96,320_RTPV_2,1,0.0,0.0
96,320_RTPV_3,1,0.0,0.0
96,313_RTPV_13,1,0.0,0.0
96,320_RTPV_4,1,0.0,0.0
96,320_RTPV_5,1,0.0,0.0
96,320_RTPV_6,1,0.0,0.0
96,309_WIND_1,1,3.8,0.0
96,317_WIND_1,1,342.9,0.0
96,303_WIND_1,1,4.7,0.0
97,301_CT_1,1,20.0,105.3672414
97,301_CT_2,1,20.0,105.3672414
97,301_CT_3,1,55.0,43.742886659999996
97,301_CT_4,1,55.0,43.742886659999996
97,302_CT_1,1,20.0,105.3672414
97,302_CT_2,1,20.0,105.3672414
97,302_CT_3,1,55.0,38.635079579999996
97,302_CT_4,1,55.0,38.635079579999996
97,307_CT_1,1,55.0,35.47476972
97,307_CT_2,1,55.0,35.47476972
97,313_CC_1,1,355.0,33.75273126
97,315_STEAM_1,1,12.0,124.09965539999999
97,315_STEAM_2,1,12.0,124.09965539999999
97,315_STEAM_3,1,12.0,124.09965539999999
97,315_STEAM_4,1,12.0,124.09965539999999
97,315_STEAM_5,1,12.0,124.09965539999999
97,315_CT_6,1,55.0,31.8557679
97,315_CT_7,1,55.0,31.8557679
97,315_CT_8,1,55.0,31.8557679
97,316_STEAM_1,1,155.0,27.274698980000004
97,318_CC_1,1,355.0,31.529241419999998
97,321_CC_1,1,355.0,33.94709226
97,322_CT_5,1,55.0,27.89469072
97,322_CT_6,1,55.0,27.89469072
97,323_CC_1,1,355.0,31.727489639999995
97,323_CC_2,1,355.0,31.727489639999995
97,322_HYDRO_1,1,7.4,0.0
97,322_HYDRO_2,1,7.4,0.0
97,322_HYDRO_3,1,7.4,0.0
97,322_HYDRO_4,1,7.4,0.0
97,320_PV_1,1,0.0,0.0
97,314_PV_1,1,0.0,0.0
97,314_PV_2,1,0.0,0.0
97,313_PV_1,1,0.0,0.0
97,314_PV_3,1,0.0,0.0
97,314_PV_4,1,0.0,0.0
97,313_PV_2,1,0.0,0.0
97,310_PV_1,1,0.0,0.0
97,324_PV_1,1,0.0,0.0
97,312_PV_1,1,0.0,0.0
97,310_PV_2,1,0.0,0.0
97,324_PV_2,1,0.0,0.0
97,324_PV_3,1,0.0,0.0
97,319_PV_1,1,0.0,0.0
97,308_RTPV_1,1,0.0,0.0
97,313_RTPV_1,1,0.0,0.0
97,313_RTPV_2,1,0.0,0.0
97,313_RTPV_3,1,0.0,0.0
97,313_RTPV_4,1,0.0,0.0
97,313_RTPV_5,1,0.0,0.0
97,313_RTPV_6,1,0.0,0.0
97,313_RTPV_7,1,0.0,0.0
97,313_RTPV_8,1,0.0,0.0
97,313_RTPV_9,1,0.0,0.0
97,313_RTPV_10,1,0.0,0.0
97,313_RTPV_11,1,0.0,0.0
97,313_RTPV_12,1,0.0,0.0
97,320_RTPV_1,1,0.0,0.0
97,320_RTPV_2,1,0.0,0.0
97,320_RTPV_3,1,0.0,0.0
97,313_RTPV_13,1,0.0,0.0
97,320_RTPV_4,1,0.0,0.0
97,320_RTPV_5,1,0.0,0.0
97,320_RTPV_6,1,0.0,0.0
97,309_WIND_1,1,2.0,0.0
97,317_WIND_1,1,347.7,0.0
97,303_WIND_1,1,10.1,0.0
98,301_CT_1,1,20.0,105.3672414
98,301_CT_2,1,20.0,105.3672414
98,301_CT_3,1,55.0,43.742886659999996
98,301_CT_4,1,55.0,43.742886659999996
98,302_CT_1,1,20.0,105.3672414
98,302_CT_2,1,20.0,105.3672414
98,302_CT_3,1,55.0,38.635079579999996
98,302_CT_4,1,55.0,38.635079579999996
98,307_CT_1,1,55.0,35.47476972
98,307_CT_2,1,55.0,35.47476972
98,313_CC_1,1,355.0,33.75273126
98,315_STEAM_1,1,12.0,124.09965539999999
98,315_STEAM_2,1,12.0,124.09965539999999
98,315_STEAM_3,1,12.0,124.09965539999999
98,315_STEAM_4,1,12.0,124.09965539999999
98,315_STEAM_5,1,12.0,124.09965539999999
98,315_CT_6,1,55.0,31.8557679
98,315_CT_7,1,55.0,31.8557679
98,315_CT_8,1,55.0,31.8557679
98,316_STEAM_1,1,155.0,27.274698980000004
98,318_CC_1,1,355.0,31.529241419999998
98,321_CC_1,1,355.0,33.94709226
98,322_CT_5,1,55.0,27.89469072
98,322_CT_6,1,55.0,27.89469072
98,323_CC_1,1,355.0,31.727489639999995
98,323_CC_2,1,355.0,31.727489639999995
98,322_HYDRO_1,1,7.6,0.0
98,322_HYDRO_2,1,7.6,0.0
98,322_HYDRO_3,1,7.6,0.0
98,322_HYDRO_4,1,7.6,0.0
98,320_PV_1,1,0.0,0.0
98,314_PV_1,1,0.0,0.0
98,314_PV_2,1,0.0,0.0
98,313_PV_1,1,0.0,0.0
98,314_PV_3,1,0.0,0.0
98,314_PV_4,1,0.0,0.0
98,313_PV_2,1,0.0,0.0
98,310_PV_1,1,0.0,0.0
98,324_PV_1,1,0.0,0.0
98,312_PV_1,1,0.0,0.0
98,310_PV_2,1,0.0,0.0
98,324_PV_2,1,0.0,0.0
98,324_PV_3,1,0.0,0.0
98,319_PV_1,1,0.0,0.0
98,308_RTPV_1,1,0.0,0.0
98,313_RTPV_1,1,0.0,0.0
98,313_RTPV_2,1,0.0,0.0
98,313_RTPV_3,1,0.0,0.0
98,313_RTPV_4,1,0.0,0.0
98,313_RTPV_5,1,0.0,0.0
98,313_RTPV_6,1,0.0,0.0
98,313_RTPV_7,1,0.0,0.0
98,313_RTPV_8,1,0.0,0.0
98,313_RTPV_9,1,0.0,0.0
98,313_RTPV_10,1,0.0,0.0
98,313_RTPV_11,1,0.0,0.0
98,313_RTPV_12,1,0.0,0.0
98,320_RTPV_1,1,0.0,0.0
98,320_RTPV_2,1,0.0,0.0
98,320_RTPV_3,1,0.0,0.0
98,313_RTPV_13,1,0.0,0.0
98,320_RTPV_4,1,0.0,0.0
98,320_RTPV_5,1,0.0,0.0
98,320_RTPV_6,1,0.0,0.0
98,309_WIND_1,1,3.0,0.0
98,317_WIND_1,1,350.4,0.0
98,303_WIND_1,1,8.9,0.0
99,301_CT_1,1,20.0,105.3672414
99,301_CT_2,1,20.0,105.3672414
99,301_CT_3,1,55.0,43.742886659999996
99,301_CT_4,1,55.0,43.742886659999996
99,302_CT_1,1,20.0,105.3672414
99,302_CT_2,1,20.0,105.3672414
99,302_CT_3,1,55.0,38.635079579999996
99,302_CT_4,1,55.0,38.635079579999996
99,307_CT_1,1,55.0,35.47476972
99,307_CT_2,1,55.0,35.47476972
99,313_CC_1,1,355.0,33.75273126
99,315_STEAM_1,1,12.0,124.09965539999999
99,315_STEAM_2,1,12.0,124.09965539999999
99,315_STEAM_3,1,12.0,124.09965539999999
99,315_STEAM_4,1,12.0,124.09965539999999
99,315_STEAM_5,1,12.0,124.09965539999999
99,315_CT_6,1,55.0,31.8557679
99,315_CT_7,1,55.0,31.8557679
99,315_CT_8,1,55.0,31.8557679
99,316_STEAM_1,1,155.0,27.274698980000004
99,318_CC_1,1,355.0,31.529241419999998
99,321_CC_1,1,355.0,33.94709226
99,322_CT_5,1,55.0,27.89469072
99,322_CT_6,1,55.0,27.89469072
99,323_CC_1,1,355.0,31.727489639999995
99,323_CC_2,1,355.0,31.727489639999995
99,322_HYDRO_1,1,7.8,0.0
99,322_HYDRO_2,1,7.8,0.0
99,322_HYDRO_3,1,7.8,0.0
99,322_HYDRO_4,1,7.8,0.0
99,320_PV_1,1,0.0,0.0
99,314_PV_1,1,0.0,0.0
99,314_PV_2,1,0.0,0.0
99,313_PV_1,1,0.0,0.0
99,314_PV_3,1,0.0,0.0
99,314_PV_4,1,0.0,0.0
99,313_PV_2,1,0.0,0.0
99,310_PV_1,1,0.0,0.0
99,324_PV_1,1,0.0,0.0
99,312_PV_1,1,0.0,0.0
99,310_PV_2,1,0.0,0.0
99,324_PV_2,1,0.0,0.0
99,324_PV_3,1,0.0,0.0
99,319_PV_1,1,0.0,0.0
99,308_RTPV_1,1,0.0,0.0
99,313_RTPV_1,1,0.0,0.0
99,313_RTPV_2,1,0.0,0.0
99,313_RTPV_3,1,0.0,0.0
99,313_RTPV_4,1,0.0,0.0
99,313_RTPV_5,1,0.0,0.0
99,313_RTPV_6,1,0.0,0.0
99,313_RTPV_7,1,0.0,0.0
99,313_RTPV_8,1,0.0,0.0
99,313_RTPV_9,1,0.0,0.0
99,313_RTPV_10,1,0.0,0.0
99,313_RTPV_11,1,0.0,0.0
99,313_RTPV_12,1,0.0,0.0
99,320_RTPV_1,1,0.0,0.0
99,320_RTPV_2,1,0.0,0.0
99,320_RTPV_3,1,0.0,0.0
99,313_RTPV_13,1,0.0,0.0
99,320_RTPV_4,1,0.0,0.0
99,320_RTPV_5,1,0.0,0.0
99,320_RTPV_6,1,0.0,0.0
99,309_WIND_1,1,4.9,0.0
99,317_WIND_1,1,351.9,0.0
99,303_WIND_1,1,8.5,0.0
100,301_CT_1,1,20.0,105.3672414
100,301_CT_2,1,20.0,105.3672414
100,301_CT_3,1,55.0,43.742886659999996
100,301_CT_4,1,55.0,43.742886659999996
100,302_CT_1,1,20.0,105.3672414
100,302_CT_2,1,20.0,105.3672414
100,302_CT_3,1,55.0,38.635079579999996
100,302_CT_4,1,55.0,38.635079579999996
100,307_CT_1,1,55.0,35.47476972
100,307_CT_2,1,55.0,35.47476972
100,313_CC_1,1,355.0,33.75273126
100,315_STEAM_1,1,12.0,124.09965539999999
100,315_STEAM_2,1,12.0,124.09965539999999
100,315_STEAM_3,1,12.0,124.09965539999999
100,315_STEAM_4,1,12.0,124.09965539999999
100,315_STEAM_5,1,12.0,124.09965539999999
100,315_CT_6,1,55.0,31.8557679
100,315_CT_7,1,55.0,31.8557679
100,315_CT_8,1,55.0,31.8557679
100,316_STEAM_1,1,155.0,27.274698980000004
100,318_CC_1,1,355.0,31.529241419999998
100,321_CC_1,1,355.0,33.94709226
100,322_CT_5,1,55.0,27.89469072
100,322_CT_6,1,55.0,27.89469072
100,323_CC_1,1,355.0,31.727489639999995
100,323_CC_2,1,355.0,31.727489639999995
100,322_HYDRO_1,1,8.0,0.0
100,322_HYDRO_2,1,8.0,0.0
100,322_HYDRO_3,1,8.0,0.0
100,322_HYDRO_4,1,8.0,0.0
100,320_PV_1,1,0.0,0.0
100,314_PV_1,1,0.0,0.0
100,314_PV_2,1,0.0,0.0
100,313_PV_1,1,0.0,0.0
100,314_PV_3,1,0.0,0.0
100,314_PV_4,1,0.0,0.0
100,313_PV_2,1,0.0,0.0
100,310_PV_1,1,0.0,0.0
100,324_PV_1,1,0.0,0.0
100,312_PV_1,1,0.0,0.0
100,310_PV_2,1,0.0,0.0
100,324_PV_2,1,0.0,0.0
100,324_PV_3,1,0.0,0.0
100,319_PV_1,1,0.0,0.0
100,308_RTPV_1,1,0.0,0.0
100,313_RTPV_1,1,0.0,0.0
100,313_RTPV_2,1,0.0,0.0
100,313_RTPV_3,1,0.0,0.0
100,313_RTPV_4,1,0.0,0.0
100,313_RTPV_5,1,0.0,0.0
100,313_RTPV_6,1,0.0,0.0
100,313_RTPV_7,1,0.0,0.0
100,313_RTPV_8,1,0.0,0.0
100,313_RTPV_9,1,0.0,0.0
100,313_RTPV_10,1,0.0,0.0
100,313_RTPV_11,1,0.0,0.0
100,313_RTPV_12,1,0.0,0.0
100,320_RTPV_1,1,0.0,0.0
100,320_RTPV_2,1,0.0,0.0
100,320_RTPV_3,1,0.0,0.0
100,313_RTPV_13,1,0.0,0.0
100,320_RTPV_4,1,0.0,0.0
100,320_RTPV_5,1,0.0,0.0
100,320_RTPV_6,1,0.0,0.0
100,309_WIND_1,1,4.7,0.0
100,317_WIND_1,1,352.8,0.0
100,303_WIND_1,1,8.5,0.0
101,301_CT_1,1,20.0,105.3672414
101,301_CT_2,1,20.0,105.3672414
101,301_CT_3,1,55.0,43.742886659999996
101,301_CT_4,1,55.0,43.742886659999996
101,302_CT_1,1,20.0,105.3672414
101,302_CT_2,1,20.0,105.3672414
101,302_CT_3,1,55.0,38.635079579999996
101,302_CT_4,1,55.0,38.635079579999996
101,307_CT_1,1,55.0,35.47476972
101,307_CT_2,1,55.0,35.47476972
101,313_CC_1,1,355.0,33.75273126
101,315_STEAM_1,1,12.0,124.09965539999999
101,315_STEAM_2,1,12.0,124.09965539999999
101,315_STEAM_3,1,12.0,124.09965539999999
101,315_STEAM_4,1,12.0,124.09965539999999
101,315_STEAM_5,1,12.0,124.09965539999999
101,315_CT_6,1,55.0,31.8557679
101,315_CT_7,1,55.0,31.8557679
101,315_CT_8,1,55.0,31.8557679
101,316_STEAM_1,1,155.0,27.274698980000004
101,318_CC_1,1,355.0,31.529241419999998
101,321_CC_1,1,355.0,33.94709226
101,322_CT_5,1,55.0,27.89469072
101,322_CT_6,1,55.0,27.89469072
101,323_CC_1,1,355.0,31.727489639999995
101,323_CC_2,1,355.0,31.727489639999995
101,322_HYDRO_1,1,8.2,0.0
101,322_HYDRO_2,1,8.2,0.0
101,322_HYDRO_3,1,8.2,0.0
101,322_HYDRO_4,1,8.2,0.0
101,320_PV_1,1,0.0,0.0
101,314_PV_1,1,0.0,0.0
101,314_PV_2,1,0.0,0.0
101,313_PV_1,1,0.0,0.0
101,314_PV_3,1,0.0,0.0
101,314_PV_4,1,0.0,0.0
101,313_PV_2,1,0.0,0.0
101,310_PV_1,1,0.0,0.0
101,324_PV_1,1,0.0,0.0
101,312_PV_1,1,0.0,0.0
101,310_PV_2,1,0.0,0.0
101,324_PV_2,1,0.0,0.0
101,324_PV_3,1,0.0,0.0
101,319_PV_1,1,0.0,0.0
101,308_RTPV_1,1,0.0,0.0
101,313_RTPV_1,1,0.0,0.0
101,313_RTPV_2,1,0.0,0.0
101,313_RTPV_3,1,0.0,0.0
101,313_RTPV_4,1,0.0,0.0
101,313_RTPV_5,1,0.0,0.0
101,313_RTPV_6,1,0.0,0.0
101,313_RTPV_7,1,0.0,0.0
101,313_RTPV_8,1,0.0,0.0
101,313_RTPV_9,1,0.0,0.0
101,313_RTPV_10,1,0.0,0.0
101,313_RTPV_11,1,0.0,0.0
101,313_RTPV_12,1,0.0,0.0
101,320_RTPV_1,1,0.0,0.0
101,320_RTPV_2,1,0.0,0.0
101,320_RTPV_3,1,0.0,0.0
101,313_RTPV_13,1,0.0,0.0
101,320_RTPV_4,1,0.0,0.0
101,320_RTPV_5,1,0.0,0.0
101,320_RTPV_6,1,0.0,0.0
101,309_WIND_1,1,3.3,0.0
101,317_WIND_1,1,346.6,0.0
101,303_WIND_1,1,9.0,0.0
102,301_CT_1,1,20.0,105.3672414
102,301_CT_2,1,20.0,105.3672414
102,301_CT_3,1,55.0,43.742886659999996
102,301_CT_4,1,55.0,43.742886659999996
102,302_CT_1,1,20.0,105.3672414
102,302_CT_2,1,20.0,105.3672414
102,302_CT_3,1,55.0,38.635079579999996
102,302_CT_4,1,55.0,38.635079579999996
102,307_CT_1,1,55.0,35.47476972
102,307_CT_2,1,55.0,35.47476972
102,313_CC_1,1,355.0,33.75273126
102,315_STEAM_1,1,12.0,124.09965539999999
102,315_STEAM_2,1,12.0,124.09965539999999
102,315_STEAM_3,1,12.0,124.09965539999999
102,315_STEAM_4,1,12.0,124.09965539999999
102,315_STEAM_5,1,12.0,124.09965539999999
102,315_CT_6,1,55.0,31.8557679
102,315_CT_7,1,55.0,31.8557679
102,315_CT_8,1,55.0,31.8557679
102,316_STEAM_1,1,155.0,27.274698980000004
102,318_CC_1,1,355.0,31.529241419999998
102,321_CC_1,1,355.0,33.94709226
102,322_CT_5,1,55.0,27.89469072
102,322_CT_6,1,55.0,27.89469072
102,323_CC_1,1,355.0,31.727489639999995
102,323_CC_2,1,355.0,31.727489639999995
102,322_HYDRO_1,1,8.4,0.0
102,322_HYDRO_2,1,8.4,0.0
102,322_HYDRO_3,1,8.4,0.0
102,322_HYDRO_4,1,8.4,0.0
102,320_PV_1,1,0.0,0.0
102,314_PV_1,1,0.0,0.0
102,314_PV_2,1,0.0,0.0
102,313_PV_1,1,0.0,0.0
102,314_PV_3,1,0.0,0.0
102,314_PV_4,1,0.0,0.0
102,313_PV_2,1,0.0,0.0
102,310_PV_1,1,0.0,0.0
102,324_PV_1,1,0.0,0.0
102,312_PV_1,1,0.0,0.0
102,310_PV_2,1,0.0,0.0
102,324_PV_2,1,0.0,0.0
102,324_PV_3,1,0.0,0.0
102,319_PV_1,1,0.0,0.0
102,308_RTPV_1,1,0.0,0.0
102,313_RTPV_1,1,0.0,0.0
102,313_RTPV_2,1,0.0,0.0
102,313_RTPV_3,1,0.0,0.0
102,313_RTPV_4,1,0.0,0.0
102,313_RTPV_5,1,0.0,0.0
102,313_RTPV_6,1,0.0,0.0
102,313_RTPV_7,1,0.0,0.0
102,313_RTPV_8,1,0.0,0.0
102,313_RTPV_9,1,0.0,0.0
102,313_RTPV_10,1,0.0,0.0
102,313_RTPV_11,1,0.0,0.0
102,313_RTPV_12,1,0.0,0.0
102,320_RTPV_1,1,0.0,0.0
102,320_RTPV_2,1,0.0,0.0
102,320_RTPV_3,1,0.0,0.0
102,313_RTPV_13,1,0.0,0.0
102,320_RTPV_4,1,0.0,0.0
102,320_RTPV_5,1,0.0,0.0
102,320_RTPV_6,1,0.0,0.0
102,309_WIND_1,1,2.2,0.0
102,317_WIND_1,1,342.4,0.0
102,303_WIND_1,1,11.0,0.0
103,301_CT_1,1,20.0,105.3672414
103,301_CT_2,1,20.0,105.3672414
103,301_CT_3,1,55.0,43.742886659999996
103,301_CT_4,1,55.0,43.742886659999996
103,302_CT_1,1,20.0,105.3672414
103,302_CT_2,1,20.0,105.3672414
103,302_CT_3,1,55.0,38.635079579999996
103,302_CT_4,1,55.0,38.635079579999996
103,307_CT_1,1,55.0,35.47476972
103,307_CT_2,1,55.0,35.47476972
103,313_CC_1,1,355.0,33.75273126
103,315_STEAM_1,1,12.0,124.09965539999999
103,315_STEAM_2,1,12.0,124.09965539999999
103,315_STEAM_3,1,12.0,124.09965539999999
103,315_STEAM_4,1,12.0,124.09965539999999
103,315_STEAM_5,1,12.0,124.09965539999999
103,315_CT_6,1,55.0,31.8557679
103,315_CT_7,1,55.0,31.8557679
103,315_CT_8,1,55.0,31.8557679
103,316_STEAM_1,1,155.0,27.274698980000004
103,318_CC_1,1,355.0,31.529241419999998
103,321_CC_1,1,355.0,33.94709226
103,322_CT_5,1,55.0,27.89469072
103,322_CT_6,1,55.0,27.89469072
103,323_CC_1,1,355.0,31.727489639999995
103,323_CC_2,1,355.0,31.727489639999995
103,322_HYDRO_1,1,8.6,0.0
103,322_HYDRO_2,1,8.6,0.0
103,322_HYDRO_3,1,8.6,0.0
103,322_HYDRO_4,1,8.6,0.0
103,320_PV_1,1,0.0,0.0
103,314_PV_1,1,0.0,0.0
103,314_PV_2,1,0.0,0.0
103,313_PV_1,1,0.0,0.0
103,314_PV_3,1,0.0,0.0
103,314_PV_4,1,0.0,0.0
103,313_PV_2,1,0.0,0.0
103,310_PV_1,1,0.0,0.0
103,324_PV_1,1,0.0,0.0
103,312_PV_1,1,0.0,0.0
103,310_PV_2,1,0.0,0.0
103,324_PV_2,1,0.0,0.0
103,324_PV_3,1,0.0,0.0
103,319_PV_1,1,0.0,0.0
103,308_RTPV_1,1,0.0,0.0
103,313_RTPV_1,1,0.0,0.0
103,313_RTPV_2,1,0.0,0.0
103,313_RTPV_3,1,0.0,0.0
103,313_RTPV_4,1,0.0,0.0
103,313_RTPV_5,1,0.0,0.0
103,313_RTPV_6,1,0.0,0.0
103,313_RTPV_7,1,0.0,0.0
103,313_RTPV_8,1,0.0,0.0
103,313_RTPV_9,1,0.0,0.0
103,313_RTPV_10,1,0.0,0.0
103,313_RTPV_11,1,0.0,0.0
103,313_RTPV_12,1,0.0,0.0
103,320_RTPV_1,1,0.0,0.0
103,320_RTPV_2,1,0.0,0.0
103,320_RTPV_3,1,0.0,0.0
103,313_RTPV_13,1,0.0,0.0
103,320_RTPV_4,1,0.0,0.0
103,320_RTPV_5,1,0.0,0.0
103,320_RTPV_6,1,0.0,0.0
103,309_WIND_1,1,3.2,0.0
103,317_WIND_1,1,337.1,0.0
103,303_WIND_1,1,8.8,0.0
104,301_CT_1,1,20.0,105.3672414
104,301_CT_2,1,20.0,105.3672414
104,301_CT_3,1,55.0,43.742886659999996
104,301_CT_4,1,55.0,43.742886659999996
104,302_CT_1,1,20.0,105.3672414
104,302_CT_2,1,20.0,105.3672414
104,302_CT_3,1,55.0,38.635079579999996
104,302_CT_4,1,55.0,38.635079579999996
104,307_CT_1,1,55.0,35.47476972
104,307_CT_2,1,55.0,35.47476972
104,313_CC_1,1,355.0,33.75273126
104,315_STEAM_1,1,12.0,124.09965539999999
104,315_STEAM_2,1,12.0,124.09965539999999
104,315_STEAM_3,1,12.0,124.09965539999999
104,315_STEAM_4,1,12.0,124.09965539999999
104,315_STEAM_5,1,12.0,124.09965539999999
104,315_CT_6,1,55.0,31.8557679
104,315_CT_7,1,55.0,31.8557679
104,315_CT_8,1,55.0,31.8557679
104,316_STEAM_1,1,155.0,27.274698980000004
104,318_CC_1,1,355.0,31.529241419999998
104,321_CC_1,1,355.0,33.94709226
104,322_CT_5,1,55.0,27.89469072
104,322_CT_6,1,55.0,27.89469072
104,323_CC_1,1,355.0,31.727489639999995
104,323_CC_2,1,355.0,31.727489639999995
104,322_HYDRO_1,1,8.8,0.0
104,322_HYDRO_2,1,8.8,0.0
104,322_HYDRO_3,1,8.8,0.0
104,322_HYDRO_4,1,8.8,0.0
104,320_PV_1,1,0.0,0.0
104,314_PV_1,1,0.0,0.0
104,314_PV_2,1,0.0,0.0
104,313_PV_1,1,0.0,0.0
104,314_PV_3,1,0.0,0.0
104,314_PV_4,1,0.0,0.0
104,313_PV_2,1,0.0,0.0
104,310_PV_1,1,0.0,0.0
104,324_PV_1,1,0.0,0.0
104,312_PV_1,1,0.0,0.0
104,310_PV_2,1,0.0,0.0
104,324_PV_2,1,0.0,0.0
104,324_PV_3,1,0.0,0.0
104,319_PV_1,1,0.0,0.0
104,308_RTPV_1,1,0.0,0.0
104,313_RTPV_1,1,0.0,0.0
104,313_RTPV_2,1,0.0,0.0
104,313_RTPV_3,1,0.0,0.0
104,313_RTPV_4,1,0.0,0.0
104,313_RTPV_5,1,0.0,0.0
104,313_RTPV_6,1,0.0,0.0
104,313_RTPV_7,1,0.0,0.0
104,313_RTPV_8,1,0.0,0.0
104,313_RTPV_9,1,0.0,0.0
104,313_RTPV_10,1,0.0,0.0
104,313_RTPV_11,1,0.0,0.0
104,313_RTPV_12,1,0.0,0.0
104,320_RTPV_1,1,0.0,0.0
104,320_RTPV_2,1,0.0,0.0
104,320_RTPV_3,1,0.0,0.0
104,313_RTPV_13,1,0.0,0.0
104,320_RTPV_4,1,0.0,0.0
104,320_RTPV_5,1,0.0,0.0
104,320_RTPV_6,1,0.0,0.0
104,309_WIND_1,1,2.7,0.0
104,317_WIND_1,1,333.3,0.0
104,303_WIND_1,1,8.0,0.0
105,301_CT_1,1,20.0,105.3672414
105,301_CT_2,1,20.0,105.3672414
105,301_CT_3,1,55.0,43.742886659999996
105,301_CT_4,1,55.0,43.742886659999996
105,302_CT_1,1,20.0,105.3672414
105,302_CT_2,1,20.0,105.3672414
105,302_CT_3,1,55.0,38.635079579999996
105,302_CT_4,1,55.0,38.635079579999996
105,307_CT_1,1,55.0,35.47476972
105,307_CT_2,1,55.0,35.47476972
105,313_CC_1,1,355.0,33.75273126
105,315_STEAM_1,1,12.0,124.09965539999999
105,315_STEAM_2,1,12.0,124.09965539999999
105,315_STEAM_3,1,12.0,124.09965539999999
105,315_STEAM_4,1,12.0,124.09965539999999
105,315_STEAM_5,1,12.0,124.09965539999999
105,315_CT_6,1,55.0,31.8557679
105,315_CT_7,1,55.0,31.8557679
105,315_CT_8,1,55.0,31.8557679
105,316_STEAM_1,1,155.0,27.274698980000004
105,318_CC_1,1,355.0,31.529241419999998
105,321_CC_1,1,355.0,33.94709226
105,322_CT_5,1,55.0,27.89469072
105,322_CT_6,1,55.0,27.89469072
105,323_CC_1,1,355.0,31.727489639999995
105,323_CC_2,1,355.0,31.727489639999995
105,322_HYDRO_1,1,9.0,0.0
105,322_HYDRO_2,1,9.0,0.0
105,322_HYDRO_3,1,9.0,0.0
105,322_HYDRO_4,1,9.0,0.0
105,320_PV_1,1,0.0,0.0
105,314_PV_1,1,0.0,0.0
105,314_PV_2,1,0.0,0.0
105,313_PV_1,1,0.0,0.0
105,314_PV_3,1,0.0,0.0
105,314_PV_4,1,0.0,0.0
105,313_PV_2,1,0.0,0.0
105,310_PV_1,1,0.0,0.0
105,324_PV_1,1,0.0,0.0
105,312_PV_1,1,0.0,0.0
105,310_PV_2,1,0.0,0.0
105,324_PV_2,1,0.0,0.0
105,324_PV_3,1,0.0,0.0
105,319_PV_1,1,0.0,0.0
105,308_RTPV_1,1,0.0,0.0
105,313_RTPV_1,1,0.0,0.0
105,313_RTPV_2,1,0.0,0.0
105,313_RTPV_3,1,0.0,0.0
105,313_RTPV_4,1,0.0,0.0
105,313_RTPV_5,1,0.0,0.0
105,313_RTPV_6,1,0.0,0.0
105,313_RTPV_7,1,0.0,0.0
105,313_RTPV_8,1,0.0,0.0
105,313_RTPV_9,1,0.0,0.0
105,313_RTPV_10,1,0.0,0.0
105,313_RTPV_11,1,0.0,0.0
105,313_RTPV_12,1,0.0,0.0
105,320_RTPV_1,1,0.0,0.0
105,320_RTPV_2,1,0.0,0.0
105,320_RTPV_3,1,0.0,0.0
105,313_RTPV_13,1,0.0,0.0
105,320_RTPV_4,1,0.0,0.0
105,320_RTPV_5,1,0.0,0.0
105,320_RTPV_6,1,0.0,0.0
105,309_WIND_1,1,2.5,0.0
105,317_WIND_1,1,335.3,0.0
105,303_WIND_1,1,9.3,0.0
106,301_CT_1,1,20.0,105.3672414
106,301_CT_2,1,20.0,105.3672414
106,301_CT_3,1,55.0,43.742886659999996
106,301_CT_4,1,55.0,43.742886659999996
106,302_CT_1,1,20.0,105.3672414
106,302_CT_2,1,20.0,105.3672414
106,302_CT_3,1,55.0,38.635079579999996
106,302_CT_4,1,55.0,38.635079579999996
106,307_CT_1,1,55.0,35.47476972
106,307_CT_2,1,55.0,35.47476972
106,313_CC_1,1,355.0,33.75273126
106,315_STEAM_1,1,12.0,124.09965539999999
106,315_STEAM_2,1,12.0,124.09965539999999
106,315_STEAM_3,1,12.0,124.09965539999999
106,315_STEAM_4,1,12.0,124.09965539999999
106,315_STEAM_5,1,12.0,124.09965539999999
106,315_CT_6,1,55.0,31.8557679
106,315_CT_7,1,55.0,31.8557679
106,315_CT_8,1,55.0,31.8557679
106,316_STEAM_1,1,155.0,27.274698980000004
106,318_CC_1,1,355.0,31.529241419999998
106,321_CC_1,1,355.0,33.94709226
106,322_CT_5,1,55.0,27.89469072
106,322_CT_6,1,55.0,27.89469072
106,323_CC_1,1,355.0,31.727489639999995
106,323_CC_2,1,355.0,31.727489639999995
106,322_HYDRO_1,1,9.2,0.0
106,322_HYDRO_2,1,9.2,0.0
106,322_HYDRO_3,1,9.2,0.0
106,322_HYDRO_4,1,9.2,0.0
106,320_PV_1,1,0.0,0.0
106,314_PV_1,1,0.0,0.0
106,314_PV_2,1,0.0,0.0
106,313_PV_1,1,0.0,0.0
106,314_PV_3,1,0.0,0.0
106,314_PV_4,1,0.0,0.0
106,313_PV_2,1,0.0,0.0
106,310_PV_1,1,0.0,0.0
106,324_PV_1,1,0.0,0.0
106,312_PV_1,1,0.0,0.0
106,310_PV_2,1,0.0,0.0
106,324_PV_2,1,0.0,0.0
106,324_PV_3,1,0.0,0.0
106,319_PV_1,1,0.0,0.0
106,308_RTPV_1,1,0.0,0.0
106,313_RTPV_1,1,0.0,0.0
106,313_RTPV_2,1,0.0,0.0
106,313_RTPV_3,1,0.0,0.0
106,313_RTPV_4,1,0.0,0.0
106,313_RTPV_5,1,0.0,0.0
106,313_RTPV_6,1,0.0,0.0
106,313_RTPV_7,1,0.0,0.0
106,313_RTPV_8,1,0.0,0.0
106,313_RTPV_9,1,0.0,0.0
106,313_RTPV_10,1,0.0,0.0
106,313_RTPV_11,1,0.0,0.0
106,313_RTPV_12,1,0.0,0.0
106,320_RTPV_1,1,0.0,0.0
106,320_RTPV_2,1,0.0,0.0
106,320_RTPV_3,1,0.0,0.0
106,313_RTPV_13,1,0.0,0.0
106,320_RTPV_4,1,0.0,0.0
106,320_RTPV_5,1,0.0,0.0
106,320_RTPV_6,1,0.0,0.0
106,309_WIND_1,1,2.2,0.0
106,317_WIND_1,1,341.4,0.0
106,303_WIND_1,1,8.8,0.0
107,301_CT_1,1,20.0,105.3672414
107,301_CT_2,1,20.0,105.3672414
107,301_CT_3,1,55.0,43.742886659999996
107,301_CT_4,1,55.0,43.742886659999996
107,302_CT_1,1,20.0,105.3672414
107,302_CT_2,1,20.0,105.3672414
107,302_CT_3,1,55.0,38.635079579999996
107,302_CT_4,1,55.0,38.635079579999996
107,307_CT_1,1,55.0,35.47476972
107,307_CT_2,1,55.0,35.47476972
107,313_CC_1,1,355.0,33.75273126
107,315_STEAM_1,1,12.0,124.09965539999999
107,315_STEAM_2,1,12.0,124.09965539999999
107,315_STEAM_3,1,12.0,124.09965539999999
107,315_STEAM_4,1,12.0,124.09965539999999
107,315_STEAM_5,1,12.0,124.09965539999999
107,315_CT_6,1,55.0,31.8557679
107,315_CT_7,1,55.0,31.8557679
107,315_CT_8,1,55.0,31.8557679
107,316_STEAM_1,1,155.0,27.274698980000004
107,318_CC_1,1,355.0,31.529241419999998
107,321_CC_1,1,355.0,33.94709226
107,322_CT_5,1,55.0,27.89469072
107,322_CT_6,1,55.0,27.89469072
107,323_CC_1,1,355.0,31.727489639999995
107,323_CC_2,1,355.0,31.727489639999995
107,322_HYDRO_1,1,9.4,0.0
107,322_HYDRO_2,1,9.4,0.0
107,322_HYDRO_3,1,9.4,0.0
107,322_HYDRO_4,1,9.4,0.0
107,320_PV_1,1,0.0,0.0
107,314_PV_1,1,0.0,0.0
107,314_PV_2,1,0.0,0.0
107,313_PV_1,1,0.0,0.0
107,314_PV_3,1,0.0,0.0
107,314_PV_4,1,0.0,0.0
107,313_PV_2,1,0.0,0.0
107,310_PV_1,1,0.0,0.0
107,324_PV_1,1,0.0,0.0
107,312_PV_1,1,0.0,0.0
107,310_PV_2,1,0.0,0.0
107,324_PV_2,1,0.0,0.0
107,324_PV_3,1,0.0,0.0
107,319_PV_1,1,0.0,0.0
107,308_RTPV_1,1,0.0,0.0
107,313_RTPV_1,1,0.0,0.0
107,313_RTPV_2,1,0.0,0.0
107,313_RTPV_3,1,0.0,0.0
107,313_RTPV_4,1,0.0,0.0
107,313_RTPV_5,1,0.0,0.0
107,313_RTPV_6,1,0.0,0.0
107,313_RTPV_7,1,0.0,0.0
107,313_RTPV_8,1,0.0,0.0
107,313_RTPV_9,1,0.0,0.0
107,313_RTPV_10,1,0.0,0.0
107,313_RTPV_11,1,0.0,0.0
107,313_RTPV_12,1,0.0,0.0
107,320_RTPV_1,1,0.0,0.0
107,320_RTPV_2,1,0.0,0.0
107,320_RTPV_3,1,0.0,0.0
107,313_RTPV_13,1,0.0,0.0
107,320_RTPV_4,1,0.0,0.0
107,320_RTPV_5,1,0.0,0.0
107,320_RTPV_6,1,0.0,0.0
107,309_WIND_1,1,1.8,0.0
107,317_WIND_1,1,341.6,0.0
107,303_WIND_1,1,12.9,0.0
108,301_CT_1,1,20.0,105.3672414
108,301_CT_2,1,20.0,105.3672414
108,301_CT_3,1,55.0,43.742886659999996
108,301_CT_4,1,55.0,43.742886659999996
108,302_CT_1,1,20.0,105.3672414
108,302_CT_2,1,20.0,105.3672414
108,302_CT_3,1,55.0,38.635079579999996
108,302_CT_4,1,55.0,38.635079579999996
108,307_CT_1,1,55.0,35.47476972
108,307_CT_2,1,55.0,35.47476972
108,313_CC_1,1,355.0,33.75273126
108,315_STEAM_1,1,12.0,124.09965539999999
108,315_STEAM_2,1,12.0,124.09965539999999
108,315_STEAM_3,1,12.0,124.09965539999999
108,315_STEAM_4,1,12.0,124.09965539999999
108,315_STEAM_5,1,12.0,124.09965539999999
108,315_CT_6,1,55.0,31.8557679
108,315_CT_7,1,55.0,31.8557679
108,315_CT_8,1,55.0,31.8557679
108,316_STEAM_1,1,155.0,27.274698980000004
108,318_CC_1,1,355.0,31.529241419999998
108,321_CC_1,1,355.0,33.94709226
108,322_CT_5,1,55.0,27.89469072
108,322_CT_6,1,55.0,27.89469072
108,323_CC_1,1,355.0,31.727489639999995
108,323_CC_2,1,355.0,31.727489639999995
108,322_HYDRO_1,1,9.6,0.0
108,322_HYDRO_2,1,9.6,0.0
108,322_HYDRO_3,1,9.6,0.0
108,322_HYDRO_4,1,9.6,0.0
108,320_PV_1,1,0.0,0.0
108,314_PV_1,1,0.0,0.0
108,314_PV_2,1,0.0,0.0
108,313_PV_1,1,0.0,0.0
108,314_PV_3,1,0.0,0.0
108,314_PV_4,1,0.0,0.0
108,313_PV_2,1,0.0,0.0
108,310_PV_1,1,0.0,0.0
108,324_PV_1,1,0.0,0.0
108,312_PV_1,1,0.0,0.0
108,310_PV_2,1,0.0,0.0
108,324_PV_2,1,0.0,0.0
108,324_PV_3,1,0.0,0.0
108,319_PV_1,1,0.0,0.0
108,308_RTPV_1,1,0.0,0.0
108,313_RTPV_1,1,0.0,0.0
108,313_RTPV_2,1,0.0,0.0
108,313_RTPV_3,1,0.0,0.0
108,313_RTPV_4,1,0.0,0.0
108,313_RTPV_5,1,0.0,0.0
108,313_RTPV_6,1,0.0,0.0
108,313_RTPV_7,1,0.0,0.0
108,313_RTPV_8,1,0.0,0.0
108,313_RTPV_9,1,0.0,0.0
108,313_RTPV_10,1,0.0,0.0
108,313_RTPV_11,1,0.0,0.0
108,313_RTPV_12,1,0.0,0.0
108,320_RTPV_1,1,0.0,0.0
108,320_RTPV_2,1,0.0,0.0
108,320_RTPV_3,1,0.0,0.0
108,313_RTPV_13,1,0.0,0.0
108,320_RTPV_4,1,0.0,0.0
108,320_RTPV_5,1,0.0,0.0
108,320_RTPV_6,1,0.0,0.0
108,309_WIND_1,1,4.4,0.0
108,317_WIND_1,1,338.0,0.0
108,303_WIND_1,1,9.6,0.0
109,301_CT_1,1,20.0,105.3672414
109,301_CT_2,1,20.0,105.3672414
109,301_CT_3,1,55.0,43.742886659999996
109,301_CT_4,1,55.0,43.742886659999996
109,302_CT_1,1,20.0,105.3672414
109,302_CT_2,1,20.0,105.3672414
109,302_CT_3,1,55.0,38.635079579999996
109,302_CT_4,1,55.0,38.635079579999996
109,307_CT_1,1,55.0,35.47476972
109,307_CT_2,1,55.0,35.47476972
109,313_CC_1,1,355.0,33.75273126
109,315_STEAM_1,1,12.0,124.09965539999999
109,315_STEAM_2,1,12.0,124.09965539999999
109,315_STEAM_3,1,12.0,124.09965539999999
109,315_STEAM_4,1,12.0,124.09965539999999
109,315_STEAM_5,1,12.0,124.09965539999999
109,315_CT_6,1,55.0,31.8557679
109,315_CT_7,1,55.0,31.8557679
109,315_CT_8,1,55.0,31.8557679
109,316_STEAM_1,1,155.0,27.274698980000004
109,318_CC_1,1,355.0,31.529241419999998
109,321_CC_1,1,355.0,33.94709226
109,322_CT_5,1,55.0,27.89469072
109,322_CT_6,1,55.0,27.89469072
109,323_CC_1,1,355.0,31.727489639999995
109,323_CC_2,1,355.0,31.727489639999995
109,322_HYDRO_1,1,9.717,0.0
109,322_HYDRO_2,1,9.717,0.0
109,322_HYDRO_3,1,9.717,0.0
109,322_HYDRO_4,1,9.717,0.0
109,320_PV_1,1,0.0,0.0
109,314_PV_1,1,0.0,0.0
109,314_PV_2,1,0.0,0.0
109,313_PV_1,1,0.0,0.0
109,314_PV_3,1,0.0,0.0
109,314_PV_4,1,0.0,0.0
109,313_PV_2,1,0.0,0.0
109,310_PV_1,1,0.0,0.0
109,324_PV_1,1,0.0,0.0
109,312_PV_1,1,0.0,0.0
109,310_PV_2,1,0.0,0.0
109,324_PV_2,1,0.0,0.0
109,324_PV_3,1,0.0,0.0
109,319_PV_1,1,0.0,0.0
109,308_RTPV_1,1,0.0,0.0
109,313_RTPV_1,1,0.0,0.0
109,313_RTPV_2,1,0.0,0.0
109,313_RTPV_3,1,0.0,0.0
109,313_RTPV_4,1,0.0,0.0
109,313_RTPV_5,1,0.0,0.0
109,313_RTPV_6,1,0.0,0.0
109,313_RTPV_7,1,0.0,0.0
109,313_RTPV_8,1,0.0,0.0
109,313_RTPV_9,1,0.0,0.0
109,313_RTPV_10,1,0.0,0.0
109,313_RTPV_11,1,0.0,0.0
109,313_RTPV_12,1,0.0,0.0
109,320_RTPV_1,1,0.0,0.0
109,320_RTPV_2,1,0.0,0.0
109,320_RTPV_3,1,0.0,0.0
109,313_RTPV_13,1,0.0,0.0
109,320_RTPV_4,1,0.0,0.0
109,320_RTPV_5,1,0.0,0.0
109,320_RTPV_6,1,0.0,0.0
109,309_WIND_1,1,4.3,0.0
109,317_WIND_1,1,333.3,0.0
109,303_WIND_1,1,12.0,0.0
110,301_CT_1,1,20.0,105.3672414
110,301_CT_2,1,20.0,105.3672414
110,301_CT_3,1,55.0,43.742886659999996
110,301_CT_4,1,55.0,43.742886659999996
110,302_CT_1,1,20.0,105.3672414
110,302_CT_2,1,20.0,105.3672414
110,302_CT_3,1,55.0,38.635079579999996
110,302_CT_4,1,55.0,38.635079579999996
110,307_CT_1,1,55.0,35.47476972
110,307_CT_2,1,55.0,35.47476972
110,313_CC_1,1,355.0,33.75273126
110,315_STEAM_1,1,12.0,124.09965539999999
110,315_STEAM_2,1,12.0,124.09965539999999
110,315_STEAM_3,1,12.0,124.09965539999999
110,315_STEAM_4,1,12.0,124.09965539999999
110,315_STEAM_5,1,12.0,124.09965539999999
110,315_CT_6,1,55.0,31.8557679
110,315_CT_7,1,55.0,31.8557679
110,315_CT_8,1,55.0,31.8557679
110,316_STEAM_1,1,155.0,27.274698980000004
110,318_CC_1,1,355.0,31.529241419999998
110,321_CC_1,1,355.0,33.94709226
110,322_CT_5,1,55.0,27.89469072
110,322_CT_6,1,55.0,27.89469072
110,323_CC_1,1,355.0,31.727489639999995
110,323_CC_2,1,355.0,31.727489639999995
110,322_HYDRO_1,1,9.833,0.0
110,322_HYDRO_2,1,9.833,0.0
110,322_HYDRO_3,1,9.833,0.0
110,322_HYDRO_4,1,9.833,0.0
110,320_PV_1,1,0.0,0.0
110,314_PV_1,1,0.0,0.0
110,314_PV_2,1,0.0,0.0
110,313_PV_1,1,0.0,0.0
110,314_PV_3,1,0.0,0.0
110,314_PV_4,1,0.0,0.0
110,313_PV_2,1,0.0,0.0
110,310_PV_1,1,0.0,0.0
110,324_PV_1,1,0.0,0.0
110,312_PV_1,1,0.0,0.0
110,310_PV_2,1,0.0,0.0
110,324_PV_2,1,0.0,0.0
110,324_PV_3,1,0.0,0.0
110,319_PV_1,1,0.0,0.0
110,308_RTPV_1,1,0.0,0.0
110,313_RTPV_1,1,0.0,0.0
110,313_RTPV_2,1,0.0,0.0
110,313_RTPV_3,1,0.0,0.0
110,313_RTPV_4,1,0.0,0.0
110,313_RTPV_5,1,0.0,0.0
110,313_RTPV_6,1,0.0,0.0
110,313_RTPV_7,1,0.0,0.0
110,313_RTPV_8,1,0.0,0.0
110,313_RTPV_9,1,0.0,0.0
110,313_RTPV_10,1,0.0,0.0
110,313_RTPV_11,1,0.0,0.0
110,313_RTPV_12,1,0.0,0.0
110,320_RTPV_1,1,0.0,0.0
110,320_RTPV_2,1,0.0,0.0
110,320_RTPV_3,1,0.0,0.0
110,313_RTPV_13,1,0.0,0.0
110,320_RTPV_4,1,0.0,0.0
110,320_RTPV_5,1,0.0,0.0
110,320_RTPV_6,1,0.0,0.0
110,309_WIND_1,1,2.1,0.0
110,317_WIND_1,1,329.2,0.0
110,303_WIND_1,1,10.3,0.0
111,301_CT_1,1,20.0,105.3672414
111,301_CT_2,1,20.0,105.3672414
111,301_CT_3,1,55.0,43.742886659999996
111,301_CT_4,1,55.0,43.742886659999996
111,302_CT_1,1,20.0,105.3672414
111,302_CT_2,1,20.0,105.3672414
111,302_CT_3,1,55.0,38.635079579999996
111,302_CT_4,1,55.0,38.635079579999996
111,307_CT_1,1,55.0,35.47476972
111,307_CT_2,1,55.0,35.47476972
111,313_CC_1,1,355.0,33.75273126
111,315_STEAM_1,1,12.0,124.09965539999999
111,315_STEAM_2,1,12.0,124.09965539999999
111,315_STEAM_3,1,12.0,124.09965539999999
111,315_STEAM_4,1,12.0,124.09965539999999
111,315_STEAM_5,1,12.0,124.09965539999999
111,315_CT_6,1,55.0,31.8557679
111,315_CT_7,1,55.0,31.8557679
111,315_CT_8,1,55.0,31.8557679
111,316_STEAM_1,1,155.0,27.274698980000004
111,318_CC_1,1,355.0,31.529241419999998
111,321_CC_1,1,355.0,33.94709226
111,322_CT_5,1,55.0,27.89469072
111,322_CT_6,1,55.0,27.89469072
111,323_CC_1,1,355.0,31.727489639999995
111,323_CC_2,1,355.0,31.727489639999995
111,322_HYDRO_1,1,9.95,0.0
111,322_HYDRO_2,1,9.95,0.0
111,322_HYDRO_3,1,9.95,0.0
111,322_HYDRO_4,1,9.95,0.0
111,320_PV_1,1,0.0,0.0
111,314_PV_1,1,0.0,0.0
111,314_PV_2,1,0.0,0.0
111,313_PV_1,1,0.0,0.0
111,314_PV_3,1,0.0,0.0
111,314_PV_4,1,0.0,0.0
111,313_PV_2,1,0.0,0.0
111,310_PV_1,1,0.0,0.0
111,324_PV_1,1,0.0,0.0
111,312_PV_1,1,0.0,0.0
111,310_PV_2,1,0.0,0.0
111,324_PV_2,1,0.0,0.0
111,324_PV_3,1,0.0,0.0
111,319_PV_1,1,0.0,0.0
111,308_RTPV_1,1,0.0,0.0
111,313_RTPV_1,1,0.0,0.0
111,313_RTPV_2,1,0.0,0.0
111,313_RTPV_3,1,0.0,0.0
111,313_RTPV_4,1,0.0,0.0
111,313_RTPV_5,1,0.0,0.0
111,313_RTPV_6,1,0.0,0.0
111,313_RTPV_7,1,0.0,0.0
111,313_RTPV_8,1,0.0,0.0
111,313_RTPV_9,1,0.0,0.0
111,313_RTPV_10,1,0.0,0.0
111,313_RTPV_11,1,0.0,0.0
111,313_RTPV_12,1,0.0,0.0
111,320_RTPV_1,1,0.0,0.0
111,320_RTPV_2,1,0.0,0.0
111,320_RTPV_3,1,0.0,0.0
111,313_RTPV_13,1,0.0,0.0
111,320_RTPV_4,1,0.0,0.0
111,320_RTPV_5,1,0.0,0.0
111,320_RTPV_6,1,0.0,0.0
111,309_WIND_1,1,2.2,0.0
111,317_WIND_1,1,328.1,0.0
111,303_WIND_1,1,9.0,0.0
112,301_CT_1,1,20.0,105.3672414
112,301_CT_2,1,20.0,105.3672414
112,301_CT_3,1,55.0,43.742886659999996
112,301_CT_4,1,55.0,43.742886659999996
112,302_CT_1,1,20.0,105.3672414
112,302_CT_2,1,20.0,105.3672414
112,302_CT_3,1,55.0,38.635079579999996
112,302_CT_4,1,55.0,38.635079579999996
112,307_CT_1,1,55.0,35.47476972
112,307_CT_2,1,55.0,35.47476972
112,313_CC_1,1,355.0,33.75273126
112,315_STEAM_1,1,12.0,124.09965539999999
112,315_STEAM_2,1,12.0,124.09965539999999
112,315_STEAM_3,1,12.0,124.09965539999999
112,315_STEAM_4,1,12.0,124.09965539999999
112,315_STEAM_5,1,12.0,124.09965539999999
112,315_CT_6,1,55.0,31.8557679
112,315_CT_7,1,55.0,31.8557679
112,315_CT_8,1,55.0,31.8557679
112,316_STEAM_1,1,155.0,27.274698980000004
112,318_CC_1,1,355.0,31.529241419999998
112,321_CC_1,1,355.0,33.94709226
112,322_CT_5,1,55.0,27.89469072
112,322_CT_6,1,55.0,27.89469072
112,323_CC_1,1,355.0,31.727489639999995
112,323_CC_2,1,355.0,31.727489639999995
112,322_HYDRO_1,1,10.067,0.0
112,322_HYDRO_2,1,10.067,0.0
112,322_HYDRO_3,1,10.067,0.0
112,322_HYDRO_4,1,10.067,0.0
112,320_PV_1,1,0.0,0.0
112,314_PV_1,1,0.0,0.0
112,314_PV_2,1,0.0,0.0
112,313_PV_1,1,0.0,0.0
112,314_PV_3,1,0.0,0.0
112,314_PV_4,1,0.0,0.0
112,313_PV_2,1,0.0,0.0
112,310_PV_1,1,0.0,0.0
112,324_PV_1,1,0.0,0.0
112,312_PV_1,1,0.0,0.0
112,310_PV_2,1,0.0,0.0
112,324_PV_2,1,0.0,0.0
112,324_PV_3,1,0.0,0.0
112,319_PV_1,1,0.0,0.0
112,308_RTPV_1,1,0.0,0.0
112,313_RTPV_1,1,0.0,0.0
112,313_RTPV_2,1,0.0,0.0
112,313_RTPV_3,1,0.0,0.0
112,313_RTPV_4,1,0.0,0.0
112,313_RTPV_5,1,0.0,0.0
112,313_RTPV_6,1,0.0,0.0
112,313_RTPV_7,1,0.0,0.0
112,313_RTPV_8,1,0.0,0.0
112,313_RTPV_9,1,0.0,0.0
112,313_RTPV_10,1,0.0,0.0
112,313_RTPV_11,1,0.0,0.0
112,313_RTPV_12,1,0.0,0.0
112,320_RTPV_1,1,0.0,0.0
112,320_RTPV_2,1,0.0,0.0
112,320_RTPV_3,1,0.0,0.0
112,313_RTPV_13,1,0.0,0.0
112,320_RTPV_4,1,0.0,0.0
112,320_RTPV_5,1,0.0,0.0
112,320_RTPV_6,1,0.0,0.0
112,309_WIND_1,1,2.8,0.0
112,317_WIND_1,1,325.7,0.0
112,303_WIND_1,1,6.9,0.0
113,301_CT_1,1,20.0,105.3672414
113,301_CT_2,1,20.0,105.3672414
113,301_CT_3,1,55.0,43.742886659999996
113,301_CT_4,1,55.0,43.742886659999996
113,302_CT_1,1,20.0,105.3672414
113,302_CT_2,1,20.0,105.3672414
113,302_CT_3,1,55.0,38.635079579999996
113,302_CT_4,1,55.0,38.635079579999996
113,307_CT_1,1,55.0,35.47476972
113,307_CT_2,1,55.0,35.47476972
113,313_CC_1,1,355.0,33.75273126
113,315_STEAM_1,1,12.0,124.09965539999999
113,315_STEAM_2,1,12.0,124.09965539999999
113,315_STEAM_3,1,12.0,124.09965539999999
113,315_STEAM_4,1,12.0,124.09965539999999
113,315_STEAM_5,1,12.0,124.09965539999999
113,315_CT_6,1,55.0,31.8557679
113,315_CT_7,1,55.0,31.8557679
113,315_CT_8,1,55.0,31.8557679
113,316_STEAM_1,1,155.0,27.274698980000004
113,318_CC_1,1,355.0,31.529241419999998
113,321_CC_1,1,355.0,33.94709226
113,322_CT_5,1,55.0,27.89469072
113,322_CT_6,1,55.0,27.89469072
113,323_CC_1,1,355.0,31.727489639999995
113,323_CC_2,1,355.0,31.727489639999995
113,322_HYDRO_1,1,10.183,0.0
113,322_HYDRO_2,1,10.183,0.0
113,322_HYDRO_3,1,10.183,0.0
113,322_HYDRO_4,1,10.183,0.0
113,320_PV_1,1,0.0,0.0
113,314_PV_1,1,0.0,0.0
113,314_PV_2,1,0.0,0.0
113,313_PV_1,1,0.0,0.0
113,314_PV_3,1,0.0,0.0
113,314_PV_4,1,0.0,0.0
113,313_PV_2,1,0.0,0.0
113,310_PV_1,1,0.0,0.0
113,324_PV_1,1,0.0,0.0
113,312_PV_1,1,0.0,0.0
113,310_PV_2,1,0.0,0.0
113,324_PV_2,1,0.0,0.0
113,324_PV_3,1,0.0,0.0
113,319_PV_1,1,0.0,0.0
113,308_RTPV_1,1,0.0,0.0
113,313_RTPV_1,1,0.0,0.0
113,313_RTPV_2,1,0.0,0.0
113,313_RTPV_3,1,0.0,0.0
113,313_RTPV_4,1,0.0,0.0
113,313_RTPV_5,1,0.0,0.0
113,313_RTPV_6,1,0.0,0.0
113,313_RTPV_7,1,0.0,0.0
113,313_RTPV_8,1,0.0,0.0
113,313_RTPV_9,1,0.0,0.0
113,313_RTPV_10,1,0.0,0.0
113,313_RTPV_11,1,0.0,0.0
113,313_RTPV_12,1,0.0,0.0
113,320_RTPV_1,1,0.0,0.0
113,320_RTPV_2,1,0.0,0.0
113,320_RTPV_3,1,0.0,0.0
113,313_RTPV_13,1,0.0,0.0
113,320_RTPV_4,1,0.0,0.0
113,320_RTPV_5,1,0.0,0.0
113,320_RTPV_6,1,0.0,0.0
113,309_WIND_1,1,3.8,0.0
113,317_WIND_1,1,334.1,0.0
113,303_WIND_1,1,9.6,0.0
114,301_CT_1,1,20.0,105.3672414
114,301_CT_2,1,20.0,105.3672414
114,301_CT_3,1,55.0,43.742886659999996
114,301_CT_4,1,55.0,43.742886659999996
114,302_CT_1,1,20.0,105.3672414
114,302_CT_2,1,20.0,105.3672414
114,302_CT_3,1,55.0,38.635079579999996
114,302_CT_4,1,55.0,38.635079579999996
114,307_CT_1,1,55.0,35.47476972
114,307_CT_2,1,55.0,35.47476972
114,313_CC_1,1,355.0,33.75273126
114,315_STEAM_1,1,12.0,124.09965539999999
114,315_STEAM_2,1,12.0,124.09965539999999
114,315_STEAM_3,1,12.0,124.09965539999999
114,315_STEAM_4,1,12.0,124.09965539999999
114,315_STEAM_5,1,12.0,124.09965539999999
114,315_CT_6,1,55.0,31.8557679
114,315_CT_7,1,55.0,31.8557679
114,315_CT_8,1,55.0,31.8557679
114,316_STEAM_1,1,155.0,27.274698980000004
114,318_CC_1,1,355.0,31.529241419999998
114,321_CC_1,1,355.0,33.94709226
114,322_CT_5,1,55.0,27.89469072
114,322_CT_6,1,55.0,27.89469072
114,323_CC_1,1,355.0,31.727489639999995
114,323_CC_2,1,355.0,31.727489639999995
114,322_HYDRO_1,1,10.3,0.0
114,322_HYDRO_2,1,10.3,0.0
114,322_HYDRO_3,1,10.3,0.0
114,322_HYDRO_4,1,10.3,0.0
114,320_PV_1,1,0.0,0.0
114,314_PV_1,1,0.0,0.0
114,314_PV_2,1,0.0,0.0
114,313_PV_1,1,0.0,0.0
114,314_PV_3,1,0.0,0.0
114,314_PV_4,1,0.0,0.0
114,313_PV_2,1,0.0,0.0
114,310_PV_1,1,0.0,0.0
114,324_PV_1,1,0.0,0.0
114,312_PV_1,1,0.0,0.0
114,310_PV_2,1,0.0,0.0
114,324_PV_2,1,0.0,0.0
114,324_PV_3,1,0.0,0.0
114,319_PV_1,1,0.0,0.0
114,308_RTPV_1,1,0.0,0.0
114,313_RTPV_1,1,0.0,0.0
114,313_RTPV_2,1,0.0,0.0
114,313_RTPV_3,1,0.0,0.0
114,313_RTPV_4,1,0.0,0.0
114,313_RTPV_5,1,0.0,0.0
114,313_RTPV_6,1,0.0,0.0
114,313_RTPV_7,1,0.0,0.0
114,313_RTPV_8,1,0.0,0.0
114,313_RTPV_9,1,0.0,0.0
114,313_RTPV_10,1,0.0,0.0
114,313_RTPV_11,1,0.0,0.0
114,313_RTPV_12,1,0.0,0.0
114,320_RTPV_1,1,0.0,0.0
114,320_RTPV_2,1,0.0,0.0
114,320_RTPV_3,1,0.0,0.0
114,313_RTPV_13,1,0.0,0.0
114,320_RTPV_4,1,0.0,0.0
114,320_RTPV_5,1,0.0,0.0
114,320_RTPV_6,1,0.0,0.0
114,309_WIND_1,1,2.8,0.0
114,317_WIND_1,1,336.0,0.0
114,303_WIND_1,1,13.2,0.0
115,301_CT_1,1,20.0,105.3672414
115,301_CT_2,1,20.0,105.3672414
115,301_CT_3,1,55.0,43.742886659999996
115,301_CT_4,1,55.0,43.742886659999996
115,302_CT_1,1,20.0,105.3672414
115,302_CT_2,1,20.0,105.3672414
115,302_CT_3,1,55.0,38.635079579999996
115,302_CT_4,1,55.0,38.635079579999996
115,307_CT_1,1,55.0,35.47476972
115,307_CT_2,1,55.0,35.47476972
115,313_CC_1,1,355.0,33.75273126
115,315_STEAM_1,1,12.0,124.09965539999999
115,315_STEAM_2,1,12.0,124.09965539999999
115,315_STEAM_3,1,12.0,124.09965539999999
115,315_STEAM_4,1,12.0,124.09965539999999
115,315_STEAM_5,1,12.0,124.09965539999999
115,315_CT_6,1,55.0,31.8557679
115,315_CT_7,1,55.0,31.8557679
115,315_CT_8,1,55.0,31.8557679
115,316_STEAM_1,1,155.0,27.274698980000004
115,318_CC_1,1,355.0,31.529241419999998
115,321_CC_1,1,355.0,33.94709226
115,322_CT_5,1,55.0,27.89469072
115,322_CT_6,1,55.0,27.89469072
115,323_CC_1,1,355.0,31.727489639999995
115,323_CC_2,1,355.0,31.727489639999995
115,322_HYDRO_1,1,10.417,0.0
115,322_HYDRO_2,1,10.417,0.0
115,322_HYDRO_3,1,10.417,0.0
115,322_HYDRO_4,1,10.417,0.0
115,320_PV_1,1,0.0,0.0
115,314_PV_1,1,0.0,0.0
115,314_PV_2,1,0.0,0.0
115,313_PV_1,1,0.0,0.0
115,314_PV_3,1,0.0,0.0
115,314_PV_4,1,0.0,0.0
115,313_PV_2,1,0.0,0.0
115,310_PV_1,1,0.0,0.0
115,324_PV_1,1,0.0,0.0
115,312_PV_1,1,0.0,0.0
115,310_PV_2,1,0.0,0.0
115,324_PV_2,1,0.0,0.0
115,324_PV_3,1,0.0,0.0
115,319_PV_1,1,0.0,0.0
115,308_RTPV_1,1,0.0,0.0
115,313_RTPV_1,1,0.0,0.0
115,313_RTPV_2,1,0.0,0.0
115,313_RTPV_3,1,0.0,0.0
115,313_RTPV_4,1,0.0,0.0
115,313_RTPV_5,1,0.0,0.0
115,313_RTPV_6,1,0.0,0.0
115,313_RTPV_7,1,0.0,0.0
115,313_RTPV_8,1,0.0,0.0
115,313_RTPV_9,1,0.0,0.0
115,313_RTPV_10,1,0.0,0.0
115,313_RTPV_11,1,0.0,0.0
115,313_RTPV_12,1,0.0,0.0
115,320_RTPV_1,1,0.0,0.0
115,320_RTPV_2,1,0.0,0.0
115,320_RTPV_3,1,0.0,0.0
115,313_RTPV_13,1,0.0,0.0
115,320_RTPV_4,1,0.0,0.0
115,320_RTPV_5,1,0.0,0.0
115,320_RTPV_6,1,0.0,0.0
115,309_WIND_1,1,1.2,0.0
115,317_WIND_1,1,333.9,0.0
115,303_WIND_1,1,13.9,0.0
116,301_CT_1,1,20.0,105.3672414
116,301_CT_2,1,20.0,105.3672414
116,301_CT_3,1,55.0,43.742886659999996
116,301_CT_4,1,55.0,43.742886659999996
116,302_CT_1,1,20.0,105.3672414
116,302_CT_2,1,20.0,105.3672414
116,302_CT_3,1,55.0,38.635079579999996
116,302_CT_4,1,55.0,38.635079579999996
116,307_CT_1,1,55.0,35.47476972
116,307_CT_2,1,55.0,35.47476972
116,313_CC_1,1,355.0,33.75273126
116,315_STEAM_1,1,12.0,124.09965539999999
116,315_STEAM_2,1,12.0,124.09965539999999
116,315_STEAM_3,1,12.0,124.09965539999999
116,315_STEAM_4,1,12.0,124.09965539999999
116,315_STEAM_5,1,12.0,124.09965539999999
116,315_CT_6,1,55.0,31.8557679
116,315_CT_7,1,55.0,31.8557679
116,315_CT_8,1,55.0,31.8557679
116,316_STEAM_1,1,155.0,27.274698980000004
116,318_CC_1,1,355.0,31.529241419999998
116,321_CC_1,1,355.0,33.94709226
116,322_CT_5,1,55.0,27.89469072
116,322_CT_6,1,55.0,27.89469072
116,323_CC_1,1,355.0,31.727489639999995
116,323_CC_2,1,355.0,31.727489639999995
116,322_HYDRO_1,1,10.533,0.0
116,322_HYDRO_2,1,10.533,0.0
116,322_HYDRO_3,1,10.533,0.0
116,322_HYDRO_4,1,10.533,0.0
116,320_PV_1,1,0.0,0.0
116,314_PV_1,1,0.0,0.0
116,314_PV_2,1,0.0,0.0
116,313_PV_1,1,0.0,0.0
116,314_PV_3,1,0.0,0.0
116,314_PV_4,1,0.0,0.0
116,313_PV_2,1,0.0,0.0
116,310_PV_1,1,0.0,0.0
116,324_PV_1,1,0.0,0.0
116,312_PV_1,1,0.0,0.0
116,310_PV_2,1,0.0,0.0
116,324_PV_2,1,0.0,0.0
116,324_PV_3,1,0.0,0.0
116,319_PV_1,1,0.0,0.0
116,308_RTPV_1,1,0.0,0.0
116,313_RTPV_1,1,0.0,0.0
116,313_RTPV_2,1,0.0,0.0
116,313_RTPV_3,1,0.0,0.0
116,313_RTPV_4,1,0.0,0.0
116,313_RTPV_5,1,0.0,0.0
116,313_RTPV_6,1,0.0,0.0
116,313_RTPV_7,1,0.0,0.0
116,313_RTPV_8,1,0.0,0.0
116,313_RTPV_9,1,0.0,0.0
116,313_RTPV_10,1,0.0,0.0
116,313_RTPV_11,1,0.0,0.0
116,313_RTPV_12,1,0.0,0.0
116,320_RTPV_1,1,0.0,0.0
116,320_RTPV_2,1,0.0,0.0
116,320_RTPV_3,1,0.0,0.0
116,313_RTPV_13,1,0.0,0.0
116,320_RTPV_4,1,0.0,0.0
116,320_RTPV_5,1,0.0,0.0
116,320_RTPV_6,1,0.0,0.0
116,309_WIND_1,1,2.6,0.0
116,317_WIND_1,1,337.2,0.0
116,303_WIND_1,1,10.9,0.0
117,301_CT_1,1,20.0,105.3672414
117,301_CT_2,1,20.0,105.3672414
117,301_CT_3,1,55.0,43.742886659999996
117,301_CT_4,1,55.0,43.742886659999996
117,302_CT_1,1,20.0,105.3672414
117,302_CT_2,1,20.0,105.3672414
117,302_CT_3,1,55.0,38.635079579999996
117,302_CT_4,1,55.0,38.635079579999996
117,307_CT_1,1,55.0,35.47476972
117,307_CT_2,1,55.0,35.47476972
117,313_CC_1,1,355.0,33.75273126
117,315_STEAM_1,1,12.0,124.09965539999999
117,315_STEAM_2,1,12.0,124.09965539999999
117,315_STEAM_3,1,12.0,124.09965539999999
117,315_STEAM_4,1,12.0,124.09965539999999
117,315_STEAM_5,1,12.0,124.09965539999999
117,315_CT_6,1,55.0,31.8557679
117,315_CT_7,1,55.0,31.8557679
117,315_CT_8,1,55.0,31.8557679
117,316_STEAM_1,1,155.0,27.274698980000004
117,318_CC_1,1,355.0,31.529241419999998
117,321_CC_1,1,355.0,33.94709226
117,322_CT_5,1,55.0,27.89469072
117,322_CT_6,1,55.0,27.89469072
117,323_CC_1,1,355.0,31.727489639999995
117,323_CC_2,1,355.0,31.727489639999995
117,322_HYDRO_1,1,10.65,0.0
117,322_HYDRO_2,1,10.65,0.0
117,322_HYDRO_3,1,10.65,0.0
117,322_HYDRO_4,1,10.65,0.0
117,320_PV_1,1,0.0,0.0
117,314_PV_1,1,0.0,0.0
117,314_PV_2,1,0.0,0.0
117,313_PV_1,1,0.0,0.0
117,314_PV_3,1,0.0,0.0
117,314_PV_4,1,0.0,0.0
117,313_PV_2,1,0.0,0.0
117,310_PV_1,1,0.0,0.0
117,324_PV_1,1,0.0,0.0
117,312_PV_1,1,0.0,0.0
117,310_PV_2,1,0.0,0.0
117,324_PV_2,1,0.0,0.0
117,324_PV_3,1,0.0,0.0
117,319_PV_1,1,0.0,0.0
117,308_RTPV_1,1,0.0,0.0
117,313_RTPV_1,1,0.0,0.0
117,313_RTPV_2,1,0.0,0.0
117,313_RTPV_3,1,0.0,0.0
117,313_RTPV_4,1,0.0,0.0
117,313_RTPV_5,1,0.0,0.0
117,313_RTPV_6,1,0.0,0.0
117,313_RTPV_7,1,0.0,0.0
117,313_RTPV_8,1,0.0,0.0
117,313_RTPV_9,1,0.0,0.0
117,313_RTPV_10,1,0.0,0.0
117,313_RTPV_11,1,0.0,0.0
117,313_RTPV_12,1,0.0,0.0
117,320_RTPV_1,1,0.0,0.0
117,320_RTPV_2,1,0.0,0.0
117,320_RTPV_3,1,0.0,0.0
117,313_RTPV_13,1,0.0,0.0
117,320_RTPV_4,1,0.0,0.0
117,320_RTPV_5,1,0.0,0.0
117,320_RTPV_6,1,0.0,0.0
117,309_WIND_1,1,4.0,0.0
117,317_WIND_1,1,341.3,0.0
117,303_WIND_1,1,9.9,0.0
118,301_CT_1,1,20.0,105.3672414
118,301_CT_2,1,20.0,105.3672414
118,301_CT_3,1,55.0,43.742886659999996
118,301_CT_4,1,55.0,43.742886659999996
118,302_CT_1,1,20.0,105.3672414
118,302_CT_2,1,20.0,105.3672414
118,302_CT_3,1,55.0,38.635079579999996
118,302_CT_4,1,55.0,38.635079579999996
118,307_CT_1,1,55.0,35.47476972
118,307_CT_2,1,55.0,35.47476972
118,313_CC_1,1,355.0,33.75273126
118,315_STEAM_1,1,12.0,124.09965539999999
118,315_STEAM_2,1,12.0,124.09965539999999
118,315_STEAM_3,1,12.0,124.09965539999999
118,315_STEAM_4,1,12.0,124.09965539999999
118,315_STEAM_5,1,12.0,124.09965539999999
118,315_CT_6,1,55.0,31.8557679
118,315_CT_7,1,55.0,31.8557679
118,315_CT_8,1,55.0,31.8557679
118,316_STEAM_1,1,155.0,27.274698980000004
118,318_CC_1,1,355.0,31.529241419999998
118,321_CC_1,1,355.0,33.94709226
118,322_CT_5,1,55.0,27.89469072
118,322_CT_6,1,55.0,27.89469072
118,323_CC_1,1,355.0,31.727489639999995
118,323_CC_2,1,355.0,31.727489639999995
118,322_HYDRO_1,1,10.767000000000001,0.0
118,322_HYDRO_2,1,10.767000000000001,0.0
118,322_HYDRO_3,1,10.767000000000001,0.0
118,322_HYDRO_4,1,10.767000000000001,0.0
118,320_PV_1,1,0.0,0.0
118,314_PV_1,1,0.0,0.0
118,314_PV_2,1,0.0,0.0
118,313_PV_1,1,0.0,0.0
118,314_PV_3,1,0.0,0.0
118,314_PV_4,1,0.0,0.0
118,313_PV_2,1,0.0,0.0
118,310_PV_1,1,0.0,0.0
118,324_PV_1,1,0.0,0.0
118,312_PV_1,1,0.0,0.0
118,310_PV_2,1,0.0,0.0
118,324_PV_2,1,0.0,0.0
118,324_PV_3,1,0.0,0.0
118,319_PV_1,1,0.0,0.0
118,308_RTPV_1,1,0.0,0.0
118,313_RTPV_1,1,0.0,0.0
118,313_RTPV_2,1,0.0,0.0
118,313_RTPV_3,1,0.0,0.0
118,313_RTPV_4,1,0.0,0.0
118,313_RTPV_5,1,0.0,0.0
118,313_RTPV_6,1,0.0,0.0
118,313_RTPV_7,1,0.0,0.0
118,313_RTPV_8,1,0.0,0.0
118,313_RTPV_9,1,0.0,0.0
118,313_RTPV_10,1,0.0,0.0
118,313_RTPV_11,1,0.0,0.0
118,313_RTPV_12,1,0.0,0.0
118,320_RTPV_1,1,0.0,0.0
118,320_RTPV_2,1,0.0,0.0
118,320_RTPV_3,1,0.0,0.0
118,313_RTPV_13,1,0.0,0.0
118,320_RTPV_4,1,0.0,0.0
118,320_RTPV_5,1,0.0,0.0
118,320_RTPV_6,1,0.0,0.0
118,309_WIND_1,1,2.7,0.0
118,317_WIND_1,1,344.7,0.0
118,303_WIND_1,1,12.0,0.0
119,301_CT_1,1,20.0,105.3672414
119,301_CT_2,1,20.0,105.3672414
119,301_CT_3,1,55.0,43.742886659999996
119,301_CT_4,1,55.0,43.742886659999996
119,302_CT_1,1,20.0,105.3672414
119,302_CT_2,1,20.0,105.3672414
119,302_CT_3,1,55.0,38.635079579999996
119,302_CT_4,1,55.0,38.635079579999996
119,307_CT_1,1,55.0,35.47476972
119,307_CT_2,1,55.0,35.47476972
119,313_CC_1,1,355.0,33.75273126
119,315_STEAM_1,1,12.0,124.09965539999999
119,315_STEAM_2,1,12.0,124.09965539999999
119,315_STEAM_3,1,12.0,124.09965539999999
119,315_STEAM_4,1,12.0,124.09965539999999
119,315_STEAM_5,1,12.0,124.09965539999999
119,315_CT_6,1,55.0,31.8557679
119,315_CT_7,1,55.0,31.8557679
119,315_CT_8,1,55.0,31.8557679
119,316_STEAM_1,1,155.0,27.274698980000004
119,318_CC_1,1,355.0,31.529241419999998
119,321_CC_1,1,355.0,33.94709226
119,322_CT_5,1,55.0,27.89469072
119,322_CT_6,1,55.0,27.89469072
119,323_CC_1,1,355.0,31.727489639999995
119,323_CC_2,1,355.0,31.727489639999995
119,322_HYDRO_1,1,10.883,0.0
119,322_HYDRO_2,1,10.883,0.0
119,322_HYDRO_3,1,10.883,0.0
119,322_HYDRO_4,1,10.883,0.0
119,320_PV_1,1,0.0,0.0
119,314_PV_1,1,0.0,0.0
119,314_PV_2,1,0.0,0.0
119,313_PV_1,1,0.0,0.0
119,314_PV_3,1,0.0,0.0
119,314_PV_4,1,0.0,0.0
119,313_PV_2,1,0.0,0.0
119,310_PV_1,1,0.0,0.0
119,324_PV_1,1,0.0,0.0
119,312_PV_1,1,0.0,0.0
119,310_PV_2,1,0.0,0.0
119,324_PV_2,1,0.0,0.0
119,324_PV_3,1,0.0,0.0
119,319_PV_1,1,0.0,0.0
119,308_RTPV_1,1,0.0,0.0
119,313_RTPV_1,1,0.0,0.0
119,313_RTPV_2,1,0.0,0.0
119,313_RTPV_3,1,0.0,0.0
119,313_RTPV_4,1,0.0,0.0
119,313_RTPV_5,1,0.0,0.0
119,313_RTPV_6,1,0.0,0.0
119,313_RTPV_7,1,0.0,0.0
119,313_RTPV_8,1,0.0,0.0
119,313_RTPV_9,1,0.0,0.0
119,313_RTPV_10,1,0.0,0.0
119,313_RTPV_11,1,0.0,0.0
119,313_RTPV_12,1,0.0,0.0
119,320_RTPV_1,1,0.0,0.0
119,320_RTPV_2,1,0.0,0.0
119,320_RTPV_3,1,0.0,0.0
119,313_RTPV_13,1,0.0,0.0
119,320_RTPV_4,1,0.0,0.0
119,320_RTPV_5,1,0.0,0.0
119,320_RTPV_6,1,0.0,0.0
119,309_WIND_1,1,2.4,0.0
119,317_WIND_1,1,347.6,0.0
119,303_WIND_1,1,14.7,0.0
120,301_CT_1,1,20.0,105.3672414
120,301_CT_2,1,20.0,105.3672414
120,301_CT_3,1,55.0,43.742886659999996
120,301_CT_4,1,55.0,43.742886659999996
120,302_CT_1,1,20.0,105.3672414
120,302_CT_2,1,20.0,105.3672414
120,302_CT_3,1,55.0,38.635079579999996
120,302_CT_4,1,55.0,38.635079579999996
120,307_CT_1,1,55.0,35.47476972
120,307_CT_2,1,55.0,35.47476972
120,313_CC_1,1,355.0,33.75273126
120,315_STEAM_1,1,12.0,124.09965539999999
120,315_STEAM_2,1,12.0,124.09965539999999
120,315_STEAM_3,1,12.0,124.09965539999999
120,315_STEAM_4,1,12.0,124.09965539999999
120,315_STEAM_5,1,12.0,124.09965539999999
120,315_CT_6,1,55.0,31.8557679
120,315_CT_7,1,55.0,31.8557679
120,315_CT_8,1,55.0,31.8557679
120,316_STEAM_1,1,155.0,27.274698980000004
120,318_CC_1,1,355.0,31.529241419999998
120,321_CC_1,1,355.0,33.94709226
120,322_CT_5,1,55.0,27.89469072
120,322_CT_6,1,55.0,27.89469072
120,323_CC_1,1,355.0,31.727489639999995
120,323_CC_2,1,355.0,31.727489639999995
120,322_HYDRO_1,1,11.0,0.0
120,322_HYDRO_2,1,11.0,0.0
120,322_HYDRO_3,1,11.0,0.0
120,322_HYDRO_4,1,11.0,0.0
120,320_PV_1,1,0.0,0.0
120,314_PV_1,1,0.0,0.0
120,314_PV_2,1,0.0,0.0
120,313_PV_1,1,0.0,0.0
120,314_PV_3,1,0.0,0.0
120,314_PV_4,1,0.0,0.0
120,313_PV_2,1,0.0,0.0
120,310_PV_1,1,0.0,0.0
120,324_PV_1,1,0.0,0.0
120,312_PV_1,1,0.0,0.0
120,310_PV_2,1,0.0,0.0
120,324_PV_2,1,0.0,0.0
120,324_PV_3,1,0.0,0.0
120,319_PV_1,1,0.0,0.0
120,308_RTPV_1,1,0.0,0.0
120,313_RTPV_1,1,0.0,0.0
120,313_RTPV_2,1,0.0,0.0
120,313_RTPV_3,1,0.0,0.0
120,313_RTPV_4,1,0.0,0.0
120,313_RTPV_5,1,0.0,0.0
120,313_RTPV_6,1,0.0,0.0
120,313_RTPV_7,1,0.0,0.0
120,313_RTPV_8,1,0.0,0.0
120,313_RTPV_9,1,0.0,0.0
120,313_RTPV_10,1,0.0,0.0
120,313_RTPV_11,1,0.0,0.0
120,313_RTPV_12,1,0.0,0.0
120,320_RTPV_1,1,0.0,0.0
120,320_RTPV_2,1,0.0,0.0
120,320_RTPV_3,1,0.0,0.0
120,313_RTPV_13,1,0.0,0.0
120,320_RTPV_4,1,0.0,0.0
120,320_RTPV_5,1,0.0,0.0
120,320_RTPV_6,1,0.0,0.0
120,309_WIND_1,1,3.8,0.0
120,317_WIND_1,1,354.8,0.0
120,303_WIND_1,1,12.8,0.0
121,301_CT_1,1,20.0,105.3672414
121,301_CT_2,1,20.0,105.3672414
121,301_CT_3,1,55.0,43.742886659999996
121,301_CT_4,1,55.0,43.742886659999996
121,302_CT_1,1,20.0,105.3672414
121,302_CT_2,1,20.0,105.3672414
121,302_CT_3,1,55.0,38.635079579999996
121,302_CT_4,1,55.0,38.635079579999996
121,307_CT_1,1,55.0,35.47476972
121,307_CT_2,1,55.0,35.47476972
121,313_CC_1,1,355.0,33.75273126
121,315_STEAM_1,1,12.0,124.09965539999999
121,315_STEAM_2,1,12.0,124.09965539999999
121,315_STEAM_3,1,12.0,124.09965539999999
121,315_STEAM_4,1,12.0,124.09965539999999
121,315_STEAM_5,1,12.0,124.09965539999999
121,315_CT_6,1,55.0,31.8557679
121,315_CT_7,1,55.0,31.8557679
121,315_CT_8,1,55.0,31.8557679
121,316_STEAM_1,1,155.0,27.274698980000004
121,318_CC_1,1,355.0,31.529241419999998
121,321_CC_1,1,355.0,33.94709226
121,322_CT_5,1,55.0,27.89469072
121,322_CT_6,1,55.0,27.89469072
121,323_CC_1,1,355.0,31.727489639999995
121,323_CC_2,1,355.0,31.727489639999995
121,322_HYDRO_1,1,10.975,0.0
121,322_HYDRO_2,1,10.975,0.0
121,322_HYDRO_3,1,10.975,0.0
121,322_HYDRO_4,1,10.975,0.0
121,320_PV_1,1,0.0,0.0
121,314_PV_1,1,0.0,0.0
121,314_PV_2,1,0.0,0.0
121,313_PV_1,1,0.0,0.0
121,314_PV_3,1,0.0,0.0
121,314_PV_4,1,0.0,0.0
121,313_PV_2,1,0.0,0.0
121,310_PV_1,1,0.0,0.0
121,324_PV_1,1,0.0,0.0
121,312_PV_1,1,0.0,0.0
121,310_PV_2,1,0.0,0.0
121,324_PV_2,1,0.0,0.0
121,324_PV_3,1,0.0,0.0
121,319_PV_1,1,0.0,0.0
121,308_RTPV_1,1,0.0,0.0
121,313_RTPV_1,1,0.0,0.0
121,313_RTPV_2,1,0.0,0.0
121,313_RTPV_3,1,0.0,0.0
121,313_RTPV_4,1,0.0,0.0
121,313_RTPV_5,1,0.0,0.0
121,313_RTPV_6,1,0.0,0.0
121,313_RTPV_7,1,0.0,0.0
121,313_RTPV_8,1,0.0,0.0
121,313_RTPV_9,1,0.0,0.0
121,313_RTPV_10,1,0.0,0.0
121,313_RTPV_11,1,0.0,0.0
121,313_RTPV_12,1,0.0,0.0
121,320_RTPV_1,1,0.0,0.0
121,320_RTPV_2,1,0.0,0.0
121,320_RTPV_3,1,0.0,0.0
121,313_RTPV_13,1,0.0,0.0
121,320_RTPV_4,1,0.0,0.0
121,320_RTPV_5,1,0.0,0.0
121,320_RTPV_6,1,0.0,0.0
121,309_WIND_1,1,3.5,0.0
121,317_WIND_1,1,348.2,0.0
121,303_WIND_1,1,12.1,0.0
122,301_CT_1,1,20.0,105.3672414
122,301_CT_2,1,20.0,105.3672414
122,301_CT_3,1,55.0,43.742886659999996
122,301_CT_4,1,55.0,43.742886659999996
122,302_CT_1,1,20.0,105.3672414
122,302_CT_2,1,20.0,105.3672414
122,302_CT_3,1,55.0,38.635079579999996
122,302_CT_4,1,55.0,38.635079579999996
122,307_CT_1,1,55.0,35.47476972
122,307_CT_2,1,55.0,35.47476972
122,313_CC_1,1,355.0,33.75273126
122,315_STEAM_1,1,12.0,124.09965539999999
122,315_STEAM_2,1,12.0,124.09965539999999
122,315_STEAM_3,1,12.0,124.09965539999999
122,315_STEAM_4,1,12.0,124.09965539999999
122,315_STEAM_5,1,12.0,124.09965539999999
122,315_CT_6,1,55.0,31.8557679
122,315_CT_7,1,55.0,31.8557679
122,315_CT_8,1,55.0,31.8557679
122,316_STEAM_1,1,155.0,27.274698980000004
122,318_CC_1,1,355.0,31.529241419999998
122,321_CC_1,1,355.0,33.94709226
122,322_CT_5,1,55.0,27.89469072
122,322_CT_6,1,55.0,27.89469072
122,323_CC_1,1,355.0,31.727489639999995
122,323_CC_2,1,355.0,31.727489639999995
122,322_HYDRO_1,1,10.95,0.0
122,322_HYDRO_2,1,10.95,0.0
122,322_HYDRO_3,1,10.95,0.0
122,322_HYDRO_4,1,10.95,0.0
122,320_PV_1,1,0.0,0.0
122,314_PV_1,1,0.0,0.0
122,314_PV_2,1,0.0,0.0
122,313_PV_1,1,0.0,0.0
122,314_PV_3,1,0.0,0.0
122,314_PV_4,1,0.0,0.0
122,313_PV_2,1,0.0,0.0
122,310_PV_1,1,0.0,0.0
122,324_PV_1,1,0.0,0.0
122,312_PV_1,1,0.0,0.0
122,310_PV_2,1,0.0,0.0
122,324_PV_2,1,0.0,0.0
122,324_PV_3,1,0.0,0.0
122,319_PV_1,1,0.0,0.0
122,308_RTPV_1,1,0.0,0.0
122,313_RTPV_1,1,0.0,0.0
122,313_RTPV_2,1,0.0,0.0
122,313_RTPV_3,1,0.0,0.0
122,313_RTPV_4,1,0.0,0.0
122,313_RTPV_5,1,0.0,0.0
122,313_RTPV_6,1,0.0,0.0
122,313_RTPV_7,1,0.0,0.0
122,313_RTPV_8,1,0.0,0.0
122,313_RTPV_9,1,0.0,0.0
122,313_RTPV_10,1,0.0,0.0
122,313_RTPV_11,1,0.0,0.0
122,313_RTPV_12,1,0.0,0.0
122,320_RTPV_1,1,0.0,0.0
122,320_RTPV_2,1,0.0,0.0
122,320_RTPV_3,1,0.0,0.0
122,313_RTPV_13,1,0.0,0.0
122,320_RTPV_4,1,0.0,0.0
122,320_RTPV_5,1,0.0,0.0
122,320_RTPV_6,1,0.0,0.0
122,309_WIND_1,1,1.5,0.0
122,317_WIND_1,1,342.9,0.0
122,303_WIND_1,1,8.7,0.0
123,301_CT_1,1,20.0,105.3672414
123,301_CT_2,1,20.0,105.3672414
123,301_CT_3,1,55.0,43.742886659999996
123,301_CT_4,1,55.0,43.742886659999996
123,302_CT_1,1,20.0,105.3672414
123,302_CT_2,1,20.0,105.3672414
123,302_CT_3,1,55.0,38.635079579999996
123,302_CT_4,1,55.0,38.635079579999996
123,307_CT_1,1,55.0,35.47476972
123,307_CT_2,1,55.0,35.47476972
123,313_CC_1,1,355.0,33.75273126
123,315_STEAM_1,1,12.0,124.09965539999999
123,315_STEAM_2,1,12.0,124.09965539999999
123,315_STEAM_3,1,12.0,124.09965539999999
123,315_STEAM_4,1,12.0,124.09965539999999
123,315_STEAM_5,1,12.0,124.09965539999999
123,315_CT_6,1,55.0,31.8557679
123,315_CT_7,1,55.0,31.8557679
123,315_CT_8,1,55.0,31.8557679
123,316_STEAM_1,1,155.0,27.274698980000004
123,318_CC_1,1,355.0,31.529241419999998
123,321_CC_1,1,355.0,33.94709226
123,322_CT_5,1,55.0,27.89469072
123,322_CT_6,1,55.0,27.89469072
123,323_CC_1,1,355.0,31.727489639999995
123,323_CC_2,1,355.0,31.727489639999995
123,322_HYDRO_1,1,10.925,0.0
123,322_HYDRO_2,1,10.925,0.0
123,322_HYDRO_3,1,10.925,0.0
123,322_HYDRO_4,1,10.925,0.0
123,320_PV_1,1,0.0,0.0
123,314_PV_1,1,0.0,0.0
123,314_PV_2,1,0.0,0.0
123,313_PV_1,1,0.0,0.0
123,314_PV_3,1,0.0,0.0
123,314_PV_4,1,0.0,0.0
123,313_PV_2,1,0.0,0.0
123,310_PV_1,1,0.0,0.0
123,324_PV_1,1,0.0,0.0
123,312_PV_1,1,0.0,0.0
123,310_PV_2,1,0.0,0.0
123,324_PV_2,1,0.0,0.0
123,324_PV_3,1,0.0,0.0
123,319_PV_1,1,0.0,0.0
123,308_RTPV_1,1,0.0,0.0
123,313_RTPV_1,1,0.0,0.0
123,313_RTPV_2,1,0.0,0.0
123,313_RTPV_3,1,0.0,0.0
123,313_RTPV_4,1,0.0,0.0
123,313_RTPV_5,1,0.0,0.0
123,313_RTPV_6,1,0.0,0.0
123,313_RTPV_7,1,0.0,0.0
123,313_RTPV_8,1,0.0,0.0
123,313_RTPV_9,1,0.0,0.0
123,313_RTPV_10,1,0.0,0.0
123,313_RTPV_11,1,0.0,0.0
123,313_RTPV_12,1,0.0,0.0
123,320_RTPV_1,1,0.0,0.0
123,320_RTPV_2,1,0.0,0.0
123,320_RTPV_3,1,0.0,0.0
123,313_RTPV_13,1,0.0,0.0
123,320_RTPV_4,1,0.0,0.0
123,320_RTPV_5,1,0.0,0.0
123,320_RTPV_6,1,0.0,0.0
123,309_WIND_1,1,1.0,0.0
123,317_WIND_1,1,347.2,0.0
123,303_WIND_1,1,13.5,0.0
124,301_CT_1,1,20.0,105.3672414
124,301_CT_2,1,20.0,105.3672414
124,301_CT_3,1,55.0,43.742886659999996
124,301_CT_4,1,55.0,43.742886659999996
124,302_CT_1,1,20.0,105.3672414
124,302_CT_2,1,20.0,105.3672414
124,302_CT_3,1,55.0,38.635079579999996
124,302_CT_4,1,55.0,38.635079579999996
124,307_CT_1,1,55.0,35.47476972
124,307_CT_2,1,55.0,35.47476972
124,313_CC_1,1,355.0,33.75273126
124,315_STEAM_1,1,12.0,124.09965539999999
124,315_STEAM_2,1,12.0,124.09965539999999
124,315_STEAM_3,1,12.0,124.09965539999999
124,315_STEAM_4,1,12.0,124.09965539999999
124,315_STEAM_5,1,12.0,124.09965539999999
124,315_CT_6,1,55.0,31.8557679
124,315_CT_7,1,55.0,31.8557679
124,315_CT_8,1,55.0,31.8557679
124,316_STEAM_1,1,155.0,27.274698980000004
124,318_CC_1,1,355.0,31.529241419999998
124,321_CC_1,1,355.0,33.94709226
124,322_CT_5,1,55.0,27.89469072
124,322_CT_6,1,55.0,27.89469072
124,323_CC_1,1,355.0,31.727489639999995
124,323_CC_2,1,355.0,31.727489639999995
124,322_HYDRO_1,1,10.9,0.0
124,322_HYDRO_2,1,10.9,0.0
124,322_HYDRO_3,1,10.9,0.0
124,322_HYDRO_4,1,10.9,0.0
124,320_PV_1,1,0.0,0.0
124,314_PV_1,1,0.0,0.0
124,314_PV_2,1,0.0,0.0
124,313_PV_1,1,0.0,0.0
124,314_PV_3,1,0.0,0.0
124,314_PV_4,1,0.0,0.0
124,313_PV_2,1,0.0,0.0
124,310_PV_1,1,0.0,0.0
124,324_PV_1,1,0.0,0.0
124,312_PV_1,1,0.0,0.0
124,310_PV_2,1,0.0,0.0
124,324_PV_2,1,0.0,0.0
124,324_PV_3,1,0.0,0.0
124,319_PV_1,1,0.0,0.0
124,308_RTPV_1,1,0.0,0.0
124,313_RTPV_1,1,0.0,0.0
124,313_RTPV_2,1,0.0,0.0
124,313_RTPV_3,1,0.0,0.0
124,313_RTPV_4,1,0.0,0.0
124,313_RTPV_5,1,0.0,0.0
124,313_RTPV_6,1,0.0,0.0
124,313_RTPV_7,1,0.0,0.0
124,313_RTPV_8,1,0.0,0.0
124,313_RTPV_9,1,0.0,0.0
124,313_RTPV_10,1,0.0,0.0
124,313_RTPV_11,1,0.0,0.0
124,313_RTPV_12,1,0.0,0.0
124,320_RTPV_1,1,0.0,0.0
124,320_RTPV_2,1,0.0,0.0
124,320_RTPV_3,1,0.0,0.0
124,313_RTPV_13,1,0.0,0.0
124,320_RTPV_4,1,0.0,0.0
124,320_RTPV_5,1,0.0,0.0
124,320_RTPV_6,1,0.0,0.0
124,309_WIND_1,1,2.0,0.0
124,317_WIND_1,1,357.3,0.0
124,303_WIND_1,1,13.1,0.0
125,301_CT_1,1,20.0,105.3672414
125,301_CT_2,1,20.0,105.3672414
125,301_CT_3,1,55.0,43.742886659999996
125,301_CT_4,1,55.0,43.742886659999996
125,302_CT_1,1,20.0,105.3672414
125,302_CT_2,1,20.0,105.3672414
125,302_CT_3,1,55.0,38.635079579999996
125,302_CT_4,1,55.0,38.635079579999996
125,307_CT_1,1,55.0,35.47476972
125,307_CT_2,1,55.0,35.47476972
125,313_CC_1,1,355.0,33.75273126
125,315_STEAM_1,1,12.0,124.09965539999999
125,315_STEAM_2,1,12.0,124.09965539999999
125,315_STEAM_3,1,12.0,124.09965539999999
125,315_STEAM_4,1,12.0,124.09965539999999
125,315_STEAM_5,1,12.0,124.09965539999999
125,315_CT_6,1,55.0,31.8557679
125,315_CT_7,1,55.0,31.8557679
125,315_CT_8,1,55.0,31.8557679
125,316_STEAM_1,1,155.0,27.274698980000004
125,318_CC_1,1,355.0,31.529241419999998
125,321_CC_1,1,355.0,33.94709226
125,322_CT_5,1,55.0,27.89469072
125,322_CT_6,1,55.0,27.89469072
125,323_CC_1,1,355.0,31.727489639999995
125,323_CC_2,1,355.0,31.727489639999995
125,322_HYDRO_1,1,10.875,0.0
125,322_HYDRO_2,1,10.875,0.0
125,322_HYDRO_3,1,10.875,0.0
125,322_HYDRO_4,1,10.875,0.0
125,320_PV_1,1,0.0,0.0
125,314_PV_1,1,0.0,0.0
125,314_PV_2,1,0.0,0.0
125,313_PV_1,1,0.0,0.0
125,314_PV_3,1,0.0,0.0
125,314_PV_4,1,0.0,0.0
125,313_PV_2,1,0.0,0.0
125,310_PV_1,1,0.0,0.0
125,324_PV_1,1,0.0,0.0
125,312_PV_1,1,0.0,0.0
125,310_PV_2,1,0.0,0.0
125,324_PV_2,1,0.0,0.0
125,324_PV_3,1,0.0,0.0
125,319_PV_1,1,0.0,0.0
125,308_RTPV_1,1,0.0,0.0
125,313_RTPV_1,1,0.0,0.0
125,313_RTPV_2,1,0.0,0.0
125,313_RTPV_3,1,0.0,0.0
125,313_RTPV_4,1,0.0,0.0
125,313_RTPV_5,1,0.0,0.0
125,313_RTPV_6,1,0.0,0.0
125,313_RTPV_7,1,0.0,0.0
125,313_RTPV_8,1,0.0,0.0
125,313_RTPV_9,1,0.0,0.0
125,313_RTPV_10,1,0.0,0.0
125,313_RTPV_11,1,0.0,0.0
125,313_RTPV_12,1,0.0,0.0
125,320_RTPV_1,1,0.0,0.0
125,320_RTPV_2,1,0.0,0.0
125,320_RTPV_3,1,0.0,0.0
125,313_RTPV_13,1,0.0,0.0
125,320_RTPV_4,1,0.0,0.0
125,320_RTPV_5,1,0.0,0.0
125,320_RTPV_6,1,0.0,0.0
125,309_WIND_1,1,1.7,0.0
125,317_WIND_1,1,361.8,0.0
125,303_WIND_1,1,12.4,0.0
126,301_CT_1,1,20.0,105.3672414
126,301_CT_2,1,20.0,105.3672414
126,301_CT_3,1,55.0,43.742886659999996
126,301_CT_4,1,55.0,43.742886659999996
126,302_CT_1,1,20.0,105.3672414
126,302_CT_2,1,20.0,105.3672414
126,302_CT_3,1,55.0,38.635079579999996
126,302_CT_4,1,55.0,38.635079579999996
126,307_CT_1,1,55.0,35.47476972
126,307_CT_2,1,55.0,35.47476972
126,313_CC_1,1,355.0,33.75273126
126,315_STEAM_1,1,12.0,124.09965539999999
126,315_STEAM_2,1,12.0,124.09965539999999
126,315_STEAM_3,1,12.0,124.09965539999999
126,315_STEAM_4,1,12.0,124.09965539999999
126,315_STEAM_5,1,12.0,124.09965539999999
126,315_CT_6,1,55.0,31.8557679
126,315_CT_7,1,55.0,31.8557679
126,315_CT_8,1,55.0,31.8557679
126,316_STEAM_1,1,155.0,27.274698980000004
126,318_CC_1,1,355.0,31.529241419999998
126,321_CC_1,1,355.0,33.94709226
126,322_CT_5,1,55.0,27.89469072
126,322_CT_6,1,55.0,27.89469072
126,323_CC_1,1,355.0,31.727489639999995
126,323_CC_2,1,355.0,31.727489639999995
126,322_HYDRO_1,1,10.85,0.0
126,322_HYDRO_2,1,10.85,0.0
126,322_HYDRO_3,1,10.85,0.0
126,322_HYDRO_4,1,10.85,0.0
126,320_PV_1,1,0.0,0.0
126,314_PV_1,1,0.0,0.0
126,314_PV_2,1,0.0,0.0
126,313_PV_1,1,0.0,0.0
126,314_PV_3,1,0.0,0.0
126,314_PV_4,1,0.0,0.0
126,313_PV_2,1,0.0,0.0
126,310_PV_1,1,0.0,0.0
126,324_PV_1,1,0.0,0.0
126,312_PV_1,1,0.0,0.0
126,310_PV_2,1,0.0,0.0
126,324_PV_2,1,0.0,0.0
126,324_PV_3,1,0.0,0.0
126,319_PV_1,1,0.0,0.0
126,308_RTPV_1,1,0.0,0.0
126,313_RTPV_1,1,0.0,0.0
126,313_RTPV_2,1,0.0,0.0
126,313_RTPV_3,1,0.0,0.0
126,313_RTPV_4,1,0.0,0.0
126,313_RTPV_5,1,0.0,0.0
126,313_RTPV_6,1,0.0,0.0
126,313_RTPV_7,1,0.0,0.0
126,313_RTPV_8,1,0.0,0.0
126,313_RTPV_9,1,0.0,0.0
126,313_RTPV_10,1,0.0,0.0
126,313_RTPV_11,1,0.0,0.0
126,313_RTPV_12,1,0.0,0.0
126,320_RTPV_1,1,0.0,0.0
126,320_RTPV_2,1,0.0,0.0
126,320_RTPV_3,1,0.0,0.0
126,313_RTPV_13,1,0.0,0.0
126,320_RTPV_4,1,0.0,0.0
126,320_RTPV_5,1,0.0,0.0
126,320_RTPV_6,1,0.0,0.0
126,309_WIND_1,1,1.9,0.0
126,317_WIND_1,1,362.2,0.0
126,303_WIND_1,1,9.0,0.0
127,301_CT_1,1,20.0,105.3672414
127,301_CT_2,1,20.0,105.3672414
127,301_CT_3,1,55.0,43.742886659999996
127,301_CT_4,1,55.0,43.742886659999996
127,302_CT_1,1,20.0,105.3672414
127,302_CT_2,1,20.0,105.3672414
127,302_CT_3,1,55.0,38.635079579999996
127,302_CT_4,1,55.0,38.635079579999996
127,307_CT_1,1,55.0,35.47476972
127,307_CT_2,1,55.0,35.47476972
127,313_CC_1,1,355.0,33.75273126
127,315_STEAM_1,1,12.0,124.09965539999999
127,315_STEAM_2,1,12.0,124.09965539999999
127,315_STEAM_3,1,12.0,124.09965539999999
127,315_STEAM_4,1,12.0,124.09965539999999
127,315_STEAM_5,1,12.0,124.09965539999999
127,315_CT_6,1,55.0,31.8557679
127,315_CT_7,1,55.0,31.8557679
127,315_CT_8,1,55.0,31.8557679
127,316_STEAM_1,1,155.0,27.274698980000004
127,318_CC_1,1,355.0,31.529241419999998
127,321_CC_1,1,355.0,33.94709226
127,322_CT_5,1,55.0,27.89469072
127,322_CT_6,1,55.0,27.89469072
127,323_CC_1,1,355.0,31.727489639999995
127,323_CC_2,1,355.0,31.727489639999995
127,322_HYDRO_1,1,10.825,0.0
127,322_HYDRO_2,1,10.825,0.0
127,322_HYDRO_3,1,10.825,0.0
127,322_HYDRO_4,1,10.825,0.0
127,320_PV_1,1,0.0,0.0
127,314_PV_1,1,0.0,0.0
127,314_PV_2,1,0.0,0.0
127,313_PV_1,1,0.0,0.0
127,314_PV_3,1,0.0,0.0
127,314_PV_4,1,0.0,0.0
127,313_PV_2,1,0.0,0.0
127,310_PV_1,1,0.0,0.0
127,324_PV_1,1,0.0,0.0
127,312_PV_1,1,0.0,0.0
127,310_PV_2,1,0.0,0.0
127,324_PV_2,1,0.0,0.0
127,324_PV_3,1,0.0,0.0
127,319_PV_1,1,0.0,0.0
127,308_RTPV_1,1,0.0,0.0
127,313_RTPV_1,1,0.0,0.0
127,313_RTPV_2,1,0.0,0.0
127,313_RTPV_3,1,0.0,0.0
127,313_RTPV_4,1,0.0,0.0
127,313_RTPV_5,1,0.0,0.0
127,313_RTPV_6,1,0.0,0.0
127,313_RTPV_7,1,0.0,0.0
127,313_RTPV_8,1,0.0,0.0
127,313_RTPV_9,1,0.0,0.0
127,313_RTPV_10,1,0.0,0.0
127,313_RTPV_11,1,0.0,0.0
127,313_RTPV_12,1,0.0,0.0
127,320_RTPV_1,1,0.0,0.0
127,320_RTPV_2,1,0.0,0.0
127,320_RTPV_3,1,0.0,0.0
127,313_RTPV_13,1,0.0,0.0
127,320_RTPV_4,1,0.0,0.0
127,320_RTPV_5,1,0.0,0.0
127,320_RTPV_6,1,0.0,0.0
127,309_WIND_1,1,0.9,0.0
127,317_WIND_1,1,360.3,0.0
127,303_WIND_1,1,12.5,0.0
128,301_CT_1,1,20.0,105.3672414
128,301_CT_2,1,20.0,105.3672414
128,301_CT_3,1,55.0,43.742886659999996
128,301_CT_4,1,55.0,43.742886659999996
128,302_CT_1,1,20.0,105.3672414
128,302_CT_2,1,20.0,105.3672414
128,302_CT_3,1,55.0,38.635079579999996
128,302_CT_4,1,55.0,38.635079579999996
128,307_CT_1,1,55.0,35.47476972
128,307_CT_2,1,55.0,35.47476972
128,313_CC_1,1,355.0,33.75273126
128,315_STEAM_1,1,12.0,124.09965539999999
128,315_STEAM_2,1,12.0,124.09965539999999
128,315_STEAM_3,1,12.0,124.09965539999999
128,315_STEAM_4,1,12.0,124.09965539999999
128,315_STEAM_5,1,12.0,124.09965539999999
128,315_CT_6,1,55.0,31.8557679
128,315_CT_7,1,55.0,31.8557679
128,315_CT_8,1,55.0,31.8557679
128,316_STEAM_1,1,155.0,27.274698980000004
128,318_CC_1,1,355.0,31.529241419999998
128,321_CC_1,1,355.0,33.94709226
128,322_CT_5,1,55.0,27.89469072
128,322_CT_6,1,55.0,27.89469072
128,323_CC_1,1,355.0,31.727489639999995
128,323_CC_2,1,355.0,31.727489639999995
128,322_HYDRO_1,1,10.8,0.0
128,322_HYDRO_2,1,10.8,0.0
128,322_HYDRO_3,1,10.8,0.0
128,322_HYDRO_4,1,10.8,0.0
128,320_PV_1,1,0.0,0.0
128,314_PV_1,1,0.0,0.0
128,314_PV_2,1,0.0,0.0
128,313_PV_1,1,0.0,0.0
128,314_PV_3,1,0.0,0.0
128,314_PV_4,1,0.0,0.0
128,313_PV_2,1,0.0,0.0
128,310_PV_1,1,0.0,0.0
128,324_PV_1,1,0.0,0.0
128,312_PV_1,1,0.0,0.0
128,310_PV_2,1,0.0,0.0
128,324_PV_2,1,0.0,0.0
128,324_PV_3,1,0.0,0.0
128,319_PV_1,1,0.0,0.0
128,308_RTPV_1,1,0.0,0.0
128,313_RTPV_1,1,0.0,0.0
128,313_RTPV_2,1,0.0,0.0
128,313_RTPV_3,1,0.0,0.0
128,313_RTPV_4,1,0.0,0.0
128,313_RTPV_5,1,0.0,0.0
128,313_RTPV_6,1,0.0,0.0
128,313_RTPV_7,1,0.0,0.0
128,313_RTPV_8,1,0.0,0.0
128,313_RTPV_9,1,0.0,0.0
128,313_RTPV_10,1,0.0,0.0
128,313_RTPV_11,1,0.0,0.0
128,313_RTPV_12,1,0.0,0.0
128,320_RTPV_1,1,0.0,0.0
128,320_RTPV_2,1,0.0,0.0
128,320_RTPV_3,1,0.0,0.0
128,313_RTPV_13,1,0.0,0.0
128,320_RTPV_4,1,0.0,0.0
128,320_RTPV_5,1,0.0,0.0
128,320_RTPV_6,1,0.0,0.0
128,309_WIND_1,1,1.0,0.0
128,317_WIND_1,1,364.5,0.0
128,303_WIND_1,1,12.7,0.0
129,301_CT_1,1,20.0,105.3672414
129,301_CT_2,1,20.0,105.3672414
129,301_CT_3,1,55.0,43.742886659999996
129,301_CT_4,1,55.0,43.742886659999996
129,302_CT_1,1,20.0,105.3672414
129,302_CT_2,1,20.0,105.3672414
129,302_CT_3,1,55.0,38.635079579999996
129,302_CT_4,1,55.0,38.635079579999996
129,307_CT_1,1,55.0,35.47476972
129,307_CT_2,1,55.0,35.47476972
129,313_CC_1,1,355.0,33.75273126
129,315_STEAM_1,1,12.0,124.09965539999999
129,315_STEAM_2,1,12.0,124.09965539999999
129,315_STEAM_3,1,12.0,124.09965539999999
129,315_STEAM_4,1,12.0,124.09965539999999
129,315_STEAM_5,1,12.0,124.09965539999999
129,315_CT_6,1,55.0,31.8557679
129,315_CT_7,1,55.0,31.8557679
129,315_CT_8,1,55.0,31.8557679
129,316_STEAM_1,1,155.0,27.274698980000004
129,318_CC_1,1,355.0,31.529241419999998
129,321_CC_1,1,355.0,33.94709226
129,322_CT_5,1,55.0,27.89469072
129,322_CT_6,1,55.0,27.89469072
129,323_CC_1,1,355.0,31.727489639999995
129,323_CC_2,1,355.0,31.727489639999995
129,322_HYDRO_1,1,10.775,0.0
129,322_HYDRO_2,1,10.775,0.0
129,322_HYDRO_3,1,10.775,0.0
129,322_HYDRO_4,1,10.775,0.0
129,320_PV_1,1,0.0,0.0
129,314_PV_1,1,0.0,0.0
129,314_PV_2,1,0.0,0.0
129,313_PV_1,1,0.0,0.0
129,314_PV_3,1,0.0,0.0
129,314_PV_4,1,0.0,0.0
129,313_PV_2,1,0.0,0.0
129,310_PV_1,1,0.0,0.0
129,324_PV_1,1,0.0,0.0
129,312_PV_1,1,0.0,0.0
129,310_PV_2,1,0.0,0.0
129,324_PV_2,1,0.0,0.0
129,324_PV_3,1,0.0,0.0
129,319_PV_1,1,0.0,0.0
129,308_RTPV_1,1,0.0,0.0
129,313_RTPV_1,1,0.0,0.0
129,313_RTPV_2,1,0.0,0.0
129,313_RTPV_3,1,0.0,0.0
129,313_RTPV_4,1,0.0,0.0
129,313_RTPV_5,1,0.0,0.0
129,313_RTPV_6,1,0.0,0.0
129,313_RTPV_7,1,0.0,0.0
129,313_RTPV_8,1,0.0,0.0
129,313_RTPV_9,1,0.0,0.0
129,313_RTPV_10,1,0.0,0.0
129,313_RTPV_11,1,0.0,0.0
129,313_RTPV_12,1,0.0,0.0
129,320_RTPV_1,1,0.0,0.0
129,320_RTPV_2,1,0.0,0.0
129,320_RTPV_3,1,0.0,0.0
129,313_RTPV_13,1,0.0,0.0
129,320_RTPV_4,1,0.0,0.0
129,320_RTPV_5,1,0.0,0.0
129,320_RTPV_6,1,0.0,0.0
129,309_WIND_1,1,3.2,0.0
129,317_WIND_1,1,361.9,0.0
129,303_WIND_1,1,12.3,0.0
130,301_CT_1,1,20.0,105.3672414
130,301_CT_2,1,20.0,105.3672414
130,301_CT_3,1,55.0,43.742886659999996
130,301_CT_4,1,55.0,43.742886659999996
130,302_CT_1,1,20.0,105.3672414
130,302_CT_2,1,20.0,105.3672414
130,302_CT_3,1,55.0,38.635079579999996
130,302_CT_4,1,55.0,38.635079579999996
130,307_CT_1,1,55.0,35.47476972
130,307_CT_2,1,55.0,35.47476972
130,313_CC_1,1,355.0,33.75273126
130,315_STEAM_1,1,12.0,124.09965539999999
130,315_STEAM_2,1,12.0,124.09965539999999
130,315_STEAM_3,1,12.0,124.09965539999999
130,315_STEAM_4,1,12.0,124.09965539999999
130,315_STEAM_5,1,12.0,124.09965539999999
130,315_CT_6,1,55.0,31.8557679
130,315_CT_7,1,55.0,31.8557679
130,315_CT_8,1,55.0,31.8557679
130,316_STEAM_1,1,155.0,27.274698980000004
130,318_CC_1,1,355.0,31.529241419999998
130,321_CC_1,1,355.0,33.94709226
130,322_CT_5,1,55.0,27.89469072
130,322_CT_6,1,55.0,27.89469072
130,323_CC_1,1,355.0,31.727489639999995
130,323_CC_2,1,355.0,31.727489639999995
130,322_HYDRO_1,1,10.75,0.0
130,322_HYDRO_2,1,10.75,0.0
130,322_HYDRO_3,1,10.75,0.0
130,322_HYDRO_4,1,10.75,0.0
130,320_PV_1,1,0.0,0.0
130,314_PV_1,1,0.0,0.0
130,314_PV_2,1,0.0,0.0
130,313_PV_1,1,0.0,0.0
130,314_PV_3,1,0.0,0.0
130,314_PV_4,1,0.0,0.0
130,313_PV_2,1,0.0,0.0
130,310_PV_1,1,0.0,0.0
130,324_PV_1,1,0.0,0.0
130,312_PV_1,1,0.0,0.0
130,310_PV_2,1,0.0,0.0
130,324_PV_2,1,0.0,0.0
130,324_PV_3,1,0.0,0.0
130,319_PV_1,1,0.0,0.0
130,308_RTPV_1,1,0.0,0.0
130,313_RTPV_1,1,0.0,0.0
130,313_RTPV_2,1,0.0,0.0
130,313_RTPV_3,1,0.0,0.0
130,313_RTPV_4,1,0.0,0.0
130,313_RTPV_5,1,0.0,0.0
130,313_RTPV_6,1,0.0,0.0
130,313_RTPV_7,1,0.0,0.0
130,313_RTPV_8,1,0.0,0.0
130,313_RTPV_9,1,0.0,0.0
130,313_RTPV_10,1,0.0,0.0
130,313_RTPV_11,1,0.0,0.0
130,313_RTPV_12,1,0.0,0.0
130,320_RTPV_1,1,0.0,0.0
130,320_RTPV_2,1,0.0,0.0
130,320_RTPV_3,1,0.0,0.0
130,313_RTPV_13,1,0.0,0.0
130,320_RTPV_4,1,0.0,0.0
130,320_RTPV_5,1,0.0,0.0
130,320_RTPV_6,1,0.0,0.0
130,309_WIND_1,1,3.7,0.0
130,317_WIND_1,1,355.0,0.0
130,303_WIND_1,1,12.6,0.0
131,301_CT_1,1,20.0,105.3672414
131,301_CT_2,1,20.0,105.3672414
131,301_CT_3,1,55.0,43.742886659999996
131,301_CT_4,1,55.0,43.742886659999996
131,302_CT_1,1,20.0,105.3672414
131,302_CT_2,1,20.0,105.3672414
131,302_CT_3,1,55.0,38.635079579999996
131,302_CT_4,1,55.0,38.635079579999996
131,307_CT_1,1,55.0,35.47476972
131,307_CT_2,1,55.0,35.47476972
131,313_CC_1,1,355.0,33.75273126
131,315_STEAM_1,1,12.0,124.09965539999999
131,315_STEAM_2,1,12.0,124.09965539999999
131,315_STEAM_3,1,12.0,124.09965539999999
131,315_STEAM_4,1,12.0,124.09965539999999
131,315_STEAM_5,1,12.0,124.09965539999999
131,315_CT_6,1,55.0,31.8557679
131,315_CT_7,1,55.0,31.8557679
131,315_CT_8,1,55.0,31.8557679
131,316_STEAM_1,1,155.0,27.274698980000004
131,318_CC_1,1,355.0,31.529241419999998
131,321_CC_1,1,355.0,33.94709226
131,322_CT_5,1,55.0,27.89469072
131,322_CT_6,1,55.0,27.89469072
131,323_CC_1,1,355.0,31.727489639999995
131,323_CC_2,1,355.0,31.727489639999995
131,322_HYDRO_1,1,10.725,0.0
131,322_HYDRO_2,1,10.725,0.0
131,322_HYDRO_3,1,10.725,0.0
131,322_HYDRO_4,1,10.725,0.0
131,320_PV_1,1,0.0,0.0
131,314_PV_1,1,0.0,0.0
131,314_PV_2,1,0.0,0.0
131,313_PV_1,1,0.0,0.0
131,314_PV_3,1,0.0,0.0
131,314_PV_4,1,0.0,0.0
131,313_PV_2,1,0.0,0.0
131,310_PV_1,1,0.0,0.0
131,324_PV_1,1,0.0,0.0
131,312_PV_1,1,0.0,0.0
131,310_PV_2,1,0.0,0.0
131,324_PV_2,1,0.0,0.0
131,324_PV_3,1,0.0,0.0
131,319_PV_1,1,0.0,0.0
131,308_RTPV_1,1,0.0,0.0
131,313_RTPV_1,1,0.0,0.0
131,313_RTPV_2,1,0.0,0.0
131,313_RTPV_3,1,0.0,0.0
131,313_RTPV_4,1,0.0,0.0
131,313_RTPV_5,1,0.0,0.0
131,313_RTPV_6,1,0.0,0.0
131,313_RTPV_7,1,0.0,0.0
131,313_RTPV_8,1,0.0,0.0
131,313_RTPV_9,1,0.0,0.0
131,313_RTPV_10,1,0.0,0.0
131,313_RTPV_11,1,0.0,0.0
131,313_RTPV_12,1,0.0,0.0
131,320_RTPV_1,1,0.0,0.0
131,320_RTPV_2,1,0.0,0.0
131,320_RTPV_3,1,0.0,0.0
131,313_RTPV_13,1,0.0,0.0
131,320_RTPV_4,1,0.0,0.0
131,320_RTPV_5,1,0.0,0.0
131,320_RTPV_6,1,0.0,0.0
131,309_WIND_1,1,2.2,0.0
131,317_WIND_1,1,354.2,0.0
131,303_WIND_1,1,15.0,0.0
132,301_CT_1,1,20.0,105.3672414
132,301_CT_2,1,20.0,105.3672414
132,301_CT_3,1,55.0,43.742886659999996
132,301_CT_4,1,55.0,43.742886659999996
132,302_CT_1,1,20.0,105.3672414
132,302_CT_2,1,20.0,105.3672414
132,302_CT_3,1,55.0,38.635079579999996
132,302_CT_4,1,55.0,38.635079579999996
132,307_CT_1,1,55.0,35.47476972
132,307_CT_2,1,55.0,35.47476972
132,313_CC_1,1,355.0,33.75273126
132,315_STEAM_1,1,12.0,124.09965539999999
132,315_STEAM_2,1,12.0,124.09965539999999
132,315_STEAM_3,1,12.0,124.09965539999999
132,315_STEAM_4,1,12.0,124.09965539999999
132,315_STEAM_5,1,12.0,124.09965539999999
132,315_CT_6,1,55.0,31.8557679
132,315_CT_7,1,55.0,31.8557679
132,315_CT_8,1,55.0,31.8557679
132,316_STEAM_1,1,155.0,27.274698980000004
132,318_CC_1,1,355.0,31.529241419999998
132,321_CC_1,1,355.0,33.94709226
132,322_CT_5,1,55.0,27.89469072
132,322_CT_6,1,55.0,27.89469072
132,323_CC_1,1,355.0,31.727489639999995
132,323_CC_2,1,355.0,31.727489639999995
132,322_HYDRO_1,1,10.7,0.0
132,322_HYDRO_2,1,10.7,0.0
132,322_HYDRO_3,1,10.7,0.0
132,322_HYDRO_4,1,10.7,0.0
132,320_PV_1,1,0.0,0.0
132,314_PV_1,1,0.0,0.0
132,314_PV_2,1,0.0,0.0
132,313_PV_1,1,0.0,0.0
132,314_PV_3,1,0.0,0.0
132,314_PV_4,1,0.0,0.0
132,313_PV_2,1,0.0,0.0
132,310_PV_1,1,0.0,0.0
132,324_PV_1,1,0.0,0.0
132,312_PV_1,1,0.0,0.0
132,310_PV_2,1,0.0,0.0
132,324_PV_2,1,0.0,0.0
132,324_PV_3,1,0.0,0.0
132,319_PV_1,1,0.0,0.0
132,308_RTPV_1,1,0.0,0.0
132,313_RTPV_1,1,0.0,0.0
132,313_RTPV_2,1,0.0,0.0
132,313_RTPV_3,1,0.0,0.0
132,313_RTPV_4,1,0.0,0.0
132,313_RTPV_5,1,0.0,0.0
132,313_RTPV_6,1,0.0,0.0
132,313_RTPV_7,1,0.0,0.0
132,313_RTPV_8,1,0.0,0.0
132,313_RTPV_9,1,0.0,0.0
132,313_RTPV_10,1,0.0,0.0
132,313_RTPV_11,1,0.0,0.0
132,313_RTPV_12,1,0.0,0.0
132,320_RTPV_1,1,0.0,0.0
132,320_RTPV_2,1,0.0,0.0
132,320_RTPV_3,1,0.0,0.0
132,313_RTPV_13,1,0.0,0.0
132,320_RTPV_4,1,0.0,0.0
132,320_RTPV_5,1,0.0,0.0
132,320_RTPV_6,1,0.0,0.0
132,309_WIND_1,1,1.7,0.0
132,317_WIND_1,1,360.1,0.0
132,303_WIND_1,1,10.7,0.0
133,301_CT_1,1,20.0,105.3672414
133,301_CT_2,1,20.0,105.3672414
133,301_CT_3,1,55.0,43.742886659999996
133,301_CT_4,1,55.0,43.742886659999996
133,302_CT_1,1,20.0,105.3672414
133,302_CT_2,1,20.0,105.3672414
133,302_CT_3,1,55.0,38.635079579999996
133,302_CT_4,1,55.0,38.635079579999996
133,307_CT_1,1,55.0,35.47476972
133,307_CT_2,1,55.0,35.47476972
133,313_CC_1,1,355.0,33.75273126
133,315_STEAM_1,1,12.0,124.09965539999999
133,315_STEAM_2,1,12.0,124.09965539999999
133,315_STEAM_3,1,12.0,124.09965539999999
133,315_STEAM_4,1,12.0,124.09965539999999
133,315_STEAM_5,1,12.0,124.09965539999999
133,315_CT_6,1,55.0,31.8557679
133,315_CT_7,1,55.0,31.8557679
133,315_CT_8,1,55.0,31.8557679
133,316_STEAM_1,1,155.0,27.274698980000004
133,318_CC_1,1,355.0,31.529241419999998
133,321_CC_1,1,355.0,33.94709226
133,322_CT_5,1,55.0,27.89469072
133,322_CT_6,1,55.0,27.89469072
133,323_CC_1,1,355.0,31.727489639999995
133,323_CC_2,1,355.0,31.727489639999995
133,322_HYDRO_1,1,11.333,0.0
133,322_HYDRO_2,1,11.333,0.0
133,322_HYDRO_3,1,11.333,0.0
133,322_HYDRO_4,1,11.333,0.0
133,320_PV_1,1,0.0,0.0
133,314_PV_1,1,0.0,0.0
133,314_PV_2,1,0.0,0.0
133,313_PV_1,1,0.0,0.0
133,314_PV_3,1,0.0,0.0
133,314_PV_4,1,0.0,0.0
133,313_PV_2,1,0.0,0.0
133,310_PV_1,1,0.0,0.0
133,324_PV_1,1,0.0,0.0
133,312_PV_1,1,0.0,0.0
133,310_PV_2,1,0.0,0.0
133,324_PV_2,1,0.0,0.0
133,324_PV_3,1,0.0,0.0
133,319_PV_1,1,0.0,0.0
133,308_RTPV_1,1,0.0,0.0
133,313_RTPV_1,1,0.0,0.0
133,313_RTPV_2,1,0.0,0.0
133,313_RTPV_3,1,0.0,0.0
133,313_RTPV_4,1,0.0,0.0
133,313_RTPV_5,1,0.0,0.0
133,313_RTPV_6,1,0.0,0.0
133,313_RTPV_7,1,0.0,0.0
133,313_RTPV_8,1,0.0,0.0
133,313_RTPV_9,1,0.0,0.0
133,313_RTPV_10,1,0.0,0.0
133,313_RTPV_11,1,0.0,0.0
133,313_RTPV_12,1,0.0,0.0
133,320_RTPV_1,1,0.0,0.0
133,320_RTPV_2,1,0.0,0.0
133,320_RTPV_3,1,0.0,0.0
133,313_RTPV_13,1,0.0,0.0
133,320_RTPV_4,1,0.0,0.0
133,320_RTPV_5,1,0.0,0.0
133,320_RTPV_6,1,0.0,0.0
133,309_WIND_1,1,2.1,0.0
133,317_WIND_1,1,368.6,0.0
133,303_WIND_1,1,11.0,0.0
134,301_CT_1,1,20.0,105.3672414
134,301_CT_2,1,20.0,105.3672414
134,301_CT_3,1,55.0,43.742886659999996
134,301_CT_4,1,55.0,43.742886659999996
134,302_CT_1,1,20.0,105.3672414
134,302_CT_2,1,20.0,105.3672414
134,302_CT_3,1,55.0,38.635079579999996
134,302_CT_4,1,55.0,38.635079579999996
134,307_CT_1,1,55.0,35.47476972
134,307_CT_2,1,55.0,35.47476972
134,313_CC_1,1,355.0,33.75273126
134,315_STEAM_1,1,12.0,124.09965539999999
134,315_STEAM_2,1,12.0,124.09965539999999
134,315_STEAM_3,1,12.0,124.09965539999999
134,315_STEAM_4,1,12.0,124.09965539999999
134,315_STEAM_5,1,12.0,124.09965539999999
134,315_CT_6,1,55.0,31.8557679
134,315_CT_7,1,55.0,31.8557679
134,315_CT_8,1,55.0,31.8557679
134,316_STEAM_1,1,155.0,27.274698980000004
134,318_CC_1,1,355.0,31.529241419999998
134,321_CC_1,1,355.0,33.94709226
134,322_CT_5,1,55.0,27.89469072
134,322_CT_6,1,55.0,27.89469072
134,323_CC_1,1,355.0,31.727489639999995
134,323_CC_2,1,355.0,31.727489639999995
134,322_HYDRO_1,1,11.967,0.0
134,322_HYDRO_2,1,11.967,0.0
134,322_HYDRO_3,1,11.967,0.0
134,322_HYDRO_4,1,11.967,0.0
134,320_PV_1,1,0.0,0.0
134,314_PV_1,1,0.0,0.0
134,314_PV_2,1,0.0,0.0
134,313_PV_1,1,0.0,0.0
134,314_PV_3,1,0.0,0.0
134,314_PV_4,1,0.0,0.0
134,313_PV_2,1,0.0,0.0
134,310_PV_1,1,0.0,0.0
134,324_PV_1,1,0.0,0.0
134,312_PV_1,1,0.0,0.0
134,310_PV_2,1,0.0,0.0
134,324_PV_2,1,0.0,0.0
134,324_PV_3,1,0.0,0.0
134,319_PV_1,1,0.0,0.0
134,308_RTPV_1,1,0.0,0.0
134,313_RTPV_1,1,0.0,0.0
134,313_RTPV_2,1,0.0,0.0
134,313_RTPV_3,1,0.0,0.0
134,313_RTPV_4,1,0.0,0.0
134,313_RTPV_5,1,0.0,0.0
134,313_RTPV_6,1,0.0,0.0
134,313_RTPV_7,1,0.0,0.0
134,313_RTPV_8,1,0.0,0.0
134,313_RTPV_9,1,0.0,0.0
134,313_RTPV_10,1,0.0,0.0
134,313_RTPV_11,1,0.0,0.0
134,313_RTPV_12,1,0.0,0.0
134,320_RTPV_1,1,0.0,0.0
134,320_RTPV_2,1,0.0,0.0
134,320_RTPV_3,1,0.0,0.0
134,313_RTPV_13,1,0.0,0.0
134,320_RTPV_4,1,0.0,0.0
134,320_RTPV_5,1,0.0,0.0
134,320_RTPV_6,1,0.0,0.0
134,309_WIND_1,1,1.8,0.0
134,317_WIND_1,1,362.9,0.0
134,303_WIND_1,1,14.7,0.0
135,301_CT_1,1,20.0,105.3672414
135,301_CT_2,1,20.0,105.3672414
135,301_CT_3,1,55.0,43.742886659999996
135,301_CT_4,1,55.0,43.742886659999996
135,302_CT_1,1,20.0,105.3672414
135,302_CT_2,1,20.0,105.3672414
135,302_CT_3,1,55.0,38.635079579999996
135,302_CT_4,1,55.0,38.635079579999996
135,307_CT_1,1,55.0,35.47476972
135,307_CT_2,1,55.0,35.47476972
135,313_CC_1,1,355.0,33.75273126
135,315_STEAM_1,1,12.0,124.09965539999999
135,315_STEAM_2,1,12.0,124.09965539999999
135,315_STEAM_3,1,12.0,124.09965539999999
135,315_STEAM_4,1,12.0,124.09965539999999
135,315_STEAM_5,1,12.0,124.09965539999999
135,315_CT_6,1,55.0,31.8557679
135,315_CT_7,1,55.0,31.8557679
135,315_CT_8,1,55.0,31.8557679
135,316_STEAM_1,1,155.0,27.274698980000004
135,318_CC_1,1,355.0,31.529241419999998
135,321_CC_1,1,355.0,33.94709226
135,322_CT_5,1,55.0,27.89469072
135,322_CT_6,1,55.0,27.89469072
135,323_CC_1,1,355.0,31.727489639999995
135,323_CC_2,1,355.0,31.727489639999995
135,322_HYDRO_1,1,12.6,0.0
135,322_HYDRO_2,1,12.6,0.0
135,322_HYDRO_3,1,12.6,0.0
135,322_HYDRO_4,1,12.6,0.0
135,320_PV_1,1,0.0,0.0
135,314_PV_1,1,0.0,0.0
135,314_PV_2,1,0.0,0.0
135,313_PV_1,1,0.0,0.0
135,314_PV_3,1,0.0,0.0
135,314_PV_4,1,0.0,0.0
135,313_PV_2,1,0.0,0.0
135,310_PV_1,1,0.0,0.0
135,324_PV_1,1,0.0,0.0
135,312_PV_1,1,0.0,0.0
135,310_PV_2,1,0.0,0.0
135,324_PV_2,1,0.0,0.0
135,324_PV_3,1,0.0,0.0
135,319_PV_1,1,0.0,0.0
135,308_RTPV_1,1,0.0,0.0
135,313_RTPV_1,1,0.0,0.0
135,313_RTPV_2,1,0.0,0.0
135,313_RTPV_3,1,0.0,0.0
135,313_RTPV_4,1,0.0,0.0
135,313_RTPV_5,1,0.0,0.0
135,313_RTPV_6,1,0.0,0.0
135,313_RTPV_7,1,0.0,0.0
135,313_RTPV_8,1,0.0,0.0
135,313_RTPV_9,1,0.0,0.0
135,313_RTPV_10,1,0.0,0.0
135,313_RTPV_11,1,0.0,0.0
135,313_RTPV_12,1,0.0,0.0
135,320_RTPV_1,1,0.0,0.0
135,320_RTPV_2,1,0.0,0.0
135,320_RTPV_3,1,0.0,0.0
135,313_RTPV_13,1,0.0,0.0
135,320_RTPV_4,1,0.0,0.0
135,320_RTPV_5,1,0.0,0.0
135,320_RTPV_6,1,0.0,0.0
135,309_WIND_1,1,0.9,0.0
135,317_WIND_1,1,358.4,0.0
135,303_WIND_1,1,15.8,0.0
136,301_CT_1,1,20.0,105.3672414
136,301_CT_2,1,20.0,105.3672414
136,301_CT_3,1,55.0,43.742886659999996
136,301_CT_4,1,55.0,43.742886659999996
136,302_CT_1,1,20.0,105.3672414
136,302_CT_2,1,20.0,105.3672414
136,302_CT_3,1,55.0,38.635079579999996
136,302_CT_4,1,55.0,38.635079579999996
136,307_CT_1,1,55.0,35.47476972
136,307_CT_2,1,55.0,35.47476972
136,313_CC_1,1,355.0,33.75273126
136,315_STEAM_1,1,12.0,124.09965539999999
136,315_STEAM_2,1,12.0,124.09965539999999
136,315_STEAM_3,1,12.0,124.09965539999999
136,315_STEAM_4,1,12.0,124.09965539999999
136,315_STEAM_5,1,12.0,124.09965539999999
136,315_CT_6,1,55.0,31.8557679
136,315_CT_7,1,55.0,31.8557679
136,315_CT_8,1,55.0,31.8557679
136,316_STEAM_1,1,155.0,27.274698980000004
136,318_CC_1,1,355.0,31.529241419999998
136,321_CC_1,1,355.0,33.94709226
136,322_CT_5,1,55.0,27.89469072
136,322_CT_6,1,55.0,27.89469072
136,323_CC_1,1,355.0,31.727489639999995
136,323_CC_2,1,355.0,31.727489639999995
136,322_HYDRO_1,1,13.232999999999999,0.0
136,322_HYDRO_2,1,13.232999999999999,0.0
136,322_HYDRO_3,1,13.232999999999999,0.0
136,322_HYDRO_4,1,13.232999999999999,0.0
136,320_PV_1,1,0.0,0.0
136,314_PV_1,1,0.0,0.0
136,314_PV_2,1,0.0,0.0
136,313_PV_1,1,0.0,0.0
136,314_PV_3,1,0.0,0.0
136,314_PV_4,1,0.0,0.0
136,313_PV_2,1,0.0,0.0
136,310_PV_1,1,0.0,0.0
136,324_PV_1,1,0.0,0.0
136,312_PV_1,1,0.0,0.0
136,310_PV_2,1,0.0,0.0
136,324_PV_2,1,0.0,0.0
136,324_PV_3,1,0.0,0.0
136,319_PV_1,1,0.0,0.0
136,308_RTPV_1,1,0.0,0.0
136,313_RTPV_1,1,0.0,0.0
136,313_RTPV_2,1,0.0,0.0
136,313_RTPV_3,1,0.0,0.0
136,313_RTPV_4,1,0.0,0.0
136,313_RTPV_5,1,0.0,0.0
136,313_RTPV_6,1,0.0,0.0
136,313_RTPV_7,1,0.0,0.0
136,313_RTPV_8,1,0.0,0.0
136,313_RTPV_9,1,0.0,0.0
136,313_RTPV_10,1,0.0,0.0
136,313_RTPV_11,1,0.0,0.0
136,313_RTPV_12,1,0.0,0.0
136,320_RTPV_1,1,0.0,0.0
136,320_RTPV_2,1,0.0,0.0
136,320_RTPV_3,1,0.0,0.0
136,313_RTPV_13,1,0.0,0.0
136,320_RTPV_4,1,0.0,0.0
136,320_RTPV_5,1,0.0,0.0
136,320_RTPV_6,1,0.0,0.0
136,309_WIND_1,1,0.8,0.0
136,317_WIND_1,1,364.0,0.0
136,303_WIND_1,1,14.0,0.0
137,301_CT_1,1,20.0,105.3672414
137,301_CT_2,1,20.0,105.3672414
137,301_CT_3,1,55.0,43.742886659999996
137,301_CT_4,1,55.0,43.742886659999996
137,302_CT_1,1,20.0,105.3672414
137,302_CT_2,1,20.0,105.3672414
137,302_CT_3,1,55.0,38.635079579999996
137,302_CT_4,1,55.0,38.635079579999996
137,307_CT_1,1,55.0,35.47476972
137,307_CT_2,1,55.0,35.47476972
137,313_CC_1,1,355.0,33.75273126
137,315_STEAM_1,1,12.0,124.09965539999999
137,315_STEAM_2,1,12.0,124.09965539999999
137,315_STEAM_3,1,12.0,124.09965539999999
137,315_STEAM_4,1,12.0,124.09965539999999
137,315_STEAM_5,1,12.0,124.09965539999999
137,315_CT_6,1,55.0,31.8557679
137,315_CT_7,1,55.0,31.8557679
137,315_CT_8,1,55.0,31.8557679
137,316_STEAM_1,1,155.0,27.274698980000004
137,318_CC_1,1,355.0,31.529241419999998
137,321_CC_1,1,355.0,33.94709226
137,322_CT_5,1,55.0,27.89469072
137,322_CT_6,1,55.0,27.89469072
137,323_CC_1,1,355.0,31.727489639999995
137,323_CC_2,1,355.0,31.727489639999995
137,322_HYDRO_1,1,13.867,0.0
137,322_HYDRO_2,1,13.867,0.0
137,322_HYDRO_3,1,13.867,0.0
137,322_HYDRO_4,1,13.867,0.0
137,320_PV_1,1,0.0,0.0
137,314_PV_1,1,0.0,0.0
137,314_PV_2,1,0.0,0.0
137,313_PV_1,1,0.0,0.0
137,314_PV_3,1,0.0,0.0
137,314_PV_4,1,0.0,0.0
137,313_PV_2,1,0.0,0.0
137,310_PV_1,1,0.0,0.0
137,324_PV_1,1,0.0,0.0
137,312_PV_1,1,0.0,0.0
137,310_PV_2,1,0.0,0.0
137,324_PV_2,1,0.0,0.0
137,324_PV_3,1,0.0,0.0
137,319_PV_1,1,0.0,0.0
137,308_RTPV_1,1,0.0,0.0
137,313_RTPV_1,1,0.0,0.0
137,313_RTPV_2,1,0.0,0.0
137,313_RTPV_3,1,0.0,0.0
137,313_RTPV_4,1,0.0,0.0
137,313_RTPV_5,1,0.0,0.0
137,313_RTPV_6,1,0.0,0.0
137,313_RTPV_7,1,0.0,0.0
137,313_RTPV_8,1,0.0,0.0
137,313_RTPV_9,1,0.0,0.0
137,313_RTPV_10,1,0.0,0.0
137,313_RTPV_11,1,0.0,0.0
137,313_RTPV_12,1,0.0,0.0
137,320_RTPV_1,1,0.0,0.0
137,320_RTPV_2,1,0.0,0.0
137,320_RTPV_3,1,0.0,0.0
137,313_RTPV_13,1,0.0,0.0
137,320_RTPV_4,1,0.0,0.0
137,320_RTPV_5,1,0.0,0.0
137,320_RTPV_6,1,0.0,0.0
137,309_WIND_1,1,2.4,0.0
137,317_WIND_1,1,366.5,0.0
137,303_WIND_1,1,12.3,0.0
138,301_CT_1,1,20.0,105.3672414
138,301_CT_2,1,20.0,105.3672414
138,301_CT_3,1,55.0,43.742886659999996
138,301_CT_4,1,55.0,43.742886659999996
138,302_CT_1,1,20.0,105.3672414
138,302_CT_2,1,20.0,105.3672414
138,302_CT_3,1,55.0,38.635079579999996
138,302_CT_4,1,55.0,38.635079579999996
138,307_CT_1,1,55.0,35.47476972
138,307_CT_2,1,55.0,35.47476972
138,313_CC_1,1,355.0,33.75273126
138,315_STEAM_1,1,12.0,124.09965539999999
138,315_STEAM_2,1,12.0,124.09965539999999
138,315_STEAM_3,1,12.0,124.09965539999999
138,315_STEAM_4,1,12.0,124.09965539999999
138,315_STEAM_5,1,12.0,124.09965539999999
138,315_CT_6,1,55.0,31.8557679
138,315_CT_7,1,55.0,31.8557679
138,315_CT_8,1,55.0,31.8557679
138,316_STEAM_1,1,155.0,27.274698980000004
138,318_CC_1,1,355.0,31.529241419999998
138,321_CC_1,1,355.0,33.94709226
138,322_CT_5,1,55.0,27.89469072
138,322_CT_6,1,55.0,27.89469072
138,323_CC_1,1,355.0,31.727489639999995
138,323_CC_2,1,355.0,31.727489639999995
138,322_HYDRO_1,1,14.5,0.0
138,322_HYDRO_2,1,14.5,0.0
138,322_HYDRO_3,1,14.5,0.0
138,322_HYDRO_4,1,14.5,0.0
138,320_PV_1,1,0.0,0.0
138,314_PV_1,1,0.0,0.0
138,314_PV_2,1,0.0,0.0
138,313_PV_1,1,0.0,0.0
138,314_PV_3,1,0.0,0.0
138,314_PV_4,1,0.0,0.0
138,313_PV_2,1,0.0,0.0
138,310_PV_1,1,0.0,0.0
138,324_PV_1,1,0.0,0.0
138,312_PV_1,1,0.0,0.0
138,310_PV_2,1,0.0,0.0
138,324_PV_2,1,0.0,0.0
138,324_PV_3,1,0.0,0.0
138,319_PV_1,1,0.0,0.0
138,308_RTPV_1,1,0.0,0.0
138,313_RTPV_1,1,0.0,0.0
138,313_RTPV_2,1,0.0,0.0
138,313_RTPV_3,1,0.0,0.0
138,313_RTPV_4,1,0.0,0.0
138,313_RTPV_5,1,0.0,0.0
138,313_RTPV_6,1,0.0,0.0
138,313_RTPV_7,1,0.0,0.0
138,313_RTPV_8,1,0.0,0.0
138,313_RTPV_9,1,0.0,0.0
138,313_RTPV_10,1,0.0,0.0
138,313_RTPV_11,1,0.0,0.0
138,313_RTPV_12,1,0.0,0.0
138,320_RTPV_1,1,0.0,0.0
138,320_RTPV_2,1,0.0,0.0
138,320_RTPV_3,1,0.0,0.0
138,313_RTPV_13,1,0.0,0.0
138,320_RTPV_4,1,0.0,0.0
138,320_RTPV_5,1,0.0,0.0
138,320_RTPV_6,1,0.0,0.0
138,309_WIND_1,1,1.4,0.0
138,317_WIND_1,1,358.3,0.0
138,303_WIND_1,1,14.1,0.0
139,301_CT_1,1,20.0,105.3672414
139,301_CT_2,1,20.0,105.3672414
139,301_CT_3,1,55.0,43.742886659999996
139,301_CT_4,1,55.0,43.742886659999996
139,302_CT_1,1,20.0,105.3672414
139,302_CT_2,1,20.0,105.3672414
139,302_CT_3,1,55.0,38.635079579999996
139,302_CT_4,1,55.0,38.635079579999996
139,307_CT_1,1,55.0,35.47476972
139,307_CT_2,1,55.0,35.47476972
139,313_CC_1,1,355.0,33.75273126
139,315_STEAM_1,1,12.0,124.09965539999999
139,315_STEAM_2,1,12.0,124.09965539999999
139,315_STEAM_3,1,12.0,124.09965539999999
139,315_STEAM_4,1,12.0,124.09965539999999
139,315_STEAM_5,1,12.0,124.09965539999999
139,315_CT_6,1,55.0,31.8557679
139,315_CT_7,1,55.0,31.8557679
139,315_CT_8,1,55.0,31.8557679
139,316_STEAM_1,1,155.0,27.274698980000004
139,318_CC_1,1,355.0,31.529241419999998
139,321_CC_1,1,355.0,33.94709226
139,322_CT_5,1,55.0,27.89469072
139,322_CT_6,1,55.0,27.89469072
139,323_CC_1,1,355.0,31.727489639999995
139,323_CC_2,1,355.0,31.727489639999995
139,322_HYDRO_1,1,15.133,0.0
139,322_HYDRO_2,1,15.133,0.0
139,322_HYDRO_3,1,15.133,0.0
139,322_HYDRO_4,1,15.133,0.0
139,320_PV_1,1,0.0,0.0
139,314_PV_1,1,0.0,0.0
139,314_PV_2,1,0.0,0.0
139,313_PV_1,1,0.0,0.0
139,314_PV_3,1,0.0,0.0
139,314_PV_4,1,0.0,0.0
139,313_PV_2,1,0.0,0.0
139,310_PV_1,1,0.0,0.0
139,324_PV_1,1,0.0,0.0
139,312_PV_1,1,0.0,0.0
139,310_PV_2,1,0.0,0.0
139,324_PV_2,1,0.0,0.0
139,324_PV_3,1,0.0,0.0
139,319_PV_1,1,0.0,0.0
139,308_RTPV_1,1,0.0,0.0
139,313_RTPV_1,1,0.0,0.0
139,313_RTPV_2,1,0.0,0.0
139,313_RTPV_3,1,0.0,0.0
139,313_RTPV_4,1,0.0,0.0
139,313_RTPV_5,1,0.0,0.0
139,313_RTPV_6,1,0.0,0.0
139,313_RTPV_7,1,0.0,0.0
139,313_RTPV_8,1,0.0,0.0
139,313_RTPV_9,1,0.0,0.0
139,313_RTPV_10,1,0.0,0.0
139,313_RTPV_11,1,0.0,0.0
139,313_RTPV_12,1,0.0,0.0
139,320_RTPV_1,1,0.0,0.0
139,320_RTPV_2,1,0.0,0.0
139,320_RTPV_3,1,0.0,0.0
139,313_RTPV_13,1,0.0,0.0
139,320_RTPV_4,1,0.0,0.0
139,320_RTPV_5,1,0.0,0.0
139,320_RTPV_6,1,0.0,0.0
139,309_WIND_1,1,0.6,0.0
139,317_WIND_1,1,362.8,0.0
139,303_WIND_1,1,13.3,0.0
140,301_CT_1,1,20.0,105.3672414
140,301_CT_2,1,20.0,105.3672414
140,301_CT_3,1,55.0,43.742886659999996
140,301_CT_4,1,55.0,43.742886659999996
140,302_CT_1,1,20.0,105.3672414
140,302_CT_2,1,20.0,105.3672414
140,302_CT_3,1,55.0,38.635079579999996
140,302_CT_4,1,55.0,38.635079579999996
140,307_CT_1,1,55.0,35.47476972
140,307_CT_2,1,55.0,35.47476972
140,313_CC_1,1,355.0,33.75273126
140,315_STEAM_1,1,12.0,124.09965539999999
140,315_STEAM_2,1,12.0,124.09965539999999
140,315_STEAM_3,1,12.0,124.09965539999999
140,315_STEAM_4,1,12.0,124.09965539999999
140,315_STEAM_5,1,12.0,124.09965539999999
140,315_CT_6,1,55.0,31.8557679
140,315_CT_7,1,55.0,31.8557679
140,315_CT_8,1,55.0,31.8557679
140,316_STEAM_1,1,155.0,27.274698980000004
140,318_CC_1,1,355.0,31.529241419999998
140,321_CC_1,1,355.0,33.94709226
140,322_CT_5,1,55.0,27.89469072
140,322_CT_6,1,55.0,27.89469072
140,323_CC_1,1,355.0,31.727489639999995
140,323_CC_2,1,355.0,31.727489639999995
140,322_HYDRO_1,1,15.767000000000001,0.0
140,322_HYDRO_2,1,15.767000000000001,0.0
140,322_HYDRO_3,1,15.767000000000001,0.0
140,322_HYDRO_4,1,15.767000000000001,0.0
140,320_PV_1,1,0.0,0.0
140,314_PV_1,1,0.0,0.0
140,314_PV_2,1,0.0,0.0
140,313_PV_1,1,0.0,0.0
140,314_PV_3,1,0.0,0.0
140,314_PV_4,1,0.0,0.0
140,313_PV_2,1,0.0,0.0
140,310_PV_1,1,0.0,0.0
140,324_PV_1,1,0.0,0.0
140,312_PV_1,1,0.0,0.0
140,310_PV_2,1,0.0,0.0
140,324_PV_2,1,0.0,0.0
140,324_PV_3,1,0.0,0.0
140,319_PV_1,1,0.0,0.0
140,308_RTPV_1,1,0.0,0.0
140,313_RTPV_1,1,0.0,0.0
140,313_RTPV_2,1,0.0,0.0
140,313_RTPV_3,1,0.0,0.0
140,313_RTPV_4,1,0.0,0.0
140,313_RTPV_5,1,0.0,0.0
140,313_RTPV_6,1,0.0,0.0
140,313_RTPV_7,1,0.0,0.0
140,313_RTPV_8,1,0.0,0.0
140,313_RTPV_9,1,0.0,0.0
140,313_RTPV_10,1,0.0,0.0
140,313_RTPV_11,1,0.0,0.0
140,313_RTPV_12,1,0.0,0.0
140,320_RTPV_1,1,0.0,0.0
140,320_RTPV_2,1,0.0,0.0
140,320_RTPV_3,1,0.0,0.0
140,313_RTPV_13,1,0.0,0.0
140,320_RTPV_4,1,0.0,0.0
140,320_RTPV_5,1,0.0,0.0
140,320_RTPV_6,1,0.0,0.0
140,309_WIND_1,1,1.5,0.0
140,317_WIND_1,1,372.2,0.0
140,303_WIND_1,1,16.7,0.0
141,301_CT_1,1,20.0,105.3672414
141,301_CT_2,1,20.0,105.3672414
141,301_CT_3,1,55.0,43.742886659999996
141,301_CT_4,1,55.0,43.742886659999996
141,302_CT_1,1,20.0,105.3672414
141,302_CT_2,1,20.0,105.3672414
141,302_CT_3,1,55.0,38.635079579999996
141,302_CT_4,1,55.0,38.635079579999996
141,307_CT_1,1,55.0,35.47476972
141,307_CT_2,1,55.0,35.47476972
141,313_CC_1,1,355.0,33.75273126
141,315_STEAM_1,1,12.0,124.09965539999999
141,315_STEAM_2,1,12.0,124.09965539999999
141,315_STEAM_3,1,12.0,124.09965539999999
141,315_STEAM_4,1,12.0,124.09965539999999
141,315_STEAM_5,1,12.0,124.09965539999999
141,315_CT_6,1,55.0,31.8557679
141,315_CT_7,1,55.0,31.8557679
141,315_CT_8,1,55.0,31.8557679
141,316_STEAM_1,1,155.0,27.274698980000004
141,318_CC_1,1,355.0,31.529241419999998
141,321_CC_1,1,355.0,33.94709226
141,322_CT_5,1,55.0,27.89469072
141,322_CT_6,1,55.0,27.89469072
141,323_CC_1,1,355.0,31.727489639999995
141,323_CC_2,1,355.0,31.727489639999995
141,322_HYDRO_1,1,16.4,0.0
141,322_HYDRO_2,1,16.4,0.0
141,322_HYDRO_3,1,16.4,0.0
141,322_HYDRO_4,1,16.4,0.0
141,320_PV_1,1,0.0,0.0
141,314_PV_1,1,0.0,0.0
141,314_PV_2,1,0.0,0.0
141,313_PV_1,1,0.0,0.0
141,314_PV_3,1,0.0,0.0
141,314_PV_4,1,0.0,0.0
141,313_PV_2,1,0.0,0.0
141,310_PV_1,1,0.0,0.0
141,324_PV_1,1,0.0,0.0
141,312_PV_1,1,0.0,0.0
141,310_PV_2,1,0.0,0.0
141,324_PV_2,1,0.0,0.0
141,324_PV_3,1,0.0,0.0
141,319_PV_1,1,0.0,0.0
141,308_RTPV_1,1,0.0,0.0
141,313_RTPV_1,1,0.0,0.0
141,313_RTPV_2,1,0.0,0.0
141,313_RTPV_3,1,0.0,0.0
141,313_RTPV_4,1,0.0,0.0
141,313_RTPV_5,1,0.0,0.0
141,313_RTPV_6,1,0.0,0.0
141,313_RTPV_7,1,0.0,0.0
141,313_RTPV_8,1,0.0,0.0
141,313_RTPV_9,1,0.0,0.0
141,313_RTPV_10,1,0.0,0.0
141,313_RTPV_11,1,0.0,0.0
141,313_RTPV_12,1,0.0,0.0
141,320_RTPV_1,1,0.0,0.0
141,320_RTPV_2,1,0.0,0.0
141,320_RTPV_3,1,0.0,0.0
141,313_RTPV_13,1,0.0,0.0
141,320_RTPV_4,1,0.0,0.0
141,320_RTPV_5,1,0.0,0.0
141,320_RTPV_6,1,0.0,0.0
141,309_WIND_1,1,2.0,0.0
141,317_WIND_1,1,375.3,0.0
141,303_WIND_1,1,10.5,0.0
142,301_CT_1,1,20.0,105.3672414
142,301_CT_2,1,20.0,105.3672414
142,301_CT_3,1,55.0,43.742886659999996
142,301_CT_4,1,55.0,43.742886659999996
142,302_CT_1,1,20.0,105.3672414
142,302_CT_2,1,20.0,105.3672414
142,302_CT_3,1,55.0,38.635079579999996
142,302_CT_4,1,55.0,38.635079579999996
142,307_CT_1,1,55.0,35.47476972
142,307_CT_2,1,55.0,35.47476972
142,313_CC_1,1,355.0,33.75273126
142,315_STEAM_1,1,12.0,124.09965539999999
142,315_STEAM_2,1,12.0,124.09965539999999
142,315_STEAM_3,1,12.0,124.09965539999999
142,315_STEAM_4,1,12.0,124.09965539999999
142,315_STEAM_5,1,12.0,124.09965539999999
142,315_CT_6,1,55.0,31.8557679
142,315_CT_7,1,55.0,31.8557679
142,315_CT_8,1,55.0,31.8557679
142,316_STEAM_1,1,155.0,27.274698980000004
142,318_CC_1,1,355.0,31.529241419999998
142,321_CC_1,1,355.0,33.94709226
142,322_CT_5,1,55.0,27.89469072
142,322_CT_6,1,55.0,27.89469072
142,323_CC_1,1,355.0,31.727489639999995
142,323_CC_2,1,355.0,31.727489639999995
142,322_HYDRO_1,1,17.033,0.0
142,322_HYDRO_2,1,17.033,0.0
142,322_HYDRO_3,1,17.033,0.0
142,322_HYDRO_4,1,17.033,0.0
142,320_PV_1,1,0.0,0.0
142,314_PV_1,1,0.0,0.0
142,314_PV_2,1,0.0,0.0
142,313_PV_1,1,0.0,0.0
142,314_PV_3,1,0.0,0.0
142,314_PV_4,1,0.0,0.0
142,313_PV_2,1,0.0,0.0
142,310_PV_1,1,0.0,0.0
142,324_PV_1,1,0.0,0.0
142,312_PV_1,1,0.0,0.0
142,310_PV_2,1,0.0,0.0
142,324_PV_2,1,0.0,0.0
142,324_PV_3,1,0.0,0.0
142,319_PV_1,1,0.0,0.0
142,308_RTPV_1,1,0.0,0.0
142,313_RTPV_1,1,0.0,0.0
142,313_RTPV_2,1,0.0,0.0
142,313_RTPV_3,1,0.0,0.0
142,313_RTPV_4,1,0.0,0.0
142,313_RTPV_5,1,0.0,0.0
142,313_RTPV_6,1,0.0,0.0
142,313_RTPV_7,1,0.0,0.0
142,313_RTPV_8,1,0.0,0.0
142,313_RTPV_9,1,0.0,0.0
142,313_RTPV_10,1,0.0,0.0
142,313_RTPV_11,1,0.0,0.0
142,313_RTPV_12,1,0.0,0.0
142,320_RTPV_1,1,0.0,0.0
142,320_RTPV_2,1,0.0,0.0
142,320_RTPV_3,1,0.0,0.0
142,313_RTPV_13,1,0.0,0.0
142,320_RTPV_4,1,0.0,0.0
142,320_RTPV_5,1,0.0,0.0
142,320_RTPV_6,1,0.0,0.0
142,309_WIND_1,1,1.9,0.0
142,317_WIND_1,1,363.4,0.0
142,303_WIND_1,1,13.7,0.0
143,301_CT_1,1,20.0,105.3672414
143,301_CT_2,1,20.0,105.3672414
143,301_CT_3,1,55.0,43.742886659999996
143,301_CT_4,1,55.0,43.742886659999996
143,302_CT_1,1,20.0,105.3672414
143,302_CT_2,1,20.0,105.3672414
143,302_CT_3,1,55.0,38.635079579999996
143,302_CT_4,1,55.0,38.635079579999996
143,307_CT_1,1,55.0,35.47476972
143,307_CT_2,1,55.0,35.47476972
143,313_CC_1,1,355.0,33.75273126
143,315_STEAM_1,1,12.0,124.09965539999999
143,315_STEAM_2,1,12.0,124.09965539999999
143,315_STEAM_3,1,12.0,124.09965539999999
143,315_STEAM_4,1,12.0,124.09965539999999
143,315_STEAM_5,1,12.0,124.09965539999999
143,315_CT_6,1,55.0,31.8557679
143,315_CT_7,1,55.0,31.8557679
143,315_CT_8,1,55.0,31.8557679
143,316_STEAM_1,1,155.0,27.274698980000004
143,318_CC_1,1,355.0,31.529241419999998
143,321_CC_1,1,355.0,33.94709226
143,322_CT_5,1,55.0,27.89469072
143,322_CT_6,1,55.0,27.89469072
143,323_CC_1,1,355.0,31.727489639999995
143,323_CC_2,1,355.0,31.727489639999995
143,322_HYDRO_1,1,17.667,0.0
143,322_HYDRO_2,1,17.667,0.0
143,322_HYDRO_3,1,17.667,0.0
143,322_HYDRO_4,1,17.667,0.0
143,320_PV_1,1,0.0,0.0
143,314_PV_1,1,0.0,0.0
143,314_PV_2,1,0.0,0.0
143,313_PV_1,1,0.0,0.0
143,314_PV_3,1,0.0,0.0
143,314_PV_4,1,0.0,0.0
143,313_PV_2,1,0.0,0.0
143,310_PV_1,1,0.0,0.0
143,324_PV_1,1,0.0,0.0
143,312_PV_1,1,0.0,0.0
143,310_PV_2,1,0.0,0.0
143,324_PV_2,1,0.0,0.0
143,324_PV_3,1,0.0,0.0
143,319_PV_1,1,0.0,0.0
143,308_RTPV_1,1,0.0,0.0
143,313_RTPV_1,1,0.0,0.0
143,313_RTPV_2,1,0.0,0.0
143,313_RTPV_3,1,0.0,0.0
143,313_RTPV_4,1,0.0,0.0
143,313_RTPV_5,1,0.0,0.0
143,313_RTPV_6,1,0.0,0.0
143,313_RTPV_7,1,0.0,0.0
143,313_RTPV_8,1,0.0,0.0
143,313_RTPV_9,1,0.0,0.0
143,313_RTPV_10,1,0.0,0.0
143,313_RTPV_11,1,0.0,0.0
143,313_RTPV_12,1,0.0,0.0
143,320_RTPV_1,1,0.0,0.0
143,320_RTPV_2,1,0.0,0.0
143,320_RTPV_3,1,0.0,0.0
143,313_RTPV_13,1,0.0,0.0
143,320_RTPV_4,1,0.0,0.0
143,320_RTPV_5,1,0.0,0.0
143,320_RTPV_6,1,0.0,0.0
143,309_WIND_1,1,2.3,0.0
143,317_WIND_1,1,358.7,0.0
143,303_WIND_1,1,12.5,0.0
144,301_CT_1,1,20.0,105.3672414
144,301_CT_2,1,20.0,105.3672414
144,301_CT_3,1,55.0,43.742886659999996
144,301_CT_4,1,55.0,43.742886659999996
144,302_CT_1,1,20.0,105.3672414
144,302_CT_2,1,20.0,105.3672414
144,302_CT_3,1,55.0,38.635079579999996
144,302_CT_4,1,55.0,38.635079579999996
144,307_CT_1,1,55.0,35.47476972
144,307_CT_2,1,55.0,35.47476972
144,313_CC_1,1,355.0,33.75273126
144,315_STEAM_1,1,12.0,124.09965539999999
144,315_STEAM_2,1,12.0,124.09965539999999
144,315_STEAM_3,1,12.0,124.09965539999999
144,315_STEAM_4,1,12.0,124.09965539999999
144,315_STEAM_5,1,12.0,124.09965539999999
144,315_CT_6,1,55.0,31.8557679
144,315_CT_7,1,55.0,31.8557679
144,315_CT_8,1,55.0,31.8557679
144,316_STEAM_1,1,155.0,27.274698980000004
144,318_CC_1,1,355.0,31.529241419999998
144,321_CC_1,1,355.0,33.94709226
144,322_CT_5,1,55.0,27.89469072
144,322_CT_6,1,55.0,27.89469072
144,323_CC_1,1,355.0,31.727489639999995
144,323_CC_2,1,355.0,31.727489639999995
144,322_HYDRO_1,1,18.3,0.0
144,322_HYDRO_2,1,18.3,0.0
144,322_HYDRO_3,1,18.3,0.0
144,322_HYDRO_4,1,18.3,0.0
144,320_PV_1,1,0.0,0.0
144,314_PV_1,1,0.0,0.0
144,314_PV_2,1,0.0,0.0
144,313_PV_1,1,0.0,0.0
144,314_PV_3,1,0.0,0.0
144,314_PV_4,1,0.0,0.0
144,313_PV_2,1,0.0,0.0
144,310_PV_1,1,0.0,0.0
144,324_PV_1,1,0.0,0.0
144,312_PV_1,1,0.0,0.0
144,310_PV_2,1,0.0,0.0
144,324_PV_2,1,0.0,0.0
144,324_PV_3,1,0.0,0.0
144,319_PV_1,1,0.0,0.0
144,308_RTPV_1,1,0.0,0.0
144,313_RTPV_1,1,0.0,0.0
144,313_RTPV_2,1,0.0,0.0
144,313_RTPV_3,1,0.0,0.0
144,313_RTPV_4,1,0.0,0.0
144,313_RTPV_5,1,0.0,0.0
144,313_RTPV_6,1,0.0,0.0
144,313_RTPV_7,1,0.0,0.0
144,313_RTPV_8,1,0.0,0.0
144,313_RTPV_9,1,0.0,0.0
144,313_RTPV_10,1,0.0,0.0
144,313_RTPV_11,1,0.0,0.0
144,313_RTPV_12,1,0.0,0.0
144,320_RTPV_1,1,0.0,0.0
144,320_RTPV_2,1,0.0,0.0
144,320_RTPV_3,1,0.0,0.0
144,313_RTPV_13,1,0.0,0.0
144,320_RTPV_4,1,0.0,0.0
144,320_RTPV_5,1,0.0,0.0
144,320_RTPV_6,1,0.0,0.0
144,309_WIND_1,1,2.5,0.0
144,317_WIND_1,1,364.4,0.0
144,303_WIND_1,1,15.2,0.0
145,301_CT_1,1,20.0,105.3672414
145,301_CT_2,1,20.0,105.3672414
145,301_CT_3,1,55.0,43.742886659999996
145,301_CT_4,1,55.0,43.742886659999996
145,302_CT_1,1,20.0,105.3672414
145,302_CT_2,1,20.0,105.3672414
145,302_CT_3,1,55.0,38.635079579999996
145,302_CT_4,1,55.0,38.635079579999996
145,307_CT_1,1,55.0,35.47476972
145,307_CT_2,1,55.0,35.47476972
145,313_CC_1,1,355.0,33.75273126
145,315_STEAM_1,1,12.0,124.09965539999999
145,315_STEAM_2,1,12.0,124.09965539999999
145,315_STEAM_3,1,12.0,124.09965539999999
145,315_STEAM_4,1,12.0,124.09965539999999
145,315_STEAM_5,1,12.0,124.09965539999999
145,315_CT_6,1,55.0,31.8557679
145,315_CT_7,1,55.0,31.8557679
145,315_CT_8,1,55.0,31.8557679
145,316_STEAM_1,1,155.0,27.274698980000004
145,318_CC_1,1,355.0,31.529241419999998
145,321_CC_1,1,355.0,33.94709226
145,322_CT_5,1,55.0,27.89469072
145,322_CT_6,1,55.0,27.89469072
145,323_CC_1,1,355.0,31.727489639999995
145,323_CC_2,1,355.0,31.727489639999995
145,322_HYDRO_1,1,17.95,0.0
145,322_HYDRO_2,1,17.95,0.0
145,322_HYDRO_3,1,17.95,0.0
145,322_HYDRO_4,1,17.95,0.0
145,320_PV_1,1,0.0,0.0
145,314_PV_1,1,0.0,0.0
145,314_PV_2,1,0.0,0.0
145,313_PV_1,1,0.0,0.0
145,314_PV_3,1,0.0,0.0
145,314_PV_4,1,0.0,0.0
145,313_PV_2,1,0.0,0.0
145,310_PV_1,1,0.0,0.0
145,324_PV_1,1,0.0,0.0
145,312_PV_1,1,0.0,0.0
145,310_PV_2,1,0.0,0.0
145,324_PV_2,1,0.0,0.0
145,324_PV_3,1,0.0,0.0
145,319_PV_1,1,0.0,0.0
145,308_RTPV_1,1,0.0,0.0
145,313_RTPV_1,1,0.0,0.0
145,313_RTPV_2,1,0.0,0.0
145,313_RTPV_3,1,0.0,0.0
145,313_RTPV_4,1,0.0,0.0
145,313_RTPV_5,1,0.0,0.0
145,313_RTPV_6,1,0.0,0.0
145,313_RTPV_7,1,0.0,0.0
145,313_RTPV_8,1,0.0,0.0
145,313_RTPV_9,1,0.0,0.0
145,313_RTPV_10,1,0.0,0.0
145,313_RTPV_11,1,0.0,0.0
145,313_RTPV_12,1,0.0,0.0
145,320_RTPV_1,1,0.0,0.0
145,320_RTPV_2,1,0.0,0.0
145,320_RTPV_3,1,0.0,0.0
145,313_RTPV_13,1,0.0,0.0
145,320_RTPV_4,1,0.0,0.0
145,320_RTPV_5,1,0.0,0.0
145,320_RTPV_6,1,0.0,0.0
145,309_WIND_1,1,0.7,0.0
145,317_WIND_1,1,358.7,0.0
145,303_WIND_1,1,11.3,0.0
146,301_CT_1,1,20.0,105.3672414
146,301_CT_2,1,20.0,105.3672414
146,301_CT_3,1,55.0,43.742886659999996
146,301_CT_4,1,55.0,43.742886659999996
146,302_CT_1,1,20.0,105.3672414
146,302_CT_2,1,20.0,105.3672414
146,302_CT_3,1,55.0,38.635079579999996
146,302_CT_4,1,55.0,38.635079579999996
146,307_CT_1,1,55.0,35.47476972
146,307_CT_2,1,55.0,35.47476972
146,313_CC_1,1,355.0,33.75273126
146,315_STEAM_1,1,12.0,124.09965539999999
146,315_STEAM_2,1,12.0,124.09965539999999
146,315_STEAM_3,1,12.0,124.09965539999999
146,315_STEAM_4,1,12.0,124.09965539999999
146,315_STEAM_5,1,12.0,124.09965539999999
146,315_CT_6,1,55.0,31.8557679
146,315_CT_7,1,55.0,31.8557679
146,315_CT_8,1,55.0,31.8557679
146,316_STEAM_1,1,155.0,27.274698980000004
146,318_CC_1,1,355.0,31.529241419999998
146,321_CC_1,1,355.0,33.94709226
146,322_CT_5,1,55.0,27.89469072
146,322_CT_6,1,55.0,27.89469072
146,323_CC_1,1,355.0,31.727489639999995
146,323_CC_2,1,355.0,31.727489639999995
146,322_HYDRO_1,1,17.6,0.0
146,322_HYDRO_2,1,17.6,0.0
146,322_HYDRO_3,1,17.6,0.0
146,322_HYDRO_4,1,17.6,0.0
146,320_PV_1,1,0.0,0.0
146,314_PV_1,1,0.0,0.0
146,314_PV_2,1,0.0,0.0
146,313_PV_1,1,0.0,0.0
146,314_PV_3,1,0.0,0.0
146,314_PV_4,1,0.0,0.0
146,313_PV_2,1,0.0,0.0
146,310_PV_1,1,0.0,0.0
146,324_PV_1,1,0.0,0.0
146,312_PV_1,1,0.0,0.0
146,310_PV_2,1,0.0,0.0
146,324_PV_2,1,0.0,0.0
146,324_PV_3,1,0.0,0.0
146,319_PV_1,1,0.0,0.0
146,308_RTPV_1,1,0.0,0.0
146,313_RTPV_1,1,0.0,0.0
146,313_RTPV_2,1,0.0,0.0
146,313_RTPV_3,1,0.0,0.0
146,313_RTPV_4,1,0.0,0.0
146,313_RTPV_5,1,0.0,0.0
146,313_RTPV_6,1,0.0,0.0
146,313_RTPV_7,1,0.0,0.0
146,313_RTPV_8,1,0.0,0.0
146,313_RTPV_9,1,0.0,0.0
146,313_RTPV_10,1,0.0,0.0
146,313_RTPV_11,1,0.0,0.0
146,313_RTPV_12,1,0.0,0.0
146,320_RTPV_1,1,0.0,0.0
146,320_RTPV_2,1,0.0,0.0
146,320_RTPV_3,1,0.0,0.0
146,313_RTPV_13,1,0.0,0.0
146,320_RTPV_4,1,0.0,0.0
146,320_RTPV_5,1,0.0,0.0
146,320_RTPV_6,1,0.0,0.0
146,309_WIND_1,1,0.6,0.0
146,317_WIND_1,1,352.5,0.0
146,303_WIND_1,1,10.6,0.0
147,301_CT_1,1,20.0,105.3672414
147,301_CT_2,1,20.0,105.3672414
147,301_CT_3,1,55.0,43.742886659999996
147,301_CT_4,1,55.0,43.742886659999996
147,302_CT_1,1,20.0,105.3672414
147,302_CT_2,1,20.0,105.3672414
147,302_CT_3,1,55.0,38.635079579999996
147,302_CT_4,1,55.0,38.635079579999996
147,307_CT_1,1,55.0,35.47476972
147,307_CT_2,1,55.0,35.47476972
147,313_CC_1,1,355.0,33.75273126
147,315_STEAM_1,1,12.0,124.09965539999999
147,315_STEAM_2,1,12.0,124.09965539999999
147,315_STEAM_3,1,12.0,124.09965539999999
147,315_STEAM_4,1,12.0,124.09965539999999
147,315_STEAM_5,1,12.0,124.09965539999999
147,315_CT_6,1,55.0,31.8557679
147,315_CT_7,1,55.0,31.8557679
147,315_CT_8,1,55.0,31.8557679
147,316_STEAM_1,1,155.0,27.274698980000004
147,318_CC_1,1,355.0,31.529241419999998
147,321_CC_1,1,355.0,33.94709226
147,322_CT_5,1,55.0,27.89469072
147,322_CT_6,1,55.0,27.89469072
147,323_CC_1,1,355.0,31.727489639999995
147,323_CC_2,1,355.0,31.727489639999995
147,322_HYDRO_1,1,17.25,0.0
147,322_HYDRO_2,1,17.25,0.0
147,322_HYDRO_3,1,17.25,0.0
147,322_HYDRO_4,1,17.25,0.0
147,320_PV_1,1,0.0,0.0
147,314_PV_1,1,0.0,0.0
147,314_PV_2,1,0.0,0.0
147,313_PV_1,1,0.0,0.0
147,314_PV_3,1,0.0,0.0
147,314_PV_4,1,0.0,0.0
147,313_PV_2,1,0.0,0.0
147,310_PV_1,1,0.0,0.0
147,324_PV_1,1,0.0,0.0
147,312_PV_1,1,0.0,0.0
147,310_PV_2,1,0.0,0.0
147,324_PV_2,1,0.0,0.0
147,324_PV_3,1,0.0,0.0
147,319_PV_1,1,0.0,0.0
147,308_RTPV_1,1,0.0,0.0
147,313_RTPV_1,1,0.0,0.0
147,313_RTPV_2,1,0.0,0.0
147,313_RTPV_3,1,0.0,0.0
147,313_RTPV_4,1,0.0,0.0
147,313_RTPV_5,1,0.0,0.0
147,313_RTPV_6,1,0.0,0.0
147,313_RTPV_7,1,0.0,0.0
147,313_RTPV_8,1,0.0,0.0
147,313_RTPV_9,1,0.0,0.0
147,313_RTPV_10,1,0.0,0.0
147,313_RTPV_11,1,0.0,0.0
147,313_RTPV_12,1,0.0,0.0
147,320_RTPV_1,1,0.0,0.0
147,320_RTPV_2,1,0.0,0.0
147,320_RTPV_3,1,0.0,0.0
147,313_RTPV_13,1,0.0,0.0
147,320_RTPV_4,1,0.0,0.0
147,320_RTPV_5,1,0.0,0.0
147,320_RTPV_6,1,0.0,0.0
147,309_WIND_1,1,1.9,0.0
147,317_WIND_1,1,344.9,0.0
147,303_WIND_1,1,10.6,0.0
148,301_CT_1,1,20.0,105.3672414
148,301_CT_2,1,20.0,105.3672414
148,301_CT_3,1,55.0,43.742886659999996
148,301_CT_4,1,55.0,43.742886659999996
148,302_CT_1,1,20.0,105.3672414
148,302_CT_2,1,20.0,105.3672414
148,302_CT_3,1,55.0,38.635079579999996
148,302_CT_4,1,55.0,38.635079579999996
148,307_CT_1,1,55.0,35.47476972
148,307_CT_2,1,55.0,35.47476972
148,313_CC_1,1,355.0,33.75273126
148,315_STEAM_1,1,12.0,124.09965539999999
148,315_STEAM_2,1,12.0,124.09965539999999
148,315_STEAM_3,1,12.0,124.09965539999999
148,315_STEAM_4,1,12.0,124.09965539999999
148,315_STEAM_5,1,12.0,124.09965539999999
148,315_CT_6,1,55.0,31.8557679
148,315_CT_7,1,55.0,31.8557679
148,315_CT_8,1,55.0,31.8557679
148,316_STEAM_1,1,155.0,27.274698980000004
148,318_CC_1,1,355.0,31.529241419999998
148,321_CC_1,1,355.0,33.94709226
148,322_CT_5,1,55.0,27.89469072
148,322_CT_6,1,55.0,27.89469072
148,323_CC_1,1,355.0,31.727489639999995
148,323_CC_2,1,355.0,31.727489639999995
148,322_HYDRO_1,1,16.9,0.0
148,322_HYDRO_2,1,16.9,0.0
148,322_HYDRO_3,1,16.9,0.0
148,322_HYDRO_4,1,16.9,0.0
148,320_PV_1,1,0.0,0.0
148,314_PV_1,1,0.0,0.0
148,314_PV_2,1,0.0,0.0
148,313_PV_1,1,0.0,0.0
148,314_PV_3,1,0.0,0.0
148,314_PV_4,1,0.0,0.0
148,313_PV_2,1,0.0,0.0
148,310_PV_1,1,0.0,0.0
148,324_PV_1,1,0.0,0.0
148,312_PV_1,1,0.0,0.0
148,310_PV_2,1,0.0,0.0
148,324_PV_2,1,0.0,0.0
148,324_PV_3,1,0.0,0.0
148,319_PV_1,1,0.0,0.0
148,308_RTPV_1,1,0.0,0.0
148,313_RTPV_1,1,0.0,0.0
148,313_RTPV_2,1,0.0,0.0
148,313_RTPV_3,1,0.0,0.0
148,313_RTPV_4,1,0.0,0.0
148,313_RTPV_5,1,0.0,0.0
148,313_RTPV_6,1,0.0,0.0
148,313_RTPV_7,1,0.0,0.0
148,313_RTPV_8,1,0.0,0.0
148,313_RTPV_9,1,0.0,0.0
148,313_RTPV_10,1,0.0,0.0
148,313_RTPV_11,1,0.0,0.0
148,313_RTPV_12,1,0.0,0.0
148,320_RTPV_1,1,0.0,0.0
148,320_RTPV_2,1,0.0,0.0
148,320_RTPV_3,1,0.0,0.0
148,313_RTPV_13,1,0.0,0.0
148,320_RTPV_4,1,0.0,0.0
148,320_RTPV_5,1,0.0,0.0
148,320_RTPV_6,1,0.0,0.0
148,309_WIND_1,1,1.6,0.0
148,317_WIND_1,1,339.5,0.0
148,303_WIND_1,1,14.7,0.0
149,301_CT_1,1,20.0,105.3672414
149,301_CT_2,1,20.0,105.3672414
149,301_CT_3,1,55.0,43.742886659999996
149,301_CT_4,1,55.0,43.742886659999996
149,302_CT_1,1,20.0,105.3672414
149,302_CT_2,1,20.0,105.3672414
149,302_CT_3,1,55.0,38.635079579999996
149,302_CT_4,1,55.0,38.635079579999996
149,307_CT_1,1,55.0,35.47476972
149,307_CT_2,1,55.0,35.47476972
149,313_CC_1,1,355.0,33.75273126
149,315_STEAM_1,1,12.0,124.09965539999999
149,315_STEAM_2,1,12.0,124.09965539999999
149,315_STEAM_3,1,12.0,124.09965539999999
149,315_STEAM_4,1,12.0,124.09965539999999
149,315_STEAM_5,1,12.0,124.09965539999999
149,315_CT_6,1,55.0,31.8557679
149,315_CT_7,1,55.0,31.8557679
149,315_CT_8,1,55.0,31.8557679
149,316_STEAM_1,1,155.0,27.274698980000004
149,318_CC_1,1,355.0,31.529241419999998
149,321_CC_1,1,355.0,33.94709226
149,322_CT_5,1,55.0,27.89469072
149,322_CT_6,1,55.0,27.89469072
149,323_CC_1,1,355.0,31.727489639999995
149,323_CC_2,1,355.0,31.727489639999995
149,322_HYDRO_1,1,16.55,0.0
149,322_HYDRO_2,1,16.55,0.0
149,322_HYDRO_3,1,16.55,0.0
149,322_HYDRO_4,1,16.55,0.0
149,320_PV_1,1,0.0,0.0
149,314_PV_1,1,0.0,0.0
149,314_PV_2,1,0.0,0.0
149,313_PV_1,1,0.0,0.0
149,314_PV_3,1,0.0,0.0
149,314_PV_4,1,0.0,0.0
149,313_PV_2,1,0.0,0.0
149,310_PV_1,1,0.0,0.0
149,324_PV_1,1,0.0,0.0
149,312_PV_1,1,0.0,0.0
149,310_PV_2,1,0.0,0.0
149,324_PV_2,1,0.0,0.0
149,324_PV_3,1,0.0,0.0
149,319_PV_1,1,0.0,0.0
149,308_RTPV_1,1,0.0,0.0
149,313_RTPV_1,1,0.0,0.0
149,313_RTPV_2,1,0.0,0.0
149,313_RTPV_3,1,0.0,0.0
149,313_RTPV_4,1,0.0,0.0
149,313_RTPV_5,1,0.0,0.0
149,313_RTPV_6,1,0.0,0.0
149,313_RTPV_7,1,0.0,0.0
149,313_RTPV_8,1,0.0,0.0
149,313_RTPV_9,1,0.0,0.0
149,313_RTPV_10,1,0.0,0.0
149,313_RTPV_11,1,0.0,0.0
149,313_RTPV_12,1,0.0,0.0
149,320_RTPV_1,1,0.0,0.0
149,320_RTPV_2,1,0.0,0.0
149,320_RTPV_3,1,0.0,0.0
149,313_RTPV_13,1,0.0,0.0
149,320_RTPV_4,1,0.0,0.0
149,320_RTPV_5,1,0.0,0.0
149,320_RTPV_6,1,0.0,0.0
149,309_WIND_1,1,1.9,0.0
149,317_WIND_1,1,323.7,0.0
149,303_WIND_1,1,12.7,0.0
150,301_CT_1,1,20.0,105.3672414
150,301_CT_2,1,20.0,105.3672414
150,301_CT_3,1,55.0,43.742886659999996
150,301_CT_4,1,55.0,43.742886659999996
150,302_CT_1,1,20.0,105.3672414
150,302_CT_2,1,20.0,105.3672414
150,302_CT_3,1,55.0,38.635079579999996
150,302_CT_4,1,55.0,38.635079579999996
150,307_CT_1,1,55.0,35.47476972
150,307_CT_2,1,55.0,35.47476972
150,313_CC_1,1,355.0,33.75273126
150,315_STEAM_1,1,12.0,124.09965539999999
150,315_STEAM_2,1,12.0,124.09965539999999
150,315_STEAM_3,1,12.0,124.09965539999999
150,315_STEAM_4,1,12.0,124.09965539999999
150,315_STEAM_5,1,12.0,124.09965539999999
150,315_CT_6,1,55.0,31.8557679
150,315_CT_7,1,55.0,31.8557679
150,315_CT_8,1,55.0,31.8557679
150,316_STEAM_1,1,155.0,27.274698980000004
150,318_CC_1,1,355.0,31.529241419999998
150,321_CC_1,1,355.0,33.94709226
150,322_CT_5,1,55.0,27.89469072
150,322_CT_6,1,55.0,27.89469072
150,323_CC_1,1,355.0,31.727489639999995
150,323_CC_2,1,355.0,31.727489639999995
150,322_HYDRO_1,1,16.2,0.0
150,322_HYDRO_2,1,16.2,0.0
150,322_HYDRO_3,1,16.2,0.0
150,322_HYDRO_4,1,16.2,0.0
150,320_PV_1,1,0.0,0.0
150,314_PV_1,1,0.0,0.0
150,314_PV_2,1,0.0,0.0
150,313_PV_1,1,0.0,0.0
150,314_PV_3,1,0.0,0.0
150,314_PV_4,1,0.0,0.0
150,313_PV_2,1,0.0,0.0
150,310_PV_1,1,0.0,0.0
150,324_PV_1,1,0.0,0.0
150,312_PV_1,1,0.0,0.0
150,310_PV_2,1,0.0,0.0
150,324_PV_2,1,0.0,0.0
150,324_PV_3,1,0.0,0.0
150,319_PV_1,1,0.0,0.0
150,308_RTPV_1,1,0.0,0.0
150,313_RTPV_1,1,0.0,0.0
150,313_RTPV_2,1,0.0,0.0
150,313_RTPV_3,1,0.0,0.0
150,313_RTPV_4,1,0.0,0.0
150,313_RTPV_5,1,0.0,0.0
150,313_RTPV_6,1,0.0,0.0
150,313_RTPV_7,1,0.0,0.0
150,313_RTPV_8,1,0.0,0.0
150,313_RTPV_9,1,0.0,0.0
150,313_RTPV_10,1,0.0,0.0
150,313_RTPV_11,1,0.0,0.0
150,313_RTPV_12,1,0.0,0.0
150,320_RTPV_1,1,0.0,0.0
150,320_RTPV_2,1,0.0,0.0
150,320_RTPV_3,1,0.0,0.0
150,313_RTPV_13,1,0.0,0.0
150,320_RTPV_4,1,0.0,0.0
150,320_RTPV_5,1,0.0,0.0
150,320_RTPV_6,1,0.0,0.0
150,309_WIND_1,1,0.5,0.0
150,317_WIND_1,1,313.0,0.0
150,303_WIND_1,1,10.5,0.0
151,301_CT_1,1,20.0,105.3672414
151,301_CT_2,1,20.0,105.3672414
151,301_CT_3,1,55.0,43.742886659999996
151,301_CT_4,1,55.0,43.742886659999996
151,302_CT_1,1,20.0,105.3672414
151,302_CT_2,1,20.0,105.3672414
151,302_CT_3,1,55.0,38.635079579999996
151,302_CT_4,1,55.0,38.635079579999996
151,307_CT_1,1,55.0,35.47476972
151,307_CT_2,1,55.0,35.47476972
151,313_CC_1,1,355.0,33.75273126
151,315_STEAM_1,1,12.0,124.09965539999999
151,315_STEAM_2,1,12.0,124.09965539999999
151,315_STEAM_3,1,12.0,124.09965539999999
151,315_STEAM_4,1,12.0,124.09965539999999
151,315_STEAM_5,1,12.0,124.09965539999999
151,315_CT_6,1,55.0,31.8557679
151,315_CT_7,1,55.0,31.8557679
151,315_CT_8,1,55.0,31.8557679
151,316_STEAM_1,1,155.0,27.274698980000004
151,318_CC_1,1,355.0,31.529241419999998
151,321_CC_1,1,355.0,33.94709226
151,322_CT_5,1,55.0,27.89469072
151,322_CT_6,1,55.0,27.89469072
151,323_CC_1,1,355.0,31.727489639999995
151,323_CC_2,1,355.0,31.727489639999995
151,322_HYDRO_1,1,15.85,0.0
151,322_HYDRO_2,1,15.85,0.0
151,322_HYDRO_3,1,15.85,0.0
151,322_HYDRO_4,1,15.85,0.0
151,320_PV_1,1,0.0,0.0
151,314_PV_1,1,0.0,0.0
151,314_PV_2,1,0.0,0.0
151,313_PV_1,1,0.0,0.0
151,314_PV_3,1,0.0,0.0
151,314_PV_4,1,0.0,0.0
151,313_PV_2,1,0.0,0.0
151,310_PV_1,1,0.0,0.0
151,324_PV_1,1,0.0,0.0
151,312_PV_1,1,0.0,0.0
151,310_PV_2,1,0.0,0.0
151,324_PV_2,1,0.0,0.0
151,324_PV_3,1,0.0,0.0
151,319_PV_1,1,0.0,0.0
151,308_RTPV_1,1,0.0,0.0
151,313_RTPV_1,1,0.0,0.0
151,313_RTPV_2,1,0.0,0.0
151,313_RTPV_3,1,0.0,0.0
151,313_RTPV_4,1,0.0,0.0
151,313_RTPV_5,1,0.0,0.0
151,313_RTPV_6,1,0.0,0.0
151,313_RTPV_7,1,0.0,0.0
151,313_RTPV_8,1,0.0,0.0
151,313_RTPV_9,1,0.0,0.0
151,313_RTPV_10,1,0.0,0.0
151,313_RTPV_11,1,0.0,0.0
151,313_RTPV_12,1,0.0,0.0
151,320_RTPV_1,1,0.0,0.0
151,320_RTPV_2,1,0.0,0.0
151,320_RTPV_3,1,0.0,0.0
151,313_RTPV_13,1,0.0,0.0
151,320_RTPV_4,1,0.0,0.0
151,320_RTPV_5,1,0.0,0.0
151,320_RTPV_6,1,0.0,0.0
151,309_WIND_1,1,1.1,0.0
151,317_WIND_1,1,301.5,0.0
151,303_WIND_1,1,9.4,0.0
152,301_CT_1,1,20.0,105.3672414
152,301_CT_2,1,20.0,105.3672414
152,301_CT_3,1,55.0,43.742886659999996
152,301_CT_4,1,55.0,43.742886659999996
152,302_CT_1,1,20.0,105.3672414
152,302_CT_2,1,20.0,105.3672414
152,302_CT_3,1,55.0,38.635079579999996
152,302_CT_4,1,55.0,38.635079579999996
152,307_CT_1,1,55.0,35.47476972
152,307_CT_2,1,55.0,35.47476972
152,313_CC_1,1,355.0,33.75273126
152,315_STEAM_1,1,12.0,124.09965539999999
152,315_STEAM_2,1,12.0,124.09965539999999
152,315_STEAM_3,1,12.0,124.09965539999999
152,315_STEAM_4,1,12.0,124.09965539999999
152,315_STEAM_5,1,12.0,124.09965539999999
152,315_CT_6,1,55.0,31.8557679
152,315_CT_7,1,55.0,31.8557679
152,315_CT_8,1,55.0,31.8557679
152,316_STEAM_1,1,155.0,27.274698980000004
152,318_CC_1,1,355.0,31.529241419999998
152,321_CC_1,1,355.0,33.94709226
152,322_CT_5,1,55.0,27.89469072
152,322_CT_6,1,55.0,27.89469072
152,323_CC_1,1,355.0,31.727489639999995
152,323_CC_2,1,355.0,31.727489639999995
152,322_HYDRO_1,1,15.5,0.0
152,322_HYDRO_2,1,15.5,0.0
152,322_HYDRO_3,1,15.5,0.0
152,322_HYDRO_4,1,15.5,0.0
152,320_PV_1,1,0.0,0.0
152,314_PV_1,1,0.0,0.0
152,314_PV_2,1,0.0,0.0
152,313_PV_1,1,0.0,0.0
152,314_PV_3,1,0.0,0.0
152,314_PV_4,1,0.0,0.0
152,313_PV_2,1,0.0,0.0
152,310_PV_1,1,0.0,0.0
152,324_PV_1,1,0.0,0.0
152,312_PV_1,1,0.0,0.0
152,310_PV_2,1,0.0,0.0
152,324_PV_2,1,0.0,0.0
152,324_PV_3,1,0.0,0.0
152,319_PV_1,1,0.0,0.0
152,308_RTPV_1,1,0.0,0.0
152,313_RTPV_1,1,0.0,0.0
152,313_RTPV_2,1,0.0,0.0
152,313_RTPV_3,1,0.0,0.0
152,313_RTPV_4,1,0.0,0.0
152,313_RTPV_5,1,0.0,0.0
152,313_RTPV_6,1,0.0,0.0
152,313_RTPV_7,1,0.0,0.0
152,313_RTPV_8,1,0.0,0.0
152,313_RTPV_9,1,0.0,0.0
152,313_RTPV_10,1,0.0,0.0
152,313_RTPV_11,1,0.0,0.0
152,313_RTPV_12,1,0.0,0.0
152,320_RTPV_1,1,0.0,0.0
152,320_RTPV_2,1,0.0,0.0
152,320_RTPV_3,1,0.0,0.0
152,313_RTPV_13,1,0.0,0.0
152,320_RTPV_4,1,0.0,0.0
152,320_RTPV_5,1,0.0,0.0
152,320_RTPV_6,1,0.0,0.0
152,309_WIND_1,1,1.2,0.0
152,317_WIND_1,1,294.8,0.0
152,303_WIND_1,1,8.9,0.0
153,301_CT_1,1,20.0,105.3672414
153,301_CT_2,1,20.0,105.3672414
153,301_CT_3,1,55.0,43.742886659999996
153,301_CT_4,1,55.0,43.742886659999996
153,302_CT_1,1,20.0,105.3672414
153,302_CT_2,1,20.0,105.3672414
153,302_CT_3,1,55.0,38.635079579999996
153,302_CT_4,1,55.0,38.635079579999996
153,307_CT_1,1,55.0,35.47476972
153,307_CT_2,1,55.0,35.47476972
153,313_CC_1,1,355.0,33.75273126
153,315_STEAM_1,1,12.0,124.09965539999999
153,315_STEAM_2,1,12.0,124.09965539999999
153,315_STEAM_3,1,12.0,124.09965539999999
153,315_STEAM_4,1,12.0,124.09965539999999
153,315_STEAM_5,1,12.0,124.09965539999999
153,315_CT_6,1,55.0,31.8557679
153,315_CT_7,1,55.0,31.8557679
153,315_CT_8,1,55.0,31.8557679
153,316_STEAM_1,1,155.0,27.274698980000004
153,318_CC_1,1,355.0,31.529241419999998
153,321_CC_1,1,355.0,33.94709226
153,322_CT_5,1,55.0,27.89469072
153,322_CT_6,1,55.0,27.89469072
153,323_CC_1,1,355.0,31.727489639999995
153,323_CC_2,1,355.0,31.727489639999995
153,322_HYDRO_1,1,15.15,0.0
153,322_HYDRO_2,1,15.15,0.0
153,322_HYDRO_3,1,15.15,0.0
153,322_HYDRO_4,1,15.15,0.0
153,320_PV_1,1,0.0,0.0
153,314_PV_1,1,0.0,0.0
153,314_PV_2,1,0.0,0.0
153,313_PV_1,1,0.0,0.0
153,314_PV_3,1,0.0,0.0
153,314_PV_4,1,0.0,0.0
153,313_PV_2,1,0.0,0.0
153,310_PV_1,1,0.0,0.0
153,324_PV_1,1,0.0,0.0
153,312_PV_1,1,0.0,0.0
153,310_PV_2,1,0.0,0.0
153,324_PV_2,1,0.0,0.0
153,324_PV_3,1,0.0,0.0
153,319_PV_1,1,0.0,0.0
153,308_RTPV_1,1,0.0,0.0
153,313_RTPV_1,1,0.0,0.0
153,313_RTPV_2,1,0.0,0.0
153,313_RTPV_3,1,0.0,0.0
153,313_RTPV_4,1,0.0,0.0
153,313_RTPV_5,1,0.0,0.0
153,313_RTPV_6,1,0.0,0.0
153,313_RTPV_7,1,0.0,0.0
153,313_RTPV_8,1,0.0,0.0
153,313_RTPV_9,1,0.0,0.0
153,313_RTPV_10,1,0.0,0.0
153,313_RTPV_11,1,0.0,0.0
153,313_RTPV_12,1,0.0,0.0
153,320_RTPV_1,1,0.0,0.0
153,320_RTPV_2,1,0.0,0.0
153,320_RTPV_3,1,0.0,0.0
153,313_RTPV_13,1,0.0,0.0
153,320_RTPV_4,1,0.0,0.0
153,320_RTPV_5,1,0.0,0.0
153,320_RTPV_6,1,0.0,0.0
153,309_WIND_1,1,1.4,0.0
153,317_WIND_1,1,291.8,0.0
153,303_WIND_1,1,9.6,0.0
154,301_CT_1,1,20.0,105.3672414
154,301_CT_2,1,20.0,105.3672414
154,301_CT_3,1,55.0,43.742886659999996
154,301_CT_4,1,55.0,43.742886659999996
154,302_CT_1,1,20.0,105.3672414
154,302_CT_2,1,20.0,105.3672414
154,302_CT_3,1,55.0,38.635079579999996
154,302_CT_4,1,55.0,38.635079579999996
154,307_CT_1,1,55.0,35.47476972
154,307_CT_2,1,55.0,35.47476972
154,313_CC_1,1,355.0,33.75273126
154,315_STEAM_1,1,12.0,124.09965539999999
154,315_STEAM_2,1,12.0,124.09965539999999
154,315_STEAM_3,1,12.0,124.09965539999999
154,315_STEAM_4,1,12.0,124.09965539999999
154,315_STEAM_5,1,12.0,124.09965539999999
154,315_CT_6,1,55.0,31.8557679
154,315_CT_7,1,55.0,31.8557679
154,315_CT_8,1,55.0,31.8557679
154,316_STEAM_1,1,155.0,27.274698980000004
154,318_CC_1,1,355.0,31.529241419999998
154,321_CC_1,1,355.0,33.94709226
154,322_CT_5,1,55.0,27.89469072
154,322_CT_6,1,55.0,27.89469072
154,323_CC_1,1,355.0,31.727489639999995
154,323_CC_2,1,355.0,31.727489639999995
154,322_HYDRO_1,1,14.8,0.0
154,322_HYDRO_2,1,14.8,0.0
154,322_HYDRO_3,1,14.8,0.0
154,322_HYDRO_4,1,14.8,0.0
154,320_PV_1,1,0.0,0.0
154,314_PV_1,1,0.0,0.0
154,314_PV_2,1,0.0,0.0
154,313_PV_1,1,0.0,0.0
154,314_PV_3,1,0.0,0.0
154,314_PV_4,1,0.0,0.0
154,313_PV_2,1,0.0,0.0
154,310_PV_1,1,0.0,0.0
154,324_PV_1,1,0.0,0.0
154,312_PV_1,1,0.0,0.0
154,310_PV_2,1,0.0,0.0
154,324_PV_2,1,0.0,0.0
154,324_PV_3,1,0.0,0.0
154,319_PV_1,1,0.0,0.0
154,308_RTPV_1,1,0.0,0.0
154,313_RTPV_1,1,0.0,0.0
154,313_RTPV_2,1,0.0,0.0
154,313_RTPV_3,1,0.0,0.0
154,313_RTPV_4,1,0.0,0.0
154,313_RTPV_5,1,0.0,0.0
154,313_RTPV_6,1,0.0,0.0
154,313_RTPV_7,1,0.0,0.0
154,313_RTPV_8,1,0.0,0.0
154,313_RTPV_9,1,0.0,0.0
154,313_RTPV_10,1,0.0,0.0
154,313_RTPV_11,1,0.0,0.0
154,313_RTPV_12,1,0.0,0.0
154,320_RTPV_1,1,0.0,0.0
154,320_RTPV_2,1,0.0,0.0
154,320_RTPV_3,1,0.0,0.0
154,313_RTPV_13,1,0.0,0.0
154,320_RTPV_4,1,0.0,0.0
154,320_RTPV_5,1,0.0,0.0
154,320_RTPV_6,1,0.0,0.0
154,309_WIND_1,1,0.5,0.0
154,317_WIND_1,1,288.2,0.0
154,303_WIND_1,1,11.1,0.0
155,301_CT_1,1,20.0,105.3672414
155,301_CT_2,1,20.0,105.3672414
155,301_CT_3,1,55.0,43.742886659999996
155,301_CT_4,1,55.0,43.742886659999996
155,302_CT_1,1,20.0,105.3672414
155,302_CT_2,1,20.0,105.3672414
155,302_CT_3,1,55.0,38.635079579999996
155,302_CT_4,1,55.0,38.635079579999996
155,307_CT_1,1,55.0,35.47476972
155,307_CT_2,1,55.0,35.47476972
155,313_CC_1,1,355.0,33.75273126
155,315_STEAM_1,1,12.0,124.09965539999999
155,315_STEAM_2,1,12.0,124.09965539999999
155,315_STEAM_3,1,12.0,124.09965539999999
155,315_STEAM_4,1,12.0,124.09965539999999
155,315_STEAM_5,1,12.0,124.09965539999999
155,315_CT_6,1,55.0,31.8557679
155,315_CT_7,1,55.0,31.8557679
155,315_CT_8,1,55.0,31.8557679
155,316_STEAM_1,1,155.0,27.274698980000004
155,318_CC_1,1,355.0,31.529241419999998
155,321_CC_1,1,355.0,33.94709226
155,322_CT_5,1,55.0,27.89469072
155,322_CT_6,1,55.0,27.89469072
155,323_CC_1,1,355.0,31.727489639999995
155,323_CC_2,1,355.0,31.727489639999995
155,322_HYDRO_1,1,14.45,0.0
155,322_HYDRO_2,1,14.45,0.0
155,322_HYDRO_3,1,14.45,0.0
155,322_HYDRO_4,1,14.45,0.0
155,320_PV_1,1,0.0,0.0
155,314_PV_1,1,0.0,0.0
155,314_PV_2,1,0.0,0.0
155,313_PV_1,1,0.0,0.0
155,314_PV_3,1,0.0,0.0
155,314_PV_4,1,0.0,0.0
155,313_PV_2,1,0.0,0.0
155,310_PV_1,1,0.0,0.0
155,324_PV_1,1,0.0,0.0
155,312_PV_1,1,0.0,0.0
155,310_PV_2,1,0.0,0.0
155,324_PV_2,1,0.0,0.0
155,324_PV_3,1,0.0,0.0
155,319_PV_1,1,0.0,0.0
155,308_RTPV_1,1,0.0,0.0
155,313_RTPV_1,1,0.0,0.0
155,313_RTPV_2,1,0.0,0.0
155,313_RTPV_3,1,0.0,0.0
155,313_RTPV_4,1,0.0,0.0
155,313_RTPV_5,1,0.0,0.0
155,313_RTPV_6,1,0.0,0.0
155,313_RTPV_7,1,0.0,0.0
155,313_RTPV_8,1,0.0,0.0
155,313_RTPV_9,1,0.0,0.0
155,313_RTPV_10,1,0.0,0.0
155,313_RTPV_11,1,0.0,0.0
155,313_RTPV_12,1,0.0,0.0
155,320_RTPV_1,1,0.0,0.0
155,320_RTPV_2,1,0.0,0.0
155,320_RTPV_3,1,0.0,0.0
155,313_RTPV_13,1,0.0,0.0
155,320_RTPV_4,1,0.0,0.0
155,320_RTPV_5,1,0.0,0.0
155,320_RTPV_6,1,0.0,0.0
155,309_WIND_1,1,0.5,0.0
155,317_WIND_1,1,278.6,0.0
155,303_WIND_1,1,13.0,0.0
156,301_CT_1,1,20.0,105.3672414
156,301_CT_2,1,20.0,105.3672414
156,301_CT_3,1,55.0,43.742886659999996
156,301_CT_4,1,55.0,43.742886659999996
156,302_CT_1,1,20.0,105.3672414
156,302_CT_2,1,20.0,105.3672414
156,302_CT_3,1,55.0,38.635079579999996
156,302_CT_4,1,55.0,38.635079579999996
156,307_CT_1,1,55.0,35.47476972
156,307_CT_2,1,55.0,35.47476972
156,313_CC_1,1,355.0,33.75273126
156,315_STEAM_1,1,12.0,124.09965539999999
156,315_STEAM_2,1,12.0,124.09965539999999
156,315_STEAM_3,1,12.0,124.09965539999999
156,315_STEAM_4,1,12.0,124.09965539999999
156,315_STEAM_5,1,12.0,124.09965539999999
156,315_CT_6,1,55.0,31.8557679
156,315_CT_7,1,55.0,31.8557679
156,315_CT_8,1,55.0,31.8557679
156,316_STEAM_1,1,155.0,27.274698980000004
156,318_CC_1,1,355.0,31.529241419999998
156,321_CC_1,1,355.0,33.94709226
156,322_CT_5,1,55.0,27.89469072
156,322_CT_6,1,55.0,27.89469072
156,323_CC_1,1,355.0,31.727489639999995
156,323_CC_2,1,355.0,31.727489639999995
156,322_HYDRO_1,1,14.1,0.0
156,322_HYDRO_2,1,14.1,0.0
156,322_HYDRO_3,1,14.1,0.0
156,322_HYDRO_4,1,14.1,0.0
156,320_PV_1,1,0.0,0.0
156,314_PV_1,1,0.0,0.0
156,314_PV_2,1,0.0,0.0
156,313_PV_1,1,0.0,0.0
156,314_PV_3,1,0.0,0.0
156,314_PV_4,1,0.0,0.0
156,313_PV_2,1,0.0,0.0
156,310_PV_1,1,0.0,0.0
156,324_PV_1,1,0.0,0.0
156,312_PV_1,1,0.0,0.0
156,310_PV_2,1,0.0,0.0
156,324_PV_2,1,0.0,0.0
156,324_PV_3,1,0.0,0.0
156,319_PV_1,1,0.0,0.0
156,308_RTPV_1,1,0.0,0.0
156,313_RTPV_1,1,0.0,0.0
156,313_RTPV_2,1,0.0,0.0
156,313_RTPV_3,1,0.0,0.0
156,313_RTPV_4,1,0.0,0.0
156,313_RTPV_5,1,0.0,0.0
156,313_RTPV_6,1,0.0,0.0
156,313_RTPV_7,1,0.0,0.0
156,313_RTPV_8,1,0.0,0.0
156,313_RTPV_9,1,0.0,0.0
156,313_RTPV_10,1,0.0,0.0
156,313_RTPV_11,1,0.0,0.0
156,313_RTPV_12,1,0.0,0.0
156,320_RTPV_1,1,0.0,0.0
156,320_RTPV_2,1,0.0,0.0
156,320_RTPV_3,1,0.0,0.0
156,313_RTPV_13,1,0.0,0.0
156,320_RTPV_4,1,0.0,0.0
156,320_RTPV_5,1,0.0,0.0
156,320_RTPV_6,1,0.0,0.0
156,309_WIND_1,1,1.1,0.0
156,317_WIND_1,1,251.8,0.0
156,303_WIND_1,1,15.1,0.0
157,301_CT_1,1,20.0,105.3672414
157,301_CT_2,1,20.0,105.3672414
157,301_CT_3,1,55.0,43.742886659999996
157,301_CT_4,1,55.0,43.742886659999996
157,302_CT_1,1,20.0,105.3672414
157,302_CT_2,1,20.0,105.3672414
157,302_CT_3,1,55.0,38.635079579999996
157,302_CT_4,1,55.0,38.635079579999996
157,307_CT_1,1,55.0,35.47476972
157,307_CT_2,1,55.0,35.47476972
157,313_CC_1,1,355.0,33.75273126
157,315_STEAM_1,1,12.0,124.09965539999999
157,315_STEAM_2,1,12.0,124.09965539999999
157,315_STEAM_3,1,12.0,124.09965539999999
157,315_STEAM_4,1,12.0,124.09965539999999
157,315_STEAM_5,1,12.0,124.09965539999999
157,315_CT_6,1,55.0,31.8557679
157,315_CT_7,1,55.0,31.8557679
157,315_CT_8,1,55.0,31.8557679
157,316_STEAM_1,1,155.0,27.274698980000004
157,318_CC_1,1,355.0,31.529241419999998
157,321_CC_1,1,355.0,33.94709226
157,322_CT_5,1,55.0,27.89469072
157,322_CT_6,1,55.0,27.89469072
157,323_CC_1,1,355.0,31.727489639999995
157,323_CC_2,1,355.0,31.727489639999995
157,322_HYDRO_1,1,14.167,0.0
157,322_HYDRO_2,1,14.167,0.0
157,322_HYDRO_3,1,14.167,0.0
157,322_HYDRO_4,1,14.167,0.0
157,320_PV_1,1,0.0,0.0
157,314_PV_1,1,0.0,0.0
157,314_PV_2,1,0.0,0.0
157,313_PV_1,1,0.0,0.0
157,314_PV_3,1,0.0,0.0
157,314_PV_4,1,0.0,0.0
157,313_PV_2,1,0.0,0.0
157,310_PV_1,1,0.0,0.0
157,324_PV_1,1,0.0,0.0
157,312_PV_1,1,0.0,0.0
157,310_PV_2,1,0.0,0.0
157,324_PV_2,1,0.0,0.0
157,324_PV_3,1,0.0,0.0
157,319_PV_1,1,0.0,0.0
157,308_RTPV_1,1,0.0,0.0
157,313_RTPV_1,1,0.0,0.0
157,313_RTPV_2,1,0.0,0.0
157,313_RTPV_3,1,0.0,0.0
157,313_RTPV_4,1,0.0,0.0
157,313_RTPV_5,1,0.0,0.0
157,313_RTPV_6,1,0.0,0.0
157,313_RTPV_7,1,0.0,0.0
157,313_RTPV_8,1,0.0,0.0
157,313_RTPV_9,1,0.0,0.0
157,313_RTPV_10,1,0.0,0.0
157,313_RTPV_11,1,0.0,0.0
157,313_RTPV_12,1,0.0,0.0
157,320_RTPV_1,1,0.0,0.0
157,320_RTPV_2,1,0.0,0.0
157,320_RTPV_3,1,0.0,0.0
157,313_RTPV_13,1,0.0,0.0
157,320_RTPV_4,1,0.0,0.0
157,320_RTPV_5,1,0.0,0.0
157,320_RTPV_6,1,0.0,0.0
157,309_WIND_1,1,1.6,0.0
157,317_WIND_1,1,239.0,0.0
157,303_WIND_1,1,12.6,0.0
158,301_CT_1,1,20.0,105.3672414
158,301_CT_2,1,20.0,105.3672414
158,301_CT_3,1,55.0,43.742886659999996
158,301_CT_4,1,55.0,43.742886659999996
158,302_CT_1,1,20.0,105.3672414
158,302_CT_2,1,20.0,105.3672414
158,302_CT_3,1,55.0,38.635079579999996
158,302_CT_4,1,55.0,38.635079579999996
158,307_CT_1,1,55.0,35.47476972
158,307_CT_2,1,55.0,35.47476972
158,313_CC_1,1,355.0,33.75273126
158,315_STEAM_1,1,12.0,124.09965539999999
158,315_STEAM_2,1,12.0,124.09965539999999
158,315_STEAM_3,1,12.0,124.09965539999999
158,315_STEAM_4,1,12.0,124.09965539999999
158,315_STEAM_5,1,12.0,124.09965539999999
158,315_CT_6,1,55.0,31.8557679
158,315_CT_7,1,55.0,31.8557679
158,315_CT_8,1,55.0,31.8557679
158,316_STEAM_1,1,155.0,27.274698980000004
158,318_CC_1,1,355.0,31.529241419999998
158,321_CC_1,1,355.0,33.94709226
158,322_CT_5,1,55.0,27.89469072
158,322_CT_6,1,55.0,27.89469072
158,323_CC_1,1,355.0,31.727489639999995
158,323_CC_2,1,355.0,31.727489639999995
158,322_HYDRO_1,1,14.232999999999999,0.0
158,322_HYDRO_2,1,14.232999999999999,0.0
158,322_HYDRO_3,1,14.232999999999999,0.0
158,322_HYDRO_4,1,14.232999999999999,0.0
158,320_PV_1,1,0.0,0.0
158,314_PV_1,1,0.0,0.0
158,314_PV_2,1,0.0,0.0
158,313_PV_1,1,0.0,0.0
158,314_PV_3,1,0.0,0.0
158,314_PV_4,1,0.0,0.0
158,313_PV_2,1,0.0,0.0
158,310_PV_1,1,0.0,0.0
158,324_PV_1,1,0.0,0.0
158,312_PV_1,1,0.0,0.0
158,310_PV_2,1,0.0,0.0
158,324_PV_2,1,0.0,0.0
158,324_PV_3,1,0.0,0.0
158,319_PV_1,1,0.0,0.0
158,308_RTPV_1,1,0.0,0.0
158,313_RTPV_1,1,0.0,0.0
158,313_RTPV_2,1,0.0,0.0
158,313_RTPV_3,1,0.0,0.0
158,313_RTPV_4,1,0.0,0.0
158,313_RTPV_5,1,0.0,0.0
158,313_RTPV_6,1,0.0,0.0
158,313_RTPV_7,1,0.0,0.0
158,313_RTPV_8,1,0.0,0.0
158,313_RTPV_9,1,0.0,0.0
158,313_RTPV_10,1,0.0,0.0
158,313_RTPV_11,1,0.0,0.0
158,313_RTPV_12,1,0.0,0.0
158,320_RTPV_1,1,0.0,0.0
158,320_RTPV_2,1,0.0,0.0
158,320_RTPV_3,1,0.0,0.0
158,313_RTPV_13,1,0.0,0.0
158,320_RTPV_4,1,0.0,0.0
158,320_RTPV_5,1,0.0,0.0
158,320_RTPV_6,1,0.0,0.0
158,309_WIND_1,1,0.5,0.0
158,317_WIND_1,1,239.8,0.0
158,303_WIND_1,1,14.4,0.0
159,301_CT_1,1,20.0,105.3672414
159,301_CT_2,1,20.0,105.3672414
159,301_CT_3,1,55.0,43.742886659999996
159,301_CT_4,1,55.0,43.742886659999996
159,302_CT_1,1,20.0,105.3672414
159,302_CT_2,1,20.0,105.3672414
159,302_CT_3,1,55.0,38.635079579999996
159,302_CT_4,1,55.0,38.635079579999996
159,307_CT_1,1,55.0,35.47476972
159,307_CT_2,1,55.0,35.47476972
159,313_CC_1,1,355.0,33.75273126
159,315_STEAM_1,1,12.0,124.09965539999999
159,315_STEAM_2,1,12.0,124.09965539999999
159,315_STEAM_3,1,12.0,124.09965539999999
159,315_STEAM_4,1,12.0,124.09965539999999
159,315_STEAM_5,1,12.0,124.09965539999999
159,315_CT_6,1,55.0,31.8557679
159,315_CT_7,1,55.0,31.8557679
159,315_CT_8,1,55.0,31.8557679
159,316_STEAM_1,1,155.0,27.274698980000004
159,318_CC_1,1,355.0,31.529241419999998
159,321_CC_1,1,355.0,33.94709226
159,322_CT_5,1,55.0,27.89469072
159,322_CT_6,1,55.0,27.89469072
159,323_CC_1,1,355.0,31.727489639999995
159,323_CC_2,1,355.0,31.727489639999995
159,322_HYDRO_1,1,14.3,0.0
159,322_HYDRO_2,1,14.3,0.0
159,322_HYDRO_3,1,14.3,0.0
159,322_HYDRO_4,1,14.3,0.0
159,320_PV_1,1,0.0,0.0
159,314_PV_1,1,0.0,0.0
159,314_PV_2,1,0.0,0.0
159,313_PV_1,1,0.0,0.0
159,314_PV_3,1,0.0,0.0
159,314_PV_4,1,0.0,0.0
159,313_PV_2,1,0.0,0.0
159,310_PV_1,1,0.0,0.0
159,324_PV_1,1,0.0,0.0
159,312_PV_1,1,0.0,0.0
159,310_PV_2,1,0.0,0.0
159,324_PV_2,1,0.0,0.0
159,324_PV_3,1,0.0,0.0
159,319_PV_1,1,0.0,0.0
159,308_RTPV_1,1,0.0,0.0
159,313_RTPV_1,1,0.0,0.0
159,313_RTPV_2,1,0.0,0.0
159,313_RTPV_3,1,0.0,0.0
159,313_RTPV_4,1,0.0,0.0
159,313_RTPV_5,1,0.0,0.0
159,313_RTPV_6,1,0.0,0.0
159,313_RTPV_7,1,0.0,0.0
159,313_RTPV_8,1,0.0,0.0
159,313_RTPV_9,1,0.0,0.0
159,313_RTPV_10,1,0.0,0.0
159,313_RTPV_11,1,0.0,0.0
159,313_RTPV_12,1,0.0,0.0
159,320_RTPV_1,1,0.0,0.0
159,320_RTPV_2,1,0.0,0.0
159,320_RTPV_3,1,0.0,0.0
159,313_RTPV_13,1,0.0,0.0
159,320_RTPV_4,1,0.0,0.0
159,320_RTPV_5,1,0.0,0.0
159,320_RTPV_6,1,0.0,0.0
159,309_WIND_1,1,0.2,0.0
159,317_WIND_1,1,239.2,0.0
159,303_WIND_1,1,17.7,0.0
160,301_CT_1,1,20.0,105.3672414
160,301_CT_2,1,20.0,105.3672414
160,301_CT_3,1,55.0,43.742886659999996
160,301_CT_4,1,55.0,43.742886659999996
160,302_CT_1,1,20.0,105.3672414
160,302_CT_2,1,20.0,105.3672414
160,302_CT_3,1,55.0,38.635079579999996
160,302_CT_4,1,55.0,38.635079579999996
160,307_CT_1,1,55.0,35.47476972
160,307_CT_2,1,55.0,35.47476972
160,313_CC_1,1,355.0,33.75273126
160,315_STEAM_1,1,12.0,124.09965539999999
160,315_STEAM_2,1,12.0,124.09965539999999
160,315_STEAM_3,1,12.0,124.09965539999999
160,315_STEAM_4,1,12.0,124.09965539999999
160,315_STEAM_5,1,12.0,124.09965539999999
160,315_CT_6,1,55.0,31.8557679
160,315_CT_7,1,55.0,31.8557679
160,315_CT_8,1,55.0,31.8557679
160,316_STEAM_1,1,155.0,27.274698980000004
160,318_CC_1,1,355.0,31.529241419999998
160,321_CC_1,1,355.0,33.94709226
160,322_CT_5,1,55.0,27.89469072
160,322_CT_6,1,55.0,27.89469072
160,323_CC_1,1,355.0,31.727489639999995
160,323_CC_2,1,355.0,31.727489639999995
160,322_HYDRO_1,1,14.367,0.0
160,322_HYDRO_2,1,14.367,0.0
160,322_HYDRO_3,1,14.367,0.0
160,322_HYDRO_4,1,14.367,0.0
160,320_PV_1,1,0.0,0.0
160,314_PV_1,1,0.0,0.0
160,314_PV_2,1,0.0,0.0
160,313_PV_1,1,0.0,0.0
160,314_PV_3,1,0.0,0.0
160,314_PV_4,1,0.0,0.0
160,313_PV_2,1,0.0,0.0
160,310_PV_1,1,0.0,0.0
160,324_PV_1,1,0.0,0.0
160,312_PV_1,1,0.0,0.0
160,310_PV_2,1,0.0,0.0
160,324_PV_2,1,0.0,0.0
160,324_PV_3,1,0.0,0.0
160,319_PV_1,1,0.0,0.0
160,308_RTPV_1,1,0.0,0.0
160,313_RTPV_1,1,0.0,0.0
160,313_RTPV_2,1,0.0,0.0
160,313_RTPV_3,1,0.0,0.0
160,313_RTPV_4,1,0.0,0.0
160,313_RTPV_5,1,0.0,0.0
160,313_RTPV_6,1,0.0,0.0
160,313_RTPV_7,1,0.0,0.0
160,313_RTPV_8,1,0.0,0.0
160,313_RTPV_9,1,0.0,0.0
160,313_RTPV_10,1,0.0,0.0
160,313_RTPV_11,1,0.0,0.0
160,313_RTPV_12,1,0.0,0.0
160,320_RTPV_1,1,0.0,0.0
160,320_RTPV_2,1,0.0,0.0
160,320_RTPV_3,1,0.0,0.0
160,313_RTPV_13,1,0.0,0.0
160,320_RTPV_4,1,0.0,0.0
160,320_RTPV_5,1,0.0,0.0
160,320_RTPV_6,1,0.0,0.0
160,309_WIND_1,1,1.3,0.0
160,317_WIND_1,1,225.5,0.0
160,303_WIND_1,1,14.9,0.0
161,301_CT_1,1,20.0,105.3672414
161,301_CT_2,1,20.0,105.3672414
161,301_CT_3,1,55.0,43.742886659999996
161,301_CT_4,1,55.0,43.742886659999996
161,302_CT_1,1,20.0,105.3672414
161,302_CT_2,1,20.0,105.3672414
161,302_CT_3,1,55.0,38.635079579999996
161,302_CT_4,1,55.0,38.635079579999996
161,307_CT_1,1,55.0,35.47476972
161,307_CT_2,1,55.0,35.47476972
161,313_CC_1,1,355.0,33.75273126
161,315_STEAM_1,1,12.0,124.09965539999999
161,315_STEAM_2,1,12.0,124.09965539999999
161,315_STEAM_3,1,12.0,124.09965539999999
161,315_STEAM_4,1,12.0,124.09965539999999
161,315_STEAM_5,1,12.0,124.09965539999999
161,315_CT_6,1,55.0,31.8557679
161,315_CT_7,1,55.0,31.8557679
161,315_CT_8,1,55.0,31.8557679
161,316_STEAM_1,1,155.0,27.274698980000004
161,318_CC_1,1,355.0,31.529241419999998
161,321_CC_1,1,355.0,33.94709226
161,322_CT_5,1,55.0,27.89469072
161,322_CT_6,1,55.0,27.89469072
161,323_CC_1,1,355.0,31.727489639999995
161,323_CC_2,1,355.0,31.727489639999995
161,322_HYDRO_1,1,14.433,0.0
161,322_HYDRO_2,1,14.433,0.0
161,322_HYDRO_3,1,14.433,0.0
161,322_HYDRO_4,1,14.433,0.0
161,320_PV_1,1,0.0,0.0
161,314_PV_1,1,0.0,0.0
161,314_PV_2,1,0.0,0.0
161,313_PV_1,1,0.0,0.0
161,314_PV_3,1,0.0,0.0
161,314_PV_4,1,0.0,0.0
161,313_PV_2,1,0.0,0.0
161,310_PV_1,1,0.0,0.0
161,324_PV_1,1,0.0,0.0
161,312_PV_1,1,0.0,0.0
161,310_PV_2,1,0.0,0.0
161,324_PV_2,1,0.0,0.0
161,324_PV_3,1,0.0,0.0
161,319_PV_1,1,0.0,0.0
161,308_RTPV_1,1,0.0,0.0
161,313_RTPV_1,1,0.0,0.0
161,313_RTPV_2,1,0.0,0.0
161,313_RTPV_3,1,0.0,0.0
161,313_RTPV_4,1,0.0,0.0
161,313_RTPV_5,1,0.0,0.0
161,313_RTPV_6,1,0.0,0.0
161,313_RTPV_7,1,0.0,0.0
161,313_RTPV_8,1,0.0,0.0
161,313_RTPV_9,1,0.0,0.0
161,313_RTPV_10,1,0.0,0.0
161,313_RTPV_11,1,0.0,0.0
161,313_RTPV_12,1,0.0,0.0
161,320_RTPV_1,1,0.0,0.0
161,320_RTPV_2,1,0.0,0.0
161,320_RTPV_3,1,0.0,0.0
161,313_RTPV_13,1,0.0,0.0
161,320_RTPV_4,1,0.0,0.0
161,320_RTPV_5,1,0.0,0.0
161,320_RTPV_6,1,0.0,0.0
161,309_WIND_1,1,1.5,0.0
161,317_WIND_1,1,210.2,0.0
161,303_WIND_1,1,14.5,0.0
162,301_CT_1,1,20.0,105.3672414
162,301_CT_2,1,20.0,105.3672414
162,301_CT_3,1,55.0,43.742886659999996
162,301_CT_4,1,55.0,43.742886659999996
162,302_CT_1,1,20.0,105.3672414
162,302_CT_2,1,20.0,105.3672414
162,302_CT_3,1,55.0,38.635079579999996
162,302_CT_4,1,55.0,38.635079579999996
162,307_CT_1,1,55.0,35.47476972
162,307_CT_2,1,55.0,35.47476972
162,313_CC_1,1,355.0,33.75273126
162,315_STEAM_1,1,12.0,124.09965539999999
162,315_STEAM_2,1,12.0,124.09965539999999
162,315_STEAM_3,1,12.0,124.09965539999999
162,315_STEAM_4,1,12.0,124.09965539999999
162,315_STEAM_5,1,12.0,124.09965539999999
162,315_CT_6,1,55.0,31.8557679
162,315_CT_7,1,55.0,31.8557679
162,315_CT_8,1,55.0,31.8557679
162,316_STEAM_1,1,155.0,27.274698980000004
162,318_CC_1,1,355.0,31.529241419999998
162,321_CC_1,1,355.0,33.94709226
162,322_CT_5,1,55.0,27.89469072
162,322_CT_6,1,55.0,27.89469072
162,323_CC_1,1,355.0,31.727489639999995
162,323_CC_2,1,355.0,31.727489639999995
162,322_HYDRO_1,1,14.5,0.0
162,322_HYDRO_2,1,14.5,0.0
162,322_HYDRO_3,1,14.5,0.0
162,322_HYDRO_4,1,14.5,0.0
162,320_PV_1,1,0.0,0.0
162,314_PV_1,1,0.0,0.0
162,314_PV_2,1,0.0,0.0
162,313_PV_1,1,0.0,0.0
162,314_PV_3,1,0.0,0.0
162,314_PV_4,1,0.0,0.0
162,313_PV_2,1,0.0,0.0
162,310_PV_1,1,0.0,0.0
162,324_PV_1,1,0.0,0.0
162,312_PV_1,1,0.0,0.0
162,310_PV_2,1,0.0,0.0
162,324_PV_2,1,0.0,0.0
162,324_PV_3,1,0.0,0.0
162,319_PV_1,1,0.0,0.0
162,308_RTPV_1,1,0.0,0.0
162,313_RTPV_1,1,0.0,0.0
162,313_RTPV_2,1,0.0,0.0
162,313_RTPV_3,1,0.0,0.0
162,313_RTPV_4,1,0.0,0.0
162,313_RTPV_5,1,0.0,0.0
162,313_RTPV_6,1,0.0,0.0
162,313_RTPV_7,1,0.0,0.0
162,313_RTPV_8,1,0.0,0.0
162,313_RTPV_9,1,0.0,0.0
162,313_RTPV_10,1,0.0,0.0
162,313_RTPV_11,1,0.0,0.0
162,313_RTPV_12,1,0.0,0.0
162,320_RTPV_1,1,0.0,0.0
162,320_RTPV_2,1,0.0,0.0
162,320_RTPV_3,1,0.0,0.0
162,313_RTPV_13,1,0.0,0.0
162,320_RTPV_4,1,0.0,0.0
162,320_RTPV_5,1,0.0,0.0
162,320_RTPV_6,1,0.0,0.0
162,309_WIND_1,1,0.5,0.0
162,317_WIND_1,1,202.7,0.0
162,303_WIND_1,1,16.8,0.0
163,301_CT_1,1,20.0,105.3672414
163,301_CT_2,1,20.0,105.3672414
163,301_CT_3,1,55.0,43.742886659999996
163,301_CT_4,1,55.0,43.742886659999996
163,302_CT_1,1,20.0,105.3672414
163,302_CT_2,1,20.0,105.3672414
163,302_CT_3,1,55.0,38.635079579999996
163,302_CT_4,1,55.0,38.635079579999996
163,307_CT_1,1,55.0,35.47476972
163,307_CT_2,1,55.0,35.47476972
163,313_CC_1,1,355.0,33.75273126
163,315_STEAM_1,1,12.0,124.09965539999999
163,315_STEAM_2,1,12.0,124.09965539999999
163,315_STEAM_3,1,12.0,124.09965539999999
163,315_STEAM_4,1,12.0,124.09965539999999
163,315_STEAM_5,1,12.0,124.09965539999999
163,315_CT_6,1,55.0,31.8557679
163,315_CT_7,1,55.0,31.8557679
163,315_CT_8,1,55.0,31.8557679
163,316_STEAM_1,1,155.0,27.274698980000004
163,318_CC_1,1,355.0,31.529241419999998
163,321_CC_1,1,355.0,33.94709226
163,322_CT_5,1,55.0,27.89469072
163,322_CT_6,1,55.0,27.89469072
163,323_CC_1,1,355.0,31.727489639999995
163,323_CC_2,1,355.0,31.727489639999995
163,322_HYDRO_1,1,14.567,0.0
163,322_HYDRO_2,1,14.567,0.0
163,322_HYDRO_3,1,14.567,0.0
163,322_HYDRO_4,1,14.567,0.0
163,320_PV_1,1,0.0,0.0
163,314_PV_1,1,0.0,0.0
163,314_PV_2,1,0.0,0.0
163,313_PV_1,1,0.0,0.0
163,314_PV_3,1,0.0,0.0
163,314_PV_4,1,0.0,0.0
163,313_PV_2,1,0.0,0.0
163,310_PV_1,1,0.0,0.0
163,324_PV_1,1,0.0,0.0
163,312_PV_1,1,0.0,0.0
163,310_PV_2,1,0.0,0.0
163,324_PV_2,1,0.0,0.0
163,324_PV_3,1,0.0,0.0
163,319_PV_1,1,0.0,0.0
163,308_RTPV_1,1,0.0,0.0
163,313_RTPV_1,1,0.0,0.0
163,313_RTPV_2,1,0.0,0.0
163,313_RTPV_3,1,0.0,0.0
163,313_RTPV_4,1,0.0,0.0
163,313_RTPV_5,1,0.0,0.0
163,313_RTPV_6,1,0.0,0.0
163,313_RTPV_7,1,0.0,0.0
163,313_RTPV_8,1,0.0,0.0
163,313_RTPV_9,1,0.0,0.0
163,313_RTPV_10,1,0.0,0.0
163,313_RTPV_11,1,0.0,0.0
163,313_RTPV_12,1,0.0,0.0
163,320_RTPV_1,1,0.0,0.0
163,320_RTPV_2,1,0.0,0.0
163,320_RTPV_3,1,0.0,0.0
163,313_RTPV_13,1,0.0,0.0
163,320_RTPV_4,1,0.0,0.0
163,320_RTPV_5,1,0.0,0.0
163,320_RTPV_6,1,0.0,0.0
163,309_WIND_1,1,0.6,0.0
163,317_WIND_1,1,194.0,0.0
163,303_WIND_1,1,14.4,0.0
164,301_CT_1,1,20.0,105.3672414
164,301_CT_2,1,20.0,105.3672414
164,301_CT_3,1,55.0,43.742886659999996
164,301_CT_4,1,55.0,43.742886659999996
164,302_CT_1,1,20.0,105.3672414
164,302_CT_2,1,20.0,105.3672414
164,302_CT_3,1,55.0,38.635079579999996
164,302_CT_4,1,55.0,38.635079579999996
164,307_CT_1,1,55.0,35.47476972
164,307_CT_2,1,55.0,35.47476972
164,313_CC_1,1,355.0,33.75273126
164,315_STEAM_1,1,12.0,124.09965539999999
164,315_STEAM_2,1,12.0,124.09965539999999
164,315_STEAM_3,1,12.0,124.09965539999999
164,315_STEAM_4,1,12.0,124.09965539999999
164,315_STEAM_5,1,12.0,124.09965539999999
164,315_CT_6,1,55.0,31.8557679
164,315_CT_7,1,55.0,31.8557679
164,315_CT_8,1,55.0,31.8557679
164,316_STEAM_1,1,155.0,27.274698980000004
164,318_CC_1,1,355.0,31.529241419999998
164,321_CC_1,1,355.0,33.94709226
164,322_CT_5,1,55.0,27.89469072
164,322_CT_6,1,55.0,27.89469072
164,323_CC_1,1,355.0,31.727489639999995
164,323_CC_2,1,355.0,31.727489639999995
164,322_HYDRO_1,1,14.633,0.0
164,322_HYDRO_2,1,14.633,0.0
164,322_HYDRO_3,1,14.633,0.0
164,322_HYDRO_4,1,14.633,0.0
164,320_PV_1,1,0.0,0.0
164,314_PV_1,1,0.0,0.0
164,314_PV_2,1,0.0,0.0
164,313_PV_1,1,0.0,0.0
164,314_PV_3,1,0.0,0.0
164,314_PV_4,1,0.0,0.0
164,313_PV_2,1,0.0,0.0
164,310_PV_1,1,0.0,0.0
164,324_PV_1,1,0.0,0.0
164,312_PV_1,1,0.0,0.0
164,310_PV_2,1,0.0,0.0
164,324_PV_2,1,0.0,0.0
164,324_PV_3,1,0.0,0.0
164,319_PV_1,1,0.0,0.0
164,308_RTPV_1,1,0.0,0.0
164,313_RTPV_1,1,0.0,0.0
164,313_RTPV_2,1,0.0,0.0
164,313_RTPV_3,1,0.0,0.0
164,313_RTPV_4,1,0.0,0.0
164,313_RTPV_5,1,0.0,0.0
164,313_RTPV_6,1,0.0,0.0
164,313_RTPV_7,1,0.0,0.0
164,313_RTPV_8,1,0.0,0.0
164,313_RTPV_9,1,0.0,0.0
164,313_RTPV_10,1,0.0,0.0
164,313_RTPV_11,1,0.0,0.0
164,313_RTPV_12,1,0.0,0.0
164,320_RTPV_1,1,0.0,0.0
164,320_RTPV_2,1,0.0,0.0
164,320_RTPV_3,1,0.0,0.0
164,313_RTPV_13,1,0.0,0.0
164,320_RTPV_4,1,0.0,0.0
164,320_RTPV_5,1,0.0,0.0
164,320_RTPV_6,1,0.0,0.0
164,309_WIND_1,1,1.1,0.0
164,317_WIND_1,1,188.5,0.0
164,303_WIND_1,1,17.8,0.0
165,301_CT_1,1,20.0,105.3672414
165,301_CT_2,1,20.0,105.3672414
165,301_CT_3,1,55.0,43.742886659999996
165,301_CT_4,1,55.0,43.742886659999996
165,302_CT_1,1,20.0,105.3672414
165,302_CT_2,1,20.0,105.3672414
165,302_CT_3,1,55.0,38.635079579999996
165,302_CT_4,1,55.0,38.635079579999996
165,307_CT_1,1,55.0,35.47476972
165,307_CT_2,1,55.0,35.47476972
165,313_CC_1,1,355.0,33.75273126
165,315_STEAM_1,1,12.0,124.09965539999999
165,315_STEAM_2,1,12.0,124.09965539999999
165,315_STEAM_3,1,12.0,124.09965539999999
165,315_STEAM_4,1,12.0,124.09965539999999
165,315_STEAM_5,1,12.0,124.09965539999999
165,315_CT_6,1,55.0,31.8557679
165,315_CT_7,1,55.0,31.8557679
165,315_CT_8,1,55.0,31.8557679
165,316_STEAM_1,1,155.0,27.274698980000004
165,318_CC_1,1,355.0,31.529241419999998
165,321_CC_1,1,355.0,33.94709226
165,322_CT_5,1,55.0,27.89469072
165,322_CT_6,1,55.0,27.89469072
165,323_CC_1,1,355.0,31.727489639999995
165,323_CC_2,1,355.0,31.727489639999995
165,322_HYDRO_1,1,14.7,0.0
165,322_HYDRO_2,1,14.7,0.0
165,322_HYDRO_3,1,14.7,0.0
165,322_HYDRO_4,1,14.7,0.0
165,320_PV_1,1,0.0,0.0
165,314_PV_1,1,0.0,0.0
165,314_PV_2,1,0.0,0.0
165,313_PV_1,1,0.0,0.0
165,314_PV_3,1,0.0,0.0
165,314_PV_4,1,0.0,0.0
165,313_PV_2,1,0.0,0.0
165,310_PV_1,1,0.0,0.0
165,324_PV_1,1,0.0,0.0
165,312_PV_1,1,0.0,0.0
165,310_PV_2,1,0.0,0.0
165,324_PV_2,1,0.0,0.0
165,324_PV_3,1,0.0,0.0
165,319_PV_1,1,0.0,0.0
165,308_RTPV_1,1,0.0,0.0
165,313_RTPV_1,1,0.0,0.0
165,313_RTPV_2,1,0.0,0.0
165,313_RTPV_3,1,0.0,0.0
165,313_RTPV_4,1,0.0,0.0
165,313_RTPV_5,1,0.0,0.0
165,313_RTPV_6,1,0.0,0.0
165,313_RTPV_7,1,0.0,0.0
165,313_RTPV_8,1,0.0,0.0
165,313_RTPV_9,1,0.0,0.0
165,313_RTPV_10,1,0.0,0.0
165,313_RTPV_11,1,0.0,0.0
165,313_RTPV_12,1,0.0,0.0
165,320_RTPV_1,1,0.0,0.0
165,320_RTPV_2,1,0.0,0.0
165,320_RTPV_3,1,0.0,0.0
165,313_RTPV_13,1,0.0,0.0
165,320_RTPV_4,1,0.0,0.0
165,320_RTPV_5,1,0.0,0.0
165,320_RTPV_6,1,0.0,0.0
165,309_WIND_1,1,1.2,0.0
165,317_WIND_1,1,178.3,0.0
165,303_WIND_1,1,23.2,0.0
166,301_CT_1,1,20.0,105.3672414
166,301_CT_2,1,20.0,105.3672414
166,301_CT_3,1,55.0,43.742886659999996
166,301_CT_4,1,55.0,43.742886659999996
166,302_CT_1,1,20.0,105.3672414
166,302_CT_2,1,20.0,105.3672414
166,302_CT_3,1,55.0,38.635079579999996
166,302_CT_4,1,55.0,38.635079579999996
166,307_CT_1,1,55.0,35.47476972
166,307_CT_2,1,55.0,35.47476972
166,313_CC_1,1,355.0,33.75273126
166,315_STEAM_1,1,12.0,124.09965539999999
166,315_STEAM_2,1,12.0,124.09965539999999
166,315_STEAM_3,1,12.0,124.09965539999999
166,315_STEAM_4,1,12.0,124.09965539999999
166,315_STEAM_5,1,12.0,124.09965539999999
166,315_CT_6,1,55.0,31.8557679
166,315_CT_7,1,55.0,31.8557679
166,315_CT_8,1,55.0,31.8557679
166,316_STEAM_1,1,155.0,27.274698980000004
166,318_CC_1,1,355.0,31.529241419999998
166,321_CC_1,1,355.0,33.94709226
166,322_CT_5,1,55.0,27.89469072
166,322_CT_6,1,55.0,27.89469072
166,323_CC_1,1,355.0,31.727489639999995
166,323_CC_2,1,355.0,31.727489639999995
166,322_HYDRO_1,1,14.767000000000001,0.0
166,322_HYDRO_2,1,14.767000000000001,0.0
166,322_HYDRO_3,1,14.767000000000001,0.0
166,322_HYDRO_4,1,14.767000000000001,0.0
166,320_PV_1,1,0.0,0.0
166,314_PV_1,1,0.0,0.0
166,314_PV_2,1,0.0,0.0
166,313_PV_1,1,0.0,0.0
166,314_PV_3,1,0.0,0.0
166,314_PV_4,1,0.0,0.0
166,313_PV_2,1,0.0,0.0
166,310_PV_1,1,0.0,0.0
166,324_PV_1,1,0.0,0.0
166,312_PV_1,1,0.0,0.0
166,310_PV_2,1,0.0,0.0
166,324_PV_2,1,0.0,0.0
166,324_PV_3,1,0.0,0.0
166,319_PV_1,1,0.0,0.0
166,308_RTPV_1,1,0.0,0.0
166,313_RTPV_1,1,0.0,0.0
166,313_RTPV_2,1,0.0,0.0
166,313_RTPV_3,1,0.0,0.0
166,313_RTPV_4,1,0.0,0.0
166,313_RTPV_5,1,0.0,0.0
166,313_RTPV_6,1,0.0,0.0
166,313_RTPV_7,1,0.0,0.0
166,313_RTPV_8,1,0.0,0.0
166,313_RTPV_9,1,0.0,0.0
166,313_RTPV_10,1,0.0,0.0
166,313_RTPV_11,1,0.0,0.0
166,313_RTPV_12,1,0.0,0.0
166,320_RTPV_1,1,0.0,0.0
166,320_RTPV_2,1,0.0,0.0
166,320_RTPV_3,1,0.0,0.0
166,313_RTPV_13,1,0.0,0.0
166,320_RTPV_4,1,0.0,0.0
166,320_RTPV_5,1,0.0,0.0
166,320_RTPV_6,1,0.0,0.0
166,309_WIND_1,1,1.2,0.0
166,317_WIND_1,1,171.2,0.0
166,303_WIND_1,1,17.7,0.0
167,301_CT_1,1,20.0,105.3672414
167,301_CT_2,1,20.0,105.3672414
167,301_CT_3,1,55.0,43.742886659999996
167,301_CT_4,1,55.0,43.742886659999996
167,302_CT_1,1,20.0,105.3672414
167,302_CT_2,1,20.0,105.3672414
167,302_CT_3,1,55.0,38.635079579999996
167,302_CT_4,1,55.0,38.635079579999996
167,307_CT_1,1,55.0,35.47476972
167,307_CT_2,1,55.0,35.47476972
167,313_CC_1,1,355.0,33.75273126
167,315_STEAM_1,1,12.0,124.09965539999999
167,315_STEAM_2,1,12.0,124.09965539999999
167,315_STEAM_3,1,12.0,124.09965539999999
167,315_STEAM_4,1,12.0,124.09965539999999
167,315_STEAM_5,1,12.0,124.09965539999999
167,315_CT_6,1,55.0,31.8557679
167,315_CT_7,1,55.0,31.8557679
167,315_CT_8,1,55.0,31.8557679
167,316_STEAM_1,1,155.0,27.274698980000004
167,318_CC_1,1,355.0,31.529241419999998
167,321_CC_1,1,355.0,33.94709226
167,322_CT_5,1,55.0,27.89469072
167,322_CT_6,1,55.0,27.89469072
167,323_CC_1,1,355.0,31.727489639999995
167,323_CC_2,1,355.0,31.727489639999995
167,322_HYDRO_1,1,14.833,0.0
167,322_HYDRO_2,1,14.833,0.0
167,322_HYDRO_3,1,14.833,0.0
167,322_HYDRO_4,1,14.833,0.0
167,320_PV_1,1,0.0,0.0
167,314_PV_1,1,0.0,0.0
167,314_PV_2,1,0.0,0.0
167,313_PV_1,1,0.0,0.0
167,314_PV_3,1,0.0,0.0
167,314_PV_4,1,0.0,0.0
167,313_PV_2,1,0.0,0.0
167,310_PV_1,1,0.0,0.0
167,324_PV_1,1,0.0,0.0
167,312_PV_1,1,0.0,0.0
167,310_PV_2,1,0.0,0.0
167,324_PV_2,1,0.0,0.0
167,324_PV_3,1,0.0,0.0
167,319_PV_1,1,0.0,0.0
167,308_RTPV_1,1,0.0,0.0
167,313_RTPV_1,1,0.0,0.0
167,313_RTPV_2,1,0.0,0.0
167,313_RTPV_3,1,0.0,0.0
167,313_RTPV_4,1,0.0,0.0
167,313_RTPV_5,1,0.0,0.0
167,313_RTPV_6,1,0.0,0.0
167,313_RTPV_7,1,0.0,0.0
167,313_RTPV_8,1,0.0,0.0
167,313_RTPV_9,1,0.0,0.0
167,313_RTPV_10,1,0.0,0.0
167,313_RTPV_11,1,0.0,0.0
167,313_RTPV_12,1,0.0,0.0
167,320_RTPV_1,1,0.0,0.0
167,320_RTPV_2,1,0.0,0.0
167,320_RTPV_3,1,0.0,0.0
167,313_RTPV_13,1,0.0,0.0
167,320_RTPV_4,1,0.0,0.0
167,320_RTPV_5,1,0.0,0.0
167,320_RTPV_6,1,0.0,0.0
167,309_WIND_1,1,0.8,0.0
167,317_WIND_1,1,165.7,0.0
167,303_WIND_1,1,15.6,0.0
168,301_CT_1,1,20.0,105.3672414
168,301_CT_2,1,20.0,105.3672414
168,301_CT_3,1,55.0,43.742886659999996
168,301_CT_4,1,55.0,43.742886659999996
168,302_CT_1,1,20.0,105.3672414
168,302_CT_2,1,20.0,105.3672414
168,302_CT_3,1,55.0,38.635079579999996
168,302_CT_4,1,55.0,38.635079579999996
168,307_CT_1,1,55.0,35.47476972
168,307_CT_2,1,55.0,35.47476972
168,313_CC_1,1,355.0,33.75273126
168,315_STEAM_1,1,12.0,124.09965539999999
168,315_STEAM_2,1,12.0,124.09965539999999
168,315_STEAM_3,1,12.0,124.09965539999999
168,315_STEAM_4,1,12.0,124.09965539999999
168,315_STEAM_5,1,12.0,124.09965539999999
168,315_CT_6,1,55.0,31.8557679
168,315_CT_7,1,55.0,31.8557679
168,315_CT_8,1,55.0,31.8557679
168,316_STEAM_1,1,155.0,27.274698980000004
168,318_CC_1,1,355.0,31.529241419999998
168,321_CC_1,1,355.0,33.94709226
168,322_CT_5,1,55.0,27.89469072
168,322_CT_6,1,55.0,27.89469072
168,323_CC_1,1,355.0,31.727489639999995
168,323_CC_2,1,355.0,31.727489639999995
168,322_HYDRO_1,1,14.9,0.0
168,322_HYDRO_2,1,14.9,0.0
168,322_HYDRO_3,1,14.9,0.0
168,322_HYDRO_4,1,14.9,0.0
168,320_PV_1,1,0.0,0.0
168,314_PV_1,1,0.0,0.0
168,314_PV_2,1,0.0,0.0
168,313_PV_1,1,0.0,0.0
168,314_PV_3,1,0.0,0.0
168,314_PV_4,1,0.0,0.0
168,313_PV_2,1,0.0,0.0
168,310_PV_1,1,0.0,0.0
168,324_PV_1,1,0.0,0.0
168,312_PV_1,1,0.0,0.0
168,310_PV_2,1,0.0,0.0
168,324_PV_2,1,0.0,0.0
168,324_PV_3,1,0.0,0.0
168,319_PV_1,1,0.0,0.0
168,308_RTPV_1,1,0.0,0.0
168,313_RTPV_1,1,0.0,0.0
168,313_RTPV_2,1,0.0,0.0
168,313_RTPV_3,1,0.0,0.0
168,313_RTPV_4,1,0.0,0.0
168,313_RTPV_5,1,0.0,0.0
168,313_RTPV_6,1,0.0,0.0
168,313_RTPV_7,1,0.0,0.0
168,313_RTPV_8,1,0.0,0.0
168,313_RTPV_9,1,0.0,0.0
168,313_RTPV_10,1,0.0,0.0
168,313_RTPV_11,1,0.0,0.0
168,313_RTPV_12,1,0.0,0.0
168,320_RTPV_1,1,0.0,0.0
168,320_RTPV_2,1,0.0,0.0
168,320_RTPV_3,1,0.0,0.0
168,313_RTPV_13,1,0.0,0.0
168,320_RTPV_4,1,0.0,0.0
168,320_RTPV_5,1,0.0,0.0
168,320_RTPV_6,1,0.0,0.0
168,309_WIND_1,1,0.9,0.0
168,317_WIND_1,1,160.9,0.0
168,303_WIND_1,1,19.6,0.0
169,301_CT_1,1,20.0,105.3672414
169,301_CT_2,1,20.0,105.3672414
169,301_CT_3,1,55.0,43.742886659999996
169,301_CT_4,1,55.0,43.742886659999996
169,302_CT_1,1,20.0,105.3672414
169,302_CT_2,1,20.0,105.3672414
169,302_CT_3,1,55.0,38.635079579999996
169,302_CT_4,1,55.0,38.635079579999996
169,307_CT_1,1,55.0,35.47476972
169,307_CT_2,1,55.0,35.47476972
169,313_CC_1,1,355.0,33.75273126
169,315_STEAM_1,1,12.0,124.09965539999999
169,315_STEAM_2,1,12.0,124.09965539999999
169,315_STEAM_3,1,12.0,124.09965539999999
169,315_STEAM_4,1,12.0,124.09965539999999
169,315_STEAM_5,1,12.0,124.09965539999999
169,315_CT_6,1,55.0,31.8557679
169,315_CT_7,1,55.0,31.8557679
169,315_CT_8,1,55.0,31.8557679
169,316_STEAM_1,1,155.0,27.274698980000004
169,318_CC_1,1,355.0,31.529241419999998
169,321_CC_1,1,355.0,33.94709226
169,322_CT_5,1,55.0,27.89469072
169,322_CT_6,1,55.0,27.89469072
169,323_CC_1,1,355.0,31.727489639999995
169,323_CC_2,1,355.0,31.727489639999995
169,322_HYDRO_1,1,15.283,0.0
169,322_HYDRO_2,1,15.283,0.0
169,322_HYDRO_3,1,15.283,0.0
169,322_HYDRO_4,1,15.283,0.0
169,320_PV_1,1,0.0,0.0
169,314_PV_1,1,0.0,0.0
169,314_PV_2,1,0.0,0.0
169,313_PV_1,1,0.0,0.0
169,314_PV_3,1,0.0,0.0
169,314_PV_4,1,0.0,0.0
169,313_PV_2,1,0.0,0.0
169,310_PV_1,1,0.0,0.0
169,324_PV_1,1,0.0,0.0
169,312_PV_1,1,0.0,0.0
169,310_PV_2,1,0.0,0.0
169,324_PV_2,1,0.0,0.0
169,324_PV_3,1,0.0,0.0
169,319_PV_1,1,0.0,0.0
169,308_RTPV_1,1,0.0,0.0
169,313_RTPV_1,1,0.0,0.0
169,313_RTPV_2,1,0.0,0.0
169,313_RTPV_3,1,0.0,0.0
169,313_RTPV_4,1,0.0,0.0
169,313_RTPV_5,1,0.0,0.0
169,313_RTPV_6,1,0.0,0.0
169,313_RTPV_7,1,0.0,0.0
169,313_RTPV_8,1,0.0,0.0
169,313_RTPV_9,1,0.0,0.0
169,313_RTPV_10,1,0.0,0.0
169,313_RTPV_11,1,0.0,0.0
169,313_RTPV_12,1,0.0,0.0
169,320_RTPV_1,1,0.0,0.0
169,320_RTPV_2,1,0.0,0.0
169,320_RTPV_3,1,0.0,0.0
169,313_RTPV_13,1,0.0,0.0
169,320_RTPV_4,1,0.0,0.0
169,320_RTPV_5,1,0.0,0.0
169,320_RTPV_6,1,0.0,0.0
169,309_WIND_1,1,1.1,0.0
169,317_WIND_1,1,151.1,0.0
169,303_WIND_1,1,25.9,0.0
170,301_CT_1,1,20.0,105.3672414
170,301_CT_2,1,20.0,105.3672414
170,301_CT_3,1,55.0,43.742886659999996
170,301_CT_4,1,55.0,43.742886659999996
170,302_CT_1,1,20.0,105.3672414
170,302_CT_2,1,20.0,105.3672414
170,302_CT_3,1,55.0,38.635079579999996
170,302_CT_4,1,55.0,38.635079579999996
170,307_CT_1,1,55.0,35.47476972
170,307_CT_2,1,55.0,35.47476972
170,313_CC_1,1,355.0,33.75273126
170,315_STEAM_1,1,12.0,124.09965539999999
170,315_STEAM_2,1,12.0,124.09965539999999
170,315_STEAM_3,1,12.0,124.09965539999999
170,315_STEAM_4,1,12.0,124.09965539999999
170,315_STEAM_5,1,12.0,124.09965539999999
170,315_CT_6,1,55.0,31.8557679
170,315_CT_7,1,55.0,31.8557679
170,315_CT_8,1,55.0,31.8557679
170,316_STEAM_1,1,155.0,27.274698980000004
170,318_CC_1,1,355.0,31.529241419999998
170,321_CC_1,1,355.0,33.94709226
170,322_CT_5,1,55.0,27.89469072
170,322_CT_6,1,55.0,27.89469072
170,323_CC_1,1,355.0,31.727489639999995
170,323_CC_2,1,355.0,31.727489639999995
170,322_HYDRO_1,1,15.667,0.0
170,322_HYDRO_2,1,15.667,0.0
170,322_HYDRO_3,1,15.667,0.0
170,322_HYDRO_4,1,15.667,0.0
170,320_PV_1,1,0.0,0.0
170,314_PV_1,1,0.0,0.0
170,314_PV_2,1,0.0,0.0
170,313_PV_1,1,0.0,0.0
170,314_PV_3,1,0.0,0.0
170,314_PV_4,1,0.0,0.0
170,313_PV_2,1,0.0,0.0
170,310_PV_1,1,0.0,0.0
170,324_PV_1,1,0.0,0.0
170,312_PV_1,1,0.0,0.0
170,310_PV_2,1,0.0,0.0
170,324_PV_2,1,0.0,0.0
170,324_PV_3,1,0.0,0.0
170,319_PV_1,1,0.0,0.0
170,308_RTPV_1,1,0.0,0.0
170,313_RTPV_1,1,0.0,0.0
170,313_RTPV_2,1,0.0,0.0
170,313_RTPV_3,1,0.0,0.0
170,313_RTPV_4,1,0.0,0.0
170,313_RTPV_5,1,0.0,0.0
170,313_RTPV_6,1,0.0,0.0
170,313_RTPV_7,1,0.0,0.0
170,313_RTPV_8,1,0.0,0.0
170,313_RTPV_9,1,0.0,0.0
170,313_RTPV_10,1,0.0,0.0
170,313_RTPV_11,1,0.0,0.0
170,313_RTPV_12,1,0.0,0.0
170,320_RTPV_1,1,0.0,0.0
170,320_RTPV_2,1,0.0,0.0
170,320_RTPV_3,1,0.0,0.0
170,313_RTPV_13,1,0.0,0.0
170,320_RTPV_4,1,0.0,0.0
170,320_RTPV_5,1,0.0,0.0
170,320_RTPV_6,1,0.0,0.0
170,309_WIND_1,1,1.2,0.0
170,317_WIND_1,1,143.6,0.0
170,303_WIND_1,1,26.2,0.0
171,301_CT_1,1,20.0,105.3672414
171,301_CT_2,1,20.0,105.3672414
171,301_CT_3,1,55.0,43.742886659999996
171,301_CT_4,1,55.0,43.742886659999996
171,302_CT_1,1,20.0,105.3672414
171,302_CT_2,1,20.0,105.3672414
171,302_CT_3,1,55.0,38.635079579999996
171,302_CT_4,1,55.0,38.635079579999996
171,307_CT_1,1,55.0,35.47476972
171,307_CT_2,1,55.0,35.47476972
171,313_CC_1,1,355.0,33.75273126
171,315_STEAM_1,1,12.0,124.09965539999999
171,315_STEAM_2,1,12.0,124.09965539999999
171,315_STEAM_3,1,12.0,124.09965539999999
171,315_STEAM_4,1,12.0,124.09965539999999
171,315_STEAM_5,1,12.0,124.09965539999999
171,315_CT_6,1,55.0,31.8557679
171,315_CT_7,1,55.0,31.8557679
171,315_CT_8,1,55.0,31.8557679
171,316_STEAM_1,1,155.0,27.274698980000004
171,318_CC_1,1,355.0,31.529241419999998
171,321_CC_1,1,355.0,33.94709226
171,322_CT_5,1,55.0,27.89469072
171,322_CT_6,1,55.0,27.89469072
171,323_CC_1,1,355.0,31.727489639999995
171,323_CC_2,1,355.0,31.727489639999995
171,322_HYDRO_1,1,16.05,0.0
171,322_HYDRO_2,1,16.05,0.0
171,322_HYDRO_3,1,16.05,0.0
171,322_HYDRO_4,1,16.05,0.0
171,320_PV_1,1,0.0,0.0
171,314_PV_1,1,0.0,0.0
171,314_PV_2,1,0.0,0.0
171,313_PV_1,1,0.0,0.0
171,314_PV_3,1,0.0,0.0
171,314_PV_4,1,0.0,0.0
171,313_PV_2,1,0.0,0.0
171,310_PV_1,1,0.0,0.0
171,324_PV_1,1,0.0,0.0
171,312_PV_1,1,0.0,0.0
171,310_PV_2,1,0.0,0.0
171,324_PV_2,1,0.0,0.0
171,324_PV_3,1,0.0,0.0
171,319_PV_1,1,0.0,0.0
171,308_RTPV_1,1,0.0,0.0
171,313_RTPV_1,1,0.0,0.0
171,313_RTPV_2,1,0.0,0.0
171,313_RTPV_3,1,0.0,0.0
171,313_RTPV_4,1,0.0,0.0
171,313_RTPV_5,1,0.0,0.0
171,313_RTPV_6,1,0.0,0.0
171,313_RTPV_7,1,0.0,0.0
171,313_RTPV_8,1,0.0,0.0
171,313_RTPV_9,1,0.0,0.0
171,313_RTPV_10,1,0.0,0.0
171,313_RTPV_11,1,0.0,0.0
171,313_RTPV_12,1,0.0,0.0
171,320_RTPV_1,1,0.0,0.0
171,320_RTPV_2,1,0.0,0.0
171,320_RTPV_3,1,0.0,0.0
171,313_RTPV_13,1,0.0,0.0
171,320_RTPV_4,1,0.0,0.0
171,320_RTPV_5,1,0.0,0.0
171,320_RTPV_6,1,0.0,0.0
171,309_WIND_1,1,1.0,0.0
171,317_WIND_1,1,133.2,0.0
171,303_WIND_1,1,24.0,0.0
172,301_CT_1,1,20.0,105.3672414
172,301_CT_2,1,20.0,105.3672414
172,301_CT_3,1,55.0,43.742886659999996
172,301_CT_4,1,55.0,43.742886659999996
172,302_CT_1,1,20.0,105.3672414
172,302_CT_2,1,20.0,105.3672414
172,302_CT_3,1,55.0,38.635079579999996
172,302_CT_4,1,55.0,38.635079579999996
172,307_CT_1,1,55.0,35.47476972
172,307_CT_2,1,55.0,35.47476972
172,313_CC_1,1,355.0,33.75273126
172,315_STEAM_1,1,12.0,124.09965539999999
172,315_STEAM_2,1,12.0,124.09965539999999
172,315_STEAM_3,1,12.0,124.09965539999999
172,315_STEAM_4,1,12.0,124.09965539999999
172,315_STEAM_5,1,12.0,124.09965539999999
172,315_CT_6,1,55.0,31.8557679
172,315_CT_7,1,55.0,31.8557679
172,315_CT_8,1,55.0,31.8557679
172,316_STEAM_1,1,155.0,27.274698980000004
172,318_CC_1,1,355.0,31.529241419999998
172,321_CC_1,1,355.0,33.94709226
172,322_CT_5,1,55.0,27.89469072
172,322_CT_6,1,55.0,27.89469072
172,323_CC_1,1,355.0,31.727489639999995
172,323_CC_2,1,355.0,31.727489639999995
172,322_HYDRO_1,1,16.433,0.0
172,322_HYDRO_2,1,16.433,0.0
172,322_HYDRO_3,1,16.433,0.0
172,322_HYDRO_4,1,16.433,0.0
172,320_PV_1,1,0.0,0.0
172,314_PV_1,1,0.0,0.0
172,314_PV_2,1,0.0,0.0
172,313_PV_1,1,0.0,0.0
172,314_PV_3,1,0.0,0.0
172,314_PV_4,1,0.0,0.0
172,313_PV_2,1,0.0,0.0
172,310_PV_1,1,0.0,0.0
172,324_PV_1,1,0.0,0.0
172,312_PV_1,1,0.0,0.0
172,310_PV_2,1,0.0,0.0
172,324_PV_2,1,0.0,0.0
172,324_PV_3,1,0.0,0.0
172,319_PV_1,1,0.0,0.0
172,308_RTPV_1,1,0.0,0.0
172,313_RTPV_1,1,0.0,0.0
172,313_RTPV_2,1,0.0,0.0
172,313_RTPV_3,1,0.0,0.0
172,313_RTPV_4,1,0.0,0.0
172,313_RTPV_5,1,0.0,0.0
172,313_RTPV_6,1,0.0,0.0
172,313_RTPV_7,1,0.0,0.0
172,313_RTPV_8,1,0.0,0.0
172,313_RTPV_9,1,0.0,0.0
172,313_RTPV_10,1,0.0,0.0
172,313_RTPV_11,1,0.0,0.0
172,313_RTPV_12,1,0.0,0.0
172,320_RTPV_1,1,0.0,0.0
172,320_RTPV_2,1,0.0,0.0
172,320_RTPV_3,1,0.0,0.0
172,313_RTPV_13,1,0.0,0.0
172,320_RTPV_4,1,0.0,0.0
172,320_RTPV_5,1,0.0,0.0
172,320_RTPV_6,1,0.0,0.0
172,309_WIND_1,1,1.1,0.0
172,317_WIND_1,1,129.2,0.0
172,303_WIND_1,1,30.4,0.0
173,301_CT_1,1,20.0,105.3672414
173,301_CT_2,1,20.0,105.3672414
173,301_CT_3,1,55.0,43.742886659999996
173,301_CT_4,1,55.0,43.742886659999996
173,302_CT_1,1,20.0,105.3672414
173,302_CT_2,1,20.0,105.3672414
173,302_CT_3,1,55.0,38.635079579999996
173,302_CT_4,1,55.0,38.635079579999996
173,307_CT_1,1,55.0,35.47476972
173,307_CT_2,1,55.0,35.47476972
173,313_CC_1,1,355.0,33.75273126
173,315_STEAM_1,1,12.0,124.09965539999999
173,315_STEAM_2,1,12.0,124.09965539999999
173,315_STEAM_3,1,12.0,124.09965539999999
173,315_STEAM_4,1,12.0,124.09965539999999
173,315_STEAM_5,1,12.0,124.09965539999999
173,315_CT_6,1,55.0,31.8557679
173,315_CT_7,1,55.0,31.8557679
173,315_CT_8,1,55.0,31.8557679
173,316_STEAM_1,1,155.0,27.274698980000004
173,318_CC_1,1,355.0,31.529241419999998
173,321_CC_1,1,355.0,33.94709226
173,322_CT_5,1,55.0,27.89469072
173,322_CT_6,1,55.0,27.89469072
173,323_CC_1,1,355.0,31.727489639999995
173,323_CC_2,1,355.0,31.727489639999995
173,322_HYDRO_1,1,16.817,0.0
173,322_HYDRO_2,1,16.817,0.0
173,322_HYDRO_3,1,16.817,0.0
173,322_HYDRO_4,1,16.817,0.0
173,320_PV_1,1,0.0,0.0
173,314_PV_1,1,0.0,0.0
173,314_PV_2,1,0.0,0.0
173,313_PV_1,1,0.0,0.0
173,314_PV_3,1,0.0,0.0
173,314_PV_4,1,0.0,0.0
173,313_PV_2,1,0.0,0.0
173,310_PV_1,1,0.0,0.0
173,324_PV_1,1,0.0,0.0
173,312_PV_1,1,0.0,0.0
173,310_PV_2,1,0.0,0.0
173,324_PV_2,1,0.0,0.0
173,324_PV_3,1,0.0,0.0
173,319_PV_1,1,0.0,0.0
173,308_RTPV_1,1,0.0,0.0
173,313_RTPV_1,1,0.0,0.0
173,313_RTPV_2,1,0.0,0.0
173,313_RTPV_3,1,0.0,0.0
173,313_RTPV_4,1,0.0,0.0
173,313_RTPV_5,1,0.0,0.0
173,313_RTPV_6,1,0.0,0.0
173,313_RTPV_7,1,0.0,0.0
173,313_RTPV_8,1,0.0,0.0
173,313_RTPV_9,1,0.0,0.0
173,313_RTPV_10,1,0.0,0.0
173,313_RTPV_11,1,0.0,0.0
173,313_RTPV_12,1,0.0,0.0
173,320_RTPV_1,1,0.0,0.0
173,320_RTPV_2,1,0.0,0.0
173,320_RTPV_3,1,0.0,0.0
173,313_RTPV_13,1,0.0,0.0
173,320_RTPV_4,1,0.0,0.0
173,320_RTPV_5,1,0.0,0.0
173,320_RTPV_6,1,0.0,0.0
173,309_WIND_1,1,1.4,0.0
173,317_WIND_1,1,128.0,0.0
173,303_WIND_1,1,33.1,0.0
174,301_CT_1,1,20.0,105.3672414
174,301_CT_2,1,20.0,105.3672414
174,301_CT_3,1,55.0,43.742886659999996
174,301_CT_4,1,55.0,43.742886659999996
174,302_CT_1,1,20.0,105.3672414
174,302_CT_2,1,20.0,105.3672414
174,302_CT_3,1,55.0,38.635079579999996
174,302_CT_4,1,55.0,38.635079579999996
174,307_CT_1,1,55.0,35.47476972
174,307_CT_2,1,55.0,35.47476972
174,313_CC_1,1,355.0,33.75273126
174,315_STEAM_1,1,12.0,124.09965539999999
174,315_STEAM_2,1,12.0,124.09965539999999
174,315_STEAM_3,1,12.0,124.09965539999999
174,315_STEAM_4,1,12.0,124.09965539999999
174,315_STEAM_5,1,12.0,124.09965539999999
174,315_CT_6,1,55.0,31.8557679
174,315_CT_7,1,55.0,31.8557679
174,315_CT_8,1,55.0,31.8557679
174,316_STEAM_1,1,155.0,27.274698980000004
174,318_CC_1,1,355.0,31.529241419999998
174,321_CC_1,1,355.0,33.94709226
174,322_CT_5,1,55.0,27.89469072
174,322_CT_6,1,55.0,27.89469072
174,323_CC_1,1,355.0,31.727489639999995
174,323_CC_2,1,355.0,31.727489639999995
174,322_HYDRO_1,1,17.2,0.0
174,322_HYDRO_2,1,17.2,0.0
174,322_HYDRO_3,1,17.2,0.0
174,322_HYDRO_4,1,17.2,0.0
174,320_PV_1,1,0.0,0.0
174,314_PV_1,1,0.0,0.0
174,314_PV_2,1,0.0,0.0
174,313_PV_1,1,0.0,0.0
174,314_PV_3,1,0.0,0.0
174,314_PV_4,1,0.0,0.0
174,313_PV_2,1,0.0,0.0
174,310_PV_1,1,0.0,0.0
174,324_PV_1,1,0.0,0.0
174,312_PV_1,1,0.0,0.0
174,310_PV_2,1,0.0,0.0
174,324_PV_2,1,0.0,0.0
174,324_PV_3,1,0.0,0.0
174,319_PV_1,1,0.0,0.0
174,308_RTPV_1,1,0.0,0.0
174,313_RTPV_1,1,0.0,0.0
174,313_RTPV_2,1,0.0,0.0
174,313_RTPV_3,1,0.0,0.0
174,313_RTPV_4,1,0.0,0.0
174,313_RTPV_5,1,0.0,0.0
174,313_RTPV_6,1,0.0,0.0
174,313_RTPV_7,1,0.0,0.0
174,313_RTPV_8,1,0.0,0.0
174,313_RTPV_9,1,0.0,0.0
174,313_RTPV_10,1,0.0,0.0
174,313_RTPV_11,1,0.0,0.0
174,313_RTPV_12,1,0.0,0.0
174,320_RTPV_1,1,0.0,0.0
174,320_RTPV_2,1,0.0,0.0
174,320_RTPV_3,1,0.0,0.0
174,313_RTPV_13,1,0.0,0.0
174,320_RTPV_4,1,0.0,0.0
174,320_RTPV_5,1,0.0,0.0
174,320_RTPV_6,1,0.0,0.0
174,309_WIND_1,1,0.8,0.0
174,317_WIND_1,1,137.6,0.0
174,303_WIND_1,1,34.6,0.0
175,301_CT_1,1,20.0,105.3672414
175,301_CT_2,1,20.0,105.3672414
175,301_CT_3,1,55.0,43.742886659999996
175,301_CT_4,1,55.0,43.742886659999996
175,302_CT_1,1,20.0,105.3672414
175,302_CT_2,1,20.0,105.3672414
175,302_CT_3,1,55.0,38.635079579999996
175,302_CT_4,1,55.0,38.635079579999996
175,307_CT_1,1,55.0,35.47476972
175,307_CT_2,1,55.0,35.47476972
175,313_CC_1,1,355.0,33.75273126
175,315_STEAM_1,1,12.0,124.09965539999999
175,315_STEAM_2,1,12.0,124.09965539999999
175,315_STEAM_3,1,12.0,124.09965539999999
175,315_STEAM_4,1,12.0,124.09965539999999
175,315_STEAM_5,1,12.0,124.09965539999999
175,315_CT_6,1,55.0,31.8557679
175,315_CT_7,1,55.0,31.8557679
175,315_CT_8,1,55.0,31.8557679
175,316_STEAM_1,1,155.0,27.274698980000004
175,318_CC_1,1,355.0,31.529241419999998
175,321_CC_1,1,355.0,33.94709226
175,322_CT_5,1,55.0,27.89469072
175,322_CT_6,1,55.0,27.89469072
175,323_CC_1,1,355.0,31.727489639999995
175,323_CC_2,1,355.0,31.727489639999995
175,322_HYDRO_1,1,17.583,0.0
175,322_HYDRO_2,1,17.583,0.0
175,322_HYDRO_3,1,17.583,0.0
175,322_HYDRO_4,1,17.583,0.0
175,320_PV_1,1,0.0,0.0
175,314_PV_1,1,0.0,0.0
175,314_PV_2,1,0.0,0.0
175,313_PV_1,1,0.0,0.0
175,314_PV_3,1,0.0,0.0
175,314_PV_4,1,0.0,0.0
175,313_PV_2,1,0.0,0.0
175,310_PV_1,1,0.0,0.0
175,324_PV_1,1,0.0,0.0
175,312_PV_1,1,0.0,0.0
175,310_PV_2,1,0.0,0.0
175,324_PV_2,1,0.0,0.0
175,324_PV_3,1,0.0,0.0
175,319_PV_1,1,0.0,0.0
175,308_RTPV_1,1,0.0,0.0
175,313_RTPV_1,1,0.0,0.0
175,313_RTPV_2,1,0.0,0.0
175,313_RTPV_3,1,0.0,0.0
175,313_RTPV_4,1,0.0,0.0
175,313_RTPV_5,1,0.0,0.0
175,313_RTPV_6,1,0.0,0.0
175,313_RTPV_7,1,0.0,0.0
175,313_RTPV_8,1,0.0,0.0
175,313_RTPV_9,1,0.0,0.0
175,313_RTPV_10,1,0.0,0.0
175,313_RTPV_11,1,0.0,0.0
175,313_RTPV_12,1,0.0,0.0
175,320_RTPV_1,1,0.0,0.0
175,320_RTPV_2,1,0.0,0.0
175,320_RTPV_3,1,0.0,0.0
175,313_RTPV_13,1,0.0,0.0
175,320_RTPV_4,1,0.0,0.0
175,320_RTPV_5,1,0.0,0.0
175,320_RTPV_6,1,0.0,0.0
175,309_WIND_1,1,1.7,0.0
175,317_WIND_1,1,138.0,0.0
175,303_WIND_1,1,36.9,0.0
176,301_CT_1,1,20.0,105.3672414
176,301_CT_2,1,20.0,105.3672414
176,301_CT_3,1,55.0,43.742886659999996
176,301_CT_4,1,55.0,43.742886659999996
176,302_CT_1,1,20.0,105.3672414
176,302_CT_2,1,20.0,105.3672414
176,302_CT_3,1,55.0,38.635079579999996
176,302_CT_4,1,55.0,38.635079579999996
176,307_CT_1,1,55.0,35.47476972
176,307_CT_2,1,55.0,35.47476972
176,313_CC_1,1,355.0,33.75273126
176,315_STEAM_1,1,12.0,124.09965539999999
176,315_STEAM_2,1,12.0,124.09965539999999
176,315_STEAM_3,1,12.0,124.09965539999999
176,315_STEAM_4,1,12.0,124.09965539999999
176,315_STEAM_5,1,12.0,124.09965539999999
176,315_CT_6,1,55.0,31.8557679
176,315_CT_7,1,55.0,31.8557679
176,315_CT_8,1,55.0,31.8557679
176,316_STEAM_1,1,155.0,27.274698980000004
176,318_CC_1,1,355.0,31.529241419999998
176,321_CC_1,1,355.0,33.94709226
176,322_CT_5,1,55.0,27.89469072
176,322_CT_6,1,55.0,27.89469072
176,323_CC_1,1,355.0,31.727489639999995
176,323_CC_2,1,355.0,31.727489639999995
176,322_HYDRO_1,1,17.967,0.0
176,322_HYDRO_2,1,17.967,0.0
176,322_HYDRO_3,1,17.967,0.0
176,322_HYDRO_4,1,17.967,0.0
176,320_PV_1,1,0.0,0.0
176,314_PV_1,1,0.0,0.0
176,314_PV_2,1,0.0,0.0
176,313_PV_1,1,0.0,0.0
176,314_PV_3,1,0.0,0.0
176,314_PV_4,1,0.0,0.0
176,313_PV_2,1,0.0,0.0
176,310_PV_1,1,0.0,0.0
176,324_PV_1,1,0.0,0.0
176,312_PV_1,1,0.0,0.0
176,310_PV_2,1,0.0,0.0
176,324_PV_2,1,0.0,0.0
176,324_PV_3,1,0.0,0.0
176,319_PV_1,1,0.0,0.0
176,308_RTPV_1,1,0.0,0.0
176,313_RTPV_1,1,0.0,0.0
176,313_RTPV_2,1,0.0,0.0
176,313_RTPV_3,1,0.0,0.0
176,313_RTPV_4,1,0.0,0.0
176,313_RTPV_5,1,0.0,0.0
176,313_RTPV_6,1,0.0,0.0
176,313_RTPV_7,1,0.0,0.0
176,313_RTPV_8,1,0.0,0.0
176,313_RTPV_9,1,0.0,0.0
176,313_RTPV_10,1,0.0,0.0
176,313_RTPV_11,1,0.0,0.0
176,313_RTPV_12,1,0.0,0.0
176,320_RTPV_1,1,0.0,0.0
176,320_RTPV_2,1,0.0,0.0
176,320_RTPV_3,1,0.0,0.0
176,313_RTPV_13,1,0.0,0.0
176,320_RTPV_4,1,0.0,0.0
176,320_RTPV_5,1,0.0,0.0
176,320_RTPV_6,1,0.0,0.0
176,309_WIND_1,1,0.8,0.0
176,317_WIND_1,1,135.0,0.0
176,303_WIND_1,1,36.2,0.0
177,301_CT_1,1,20.0,105.3672414
177,301_CT_2,1,20.0,105.3672414
177,301_CT_3,1,55.0,43.742886659999996
177,301_CT_4,1,55.0,43.742886659999996
177,302_CT_1,1,20.0,105.3672414
177,302_CT_2,1,20.0,105.3672414
177,302_CT_3,1,55.0,38.635079579999996
177,302_CT_4,1,55.0,38.635079579999996
177,307_CT_1,1,55.0,35.47476972
177,307_CT_2,1,55.0,35.47476972
177,313_CC_1,1,355.0,33.75273126
177,315_STEAM_1,1,12.0,124.09965539999999
177,315_STEAM_2,1,12.0,124.09965539999999
177,315_STEAM_3,1,12.0,124.09965539999999
177,315_STEAM_4,1,12.0,124.09965539999999
177,315_STEAM_5,1,12.0,124.09965539999999
177,315_CT_6,1,55.0,31.8557679
177,315_CT_7,1,55.0,31.8557679
177,315_CT_8,1,55.0,31.8557679
177,316_STEAM_1,1,155.0,27.274698980000004
177,318_CC_1,1,355.0,31.529241419999998
177,321_CC_1,1,355.0,33.94709226
177,322_CT_5,1,55.0,27.89469072
177,322_CT_6,1,55.0,27.89469072
177,323_CC_1,1,355.0,31.727489639999995
177,323_CC_2,1,355.0,31.727489639999995
177,322_HYDRO_1,1,18.35,0.0
177,322_HYDRO_2,1,18.35,0.0
177,322_HYDRO_3,1,18.35,0.0
177,322_HYDRO_4,1,18.35,0.0
177,320_PV_1,1,0.0,0.0
177,314_PV_1,1,0.0,0.0
177,314_PV_2,1,0.0,0.0
177,313_PV_1,1,0.0,0.0
177,314_PV_3,1,0.0,0.0
177,314_PV_4,1,0.0,0.0
177,313_PV_2,1,0.0,0.0
177,310_PV_1,1,0.0,0.0
177,324_PV_1,1,0.0,0.0
177,312_PV_1,1,0.0,0.0
177,310_PV_2,1,0.0,0.0
177,324_PV_2,1,0.0,0.0
177,324_PV_3,1,0.0,0.0
177,319_PV_1,1,0.0,0.0
177,308_RTPV_1,1,0.0,0.0
177,313_RTPV_1,1,0.0,0.0
177,313_RTPV_2,1,0.0,0.0
177,313_RTPV_3,1,0.0,0.0
177,313_RTPV_4,1,0.0,0.0
177,313_RTPV_5,1,0.0,0.0
177,313_RTPV_6,1,0.0,0.0
177,313_RTPV_7,1,0.0,0.0
177,313_RTPV_8,1,0.0,0.0
177,313_RTPV_9,1,0.0,0.0
177,313_RTPV_10,1,0.0,0.0
177,313_RTPV_11,1,0.0,0.0
177,313_RTPV_12,1,0.0,0.0
177,320_RTPV_1,1,0.0,0.0
177,320_RTPV_2,1,0.0,0.0
177,320_RTPV_3,1,0.0,0.0
177,313_RTPV_13,1,0.0,0.0
177,320_RTPV_4,1,0.0,0.0
177,320_RTPV_5,1,0.0,0.0
177,320_RTPV_6,1,0.0,0.0
177,309_WIND_1,1,0.7,0.0
177,317_WIND_1,1,135.1,0.0
177,303_WIND_1,1,44.2,0.0
178,301_CT_1,1,20.0,105.3672414
178,301_CT_2,1,20.0,105.3672414
178,301_CT_3,1,55.0,43.742886659999996
178,301_CT_4,1,55.0,43.742886659999996
178,302_CT_1,1,20.0,105.3672414
178,302_CT_2,1,20.0,105.3672414
178,302_CT_3,1,55.0,38.635079579999996
178,302_CT_4,1,55.0,38.635079579999996
178,307_CT_1,1,55.0,35.47476972
178,307_CT_2,1,55.0,35.47476972
178,313_CC_1,1,355.0,33.75273126
178,315_STEAM_1,1,12.0,124.09965539999999
178,315_STEAM_2,1,12.0,124.09965539999999
178,315_STEAM_3,1,12.0,124.09965539999999
178,315_STEAM_4,1,12.0,124.09965539999999
178,315_STEAM_5,1,12.0,124.09965539999999
178,315_CT_6,1,55.0,31.8557679
178,315_CT_7,1,55.0,31.8557679
178,315_CT_8,1,55.0,31.8557679
178,316_STEAM_1,1,155.0,27.274698980000004
178,318_CC_1,1,355.0,31.529241419999998
178,321_CC_1,1,355.0,33.94709226
178,322_CT_5,1,55.0,27.89469072
178,322_CT_6,1,55.0,27.89469072
178,323_CC_1,1,355.0,31.727489639999995
178,323_CC_2,1,355.0,31.727489639999995
178,322_HYDRO_1,1,18.733,0.0
178,322_HYDRO_2,1,18.733,0.0
178,322_HYDRO_3,1,18.733,0.0
178,322_HYDRO_4,1,18.733,0.0
178,320_PV_1,1,0.0,0.0
178,314_PV_1,1,0.0,0.0
178,314_PV_2,1,0.0,0.0
178,313_PV_1,1,0.0,0.0
178,314_PV_3,1,0.0,0.0
178,314_PV_4,1,0.0,0.0
178,313_PV_2,1,0.0,0.0
178,310_PV_1,1,0.0,0.0
178,324_PV_1,1,0.0,0.0
178,312_PV_1,1,0.0,0.0
178,310_PV_2,1,0.0,0.0
178,324_PV_2,1,0.0,0.0
178,324_PV_3,1,0.0,0.0
178,319_PV_1,1,0.0,0.0
178,308_RTPV_1,1,0.0,0.0
178,313_RTPV_1,1,0.0,0.0
178,313_RTPV_2,1,0.0,0.0
178,313_RTPV_3,1,0.0,0.0
178,313_RTPV_4,1,0.0,0.0
178,313_RTPV_5,1,0.0,0.0
178,313_RTPV_6,1,0.0,0.0
178,313_RTPV_7,1,0.0,0.0
178,313_RTPV_8,1,0.0,0.0
178,313_RTPV_9,1,0.0,0.0
178,313_RTPV_10,1,0.0,0.0
178,313_RTPV_11,1,0.0,0.0
178,313_RTPV_12,1,0.0,0.0
178,320_RTPV_1,1,0.0,0.0
178,320_RTPV_2,1,0.0,0.0
178,320_RTPV_3,1,0.0,0.0
178,313_RTPV_13,1,0.0,0.0
178,320_RTPV_4,1,0.0,0.0
178,320_RTPV_5,1,0.0,0.0
178,320_RTPV_6,1,0.0,0.0
178,309_WIND_1,1,1.1,0.0
178,317_WIND_1,1,136.1,0.0
178,303_WIND_1,1,48.7,0.0
179,301_CT_1,1,20.0,105.3672414
179,301_CT_2,1,20.0,105.3672414
179,301_CT_3,1,55.0,43.742886659999996
179,301_CT_4,1,55.0,43.742886659999996
179,302_CT_1,1,20.0,105.3672414
179,302_CT_2,1,20.0,105.3672414
179,302_CT_3,1,55.0,38.635079579999996
179,302_CT_4,1,55.0,38.635079579999996
179,307_CT_1,1,55.0,35.47476972
179,307_CT_2,1,55.0,35.47476972
179,313_CC_1,1,355.0,33.75273126
179,315_STEAM_1,1,12.0,124.09965539999999
179,315_STEAM_2,1,12.0,124.09965539999999
179,315_STEAM_3,1,12.0,124.09965539999999
179,315_STEAM_4,1,12.0,124.09965539999999
179,315_STEAM_5,1,12.0,124.09965539999999
179,315_CT_6,1,55.0,31.8557679
179,315_CT_7,1,55.0,31.8557679
179,315_CT_8,1,55.0,31.8557679
179,316_STEAM_1,1,155.0,27.274698980000004
179,318_CC_1,1,355.0,31.529241419999998
179,321_CC_1,1,355.0,33.94709226
179,322_CT_5,1,55.0,27.89469072
179,322_CT_6,1,55.0,27.89469072
179,323_CC_1,1,355.0,31.727489639999995
179,323_CC_2,1,355.0,31.727489639999995
179,322_HYDRO_1,1,19.117,0.0
179,322_HYDRO_2,1,19.117,0.0
179,322_HYDRO_3,1,19.117,0.0
179,322_HYDRO_4,1,19.117,0.0
179,320_PV_1,1,0.0,0.0
179,314_PV_1,1,0.0,0.0
179,314_PV_2,1,0.0,0.0
179,313_PV_1,1,0.0,0.0
179,314_PV_3,1,0.0,0.0
179,314_PV_4,1,0.0,0.0
179,313_PV_2,1,0.0,0.0
179,310_PV_1,1,0.0,0.0
179,324_PV_1,1,0.0,0.0
179,312_PV_1,1,0.0,0.0
179,310_PV_2,1,0.0,0.0
179,324_PV_2,1,0.0,0.0
179,324_PV_3,1,0.0,0.0
179,319_PV_1,1,0.0,0.0
179,308_RTPV_1,1,0.0,0.0
179,313_RTPV_1,1,0.0,0.0
179,313_RTPV_2,1,0.0,0.0
179,313_RTPV_3,1,0.0,0.0
179,313_RTPV_4,1,0.0,0.0
179,313_RTPV_5,1,0.0,0.0
179,313_RTPV_6,1,0.0,0.0
179,313_RTPV_7,1,0.0,0.0
179,313_RTPV_8,1,0.0,0.0
179,313_RTPV_9,1,0.0,0.0
179,313_RTPV_10,1,0.0,0.0
179,313_RTPV_11,1,0.0,0.0
179,313_RTPV_12,1,0.0,0.0
179,320_RTPV_1,1,0.0,0.0
179,320_RTPV_2,1,0.0,0.0
179,320_RTPV_3,1,0.0,0.0
179,313_RTPV_13,1,0.0,0.0
179,320_RTPV_4,1,0.0,0.0
179,320_RTPV_5,1,0.0,0.0
179,320_RTPV_6,1,0.0,0.0
179,309_WIND_1,1,1.1,0.0
179,317_WIND_1,1,135.1,0.0
179,303_WIND_1,1,49.1,0.0
180,301_CT_1,1,20.0,105.3672414
180,301_CT_2,1,20.0,105.3672414
180,301_CT_3,1,55.0,43.742886659999996
180,301_CT_4,1,55.0,43.742886659999996
180,302_CT_1,1,20.0,105.3672414
180,302_CT_2,1,20.0,105.3672414
180,302_CT_3,1,55.0,38.635079579999996
180,302_CT_4,1,55.0,38.635079579999996
180,307_CT_1,1,55.0,35.47476972
180,307_CT_2,1,55.0,35.47476972
180,313_CC_1,1,355.0,33.75273126
180,315_STEAM_1,1,12.0,124.09965539999999
180,315_STEAM_2,1,12.0,124.09965539999999
180,315_STEAM_3,1,12.0,124.09965539999999
180,315_STEAM_4,1,12.0,124.09965539999999
180,315_STEAM_5,1,12.0,124.09965539999999
180,315_CT_6,1,55.0,31.8557679
180,315_CT_7,1,55.0,31.8557679
180,315_CT_8,1,55.0,31.8557679
180,316_STEAM_1,1,155.0,27.274698980000004
180,318_CC_1,1,355.0,31.529241419999998
180,321_CC_1,1,355.0,33.94709226
180,322_CT_5,1,55.0,27.89469072
180,322_CT_6,1,55.0,27.89469072
180,323_CC_1,1,355.0,31.727489639999995
180,323_CC_2,1,355.0,31.727489639999995
180,322_HYDRO_1,1,19.5,0.0
180,322_HYDRO_2,1,19.5,0.0
180,322_HYDRO_3,1,19.5,0.0
180,322_HYDRO_4,1,19.5,0.0
180,320_PV_1,1,0.0,0.0
180,314_PV_1,1,0.0,0.0
180,314_PV_2,1,0.0,0.0
180,313_PV_1,1,0.0,0.0
180,314_PV_3,1,0.0,0.0
180,314_PV_4,1,0.0,0.0
180,313_PV_2,1,0.0,0.0
180,310_PV_1,1,0.0,0.0
180,324_PV_1,1,0.0,0.0
180,312_PV_1,1,0.0,0.0
180,310_PV_2,1,0.0,0.0
180,324_PV_2,1,0.0,0.0
180,324_PV_3,1,0.0,0.0
180,319_PV_1,1,0.0,0.0
180,308_RTPV_1,1,0.0,0.0
180,313_RTPV_1,1,0.0,0.0
180,313_RTPV_2,1,0.0,0.0
180,313_RTPV_3,1,0.0,0.0
180,313_RTPV_4,1,0.0,0.0
180,313_RTPV_5,1,0.0,0.0
180,313_RTPV_6,1,0.0,0.0
180,313_RTPV_7,1,0.0,0.0
180,313_RTPV_8,1,0.0,0.0
180,313_RTPV_9,1,0.0,0.0
180,313_RTPV_10,1,0.0,0.0
180,313_RTPV_11,1,0.0,0.0
180,313_RTPV_12,1,0.0,0.0
180,320_RTPV_1,1,0.0,0.0
180,320_RTPV_2,1,0.0,0.0
180,320_RTPV_3,1,0.0,0.0
180,313_RTPV_13,1,0.0,0.0
180,320_RTPV_4,1,0.0,0.0
180,320_RTPV_5,1,0.0,0.0
180,320_RTPV_6,1,0.0,0.0
180,309_WIND_1,1,0.9,0.0
180,317_WIND_1,1,132.2,0.0
180,303_WIND_1,1,49.8,0.0
181,301_CT_1,1,20.0,105.3672414
181,301_CT_2,1,20.0,105.3672414
181,301_CT_3,1,55.0,43.742886659999996
181,301_CT_4,1,55.0,43.742886659999996
181,302_CT_1,1,20.0,105.3672414
181,302_CT_2,1,20.0,105.3672414
181,302_CT_3,1,55.0,38.635079579999996
181,302_CT_4,1,55.0,38.635079579999996
181,307_CT_1,1,55.0,35.47476972
181,307_CT_2,1,55.0,35.47476972
181,313_CC_1,1,355.0,33.75273126
181,315_STEAM_1,1,12.0,124.09965539999999
181,315_STEAM_2,1,12.0,124.09965539999999
181,315_STEAM_3,1,12.0,124.09965539999999
181,315_STEAM_4,1,12.0,124.09965539999999
181,315_STEAM_5,1,12.0,124.09965539999999
181,315_CT_6,1,55.0,31.8557679
181,315_CT_7,1,55.0,31.8557679
181,315_CT_8,1,55.0,31.8557679
181,316_STEAM_1,1,155.0,27.274698980000004
181,318_CC_1,1,355.0,31.529241419999998
181,321_CC_1,1,355.0,33.94709226
181,322_CT_5,1,55.0,27.89469072
181,322_CT_6,1,55.0,27.89469072
181,323_CC_1,1,355.0,31.727489639999995
181,323_CC_2,1,355.0,31.727489639999995
181,322_HYDRO_1,1,18.525,0.0
181,322_HYDRO_2,1,18.525,0.0
181,322_HYDRO_3,1,18.525,0.0
181,322_HYDRO_4,1,18.525,0.0
181,320_PV_1,1,0.0,0.0
181,314_PV_1,1,0.0,0.0
181,314_PV_2,1,0.0,0.0
181,313_PV_1,1,0.0,0.0
181,314_PV_3,1,0.0,0.0
181,314_PV_4,1,0.0,0.0
181,313_PV_2,1,0.0,0.0
181,310_PV_1,1,0.0,0.0
181,324_PV_1,1,0.0,0.0
181,312_PV_1,1,0.0,0.0
181,310_PV_2,1,0.0,0.0
181,324_PV_2,1,0.0,0.0
181,324_PV_3,1,0.0,0.0
181,319_PV_1,1,0.0,0.0
181,308_RTPV_1,1,0.0,0.0
181,313_RTPV_1,1,0.0,0.0
181,313_RTPV_2,1,0.0,0.0
181,313_RTPV_3,1,0.0,0.0
181,313_RTPV_4,1,0.0,0.0
181,313_RTPV_5,1,0.0,0.0
181,313_RTPV_6,1,0.0,0.0
181,313_RTPV_7,1,0.0,0.0
181,313_RTPV_8,1,0.0,0.0
181,313_RTPV_9,1,0.0,0.0
181,313_RTPV_10,1,0.0,0.0
181,313_RTPV_11,1,0.0,0.0
181,313_RTPV_12,1,0.0,0.0
181,320_RTPV_1,1,0.0,0.0
181,320_RTPV_2,1,0.0,0.0
181,320_RTPV_3,1,0.0,0.0
181,313_RTPV_13,1,0.0,0.0
181,320_RTPV_4,1,0.0,0.0
181,320_RTPV_5,1,0.0,0.0
181,320_RTPV_6,1,0.0,0.0
181,309_WIND_1,1,1.5,0.0
181,317_WIND_1,1,128.2,0.0
181,303_WIND_1,1,51.9,0.0
182,301_CT_1,1,20.0,105.3672414
182,301_CT_2,1,20.0,105.3672414
182,301_CT_3,1,55.0,43.742886659999996
182,301_CT_4,1,55.0,43.742886659999996
182,302_CT_1,1,20.0,105.3672414
182,302_CT_2,1,20.0,105.3672414
182,302_CT_3,1,55.0,38.635079579999996
182,302_CT_4,1,55.0,38.635079579999996
182,307_CT_1,1,55.0,35.47476972
182,307_CT_2,1,55.0,35.47476972
182,313_CC_1,1,355.0,33.75273126
182,315_STEAM_1,1,12.0,124.09965539999999
182,315_STEAM_2,1,12.0,124.09965539999999
182,315_STEAM_3,1,12.0,124.09965539999999
182,315_STEAM_4,1,12.0,124.09965539999999
182,315_STEAM_5,1,12.0,124.09965539999999
182,315_CT_6,1,55.0,31.8557679
182,315_CT_7,1,55.0,31.8557679
182,315_CT_8,1,55.0,31.8557679
182,316_STEAM_1,1,155.0,27.274698980000004
182,318_CC_1,1,355.0,31.529241419999998
182,321_CC_1,1,355.0,33.94709226
182,322_CT_5,1,55.0,27.89469072
182,322_CT_6,1,55.0,27.89469072
182,323_CC_1,1,355.0,31.727489639999995
182,323_CC_2,1,355.0,31.727489639999995
182,322_HYDRO_1,1,17.55,0.0
182,322_HYDRO_2,1,17.55,0.0
182,322_HYDRO_3,1,17.55,0.0
182,322_HYDRO_4,1,17.55,0.0
182,320_PV_1,1,0.0,0.0
182,314_PV_1,1,0.0,0.0
182,314_PV_2,1,0.0,0.0
182,313_PV_1,1,0.0,0.0
182,314_PV_3,1,0.0,0.0
182,314_PV_4,1,0.0,0.0
182,313_PV_2,1,0.0,0.0
182,310_PV_1,1,0.0,0.0
182,324_PV_1,1,0.0,0.0
182,312_PV_1,1,0.0,0.0
182,310_PV_2,1,0.0,0.0
182,324_PV_2,1,0.0,0.0
182,324_PV_3,1,0.0,0.0
182,319_PV_1,1,0.0,0.0
182,308_RTPV_1,1,0.0,0.0
182,313_RTPV_1,1,0.0,0.0
182,313_RTPV_2,1,0.0,0.0
182,313_RTPV_3,1,0.0,0.0
182,313_RTPV_4,1,0.0,0.0
182,313_RTPV_5,1,0.0,0.0
182,313_RTPV_6,1,0.0,0.0
182,313_RTPV_7,1,0.0,0.0
182,313_RTPV_8,1,0.0,0.0
182,313_RTPV_9,1,0.0,0.0
182,313_RTPV_10,1,0.0,0.0
182,313_RTPV_11,1,0.0,0.0
182,313_RTPV_12,1,0.0,0.0
182,320_RTPV_1,1,0.0,0.0
182,320_RTPV_2,1,0.0,0.0
182,320_RTPV_3,1,0.0,0.0
182,313_RTPV_13,1,0.0,0.0
182,320_RTPV_4,1,0.0,0.0
182,320_RTPV_5,1,0.0,0.0
182,320_RTPV_6,1,0.0,0.0
182,309_WIND_1,1,0.9,0.0
182,317_WIND_1,1,125.9,0.0
182,303_WIND_1,1,48.3,0.0
183,301_CT_1,1,20.0,105.3672414
183,301_CT_2,1,20.0,105.3672414
183,301_CT_3,1,55.0,43.742886659999996
183,301_CT_4,1,55.0,43.742886659999996
183,302_CT_1,1,20.0,105.3672414
183,302_CT_2,1,20.0,105.3672414
183,302_CT_3,1,55.0,38.635079579999996
183,302_CT_4,1,55.0,38.635079579999996
183,307_CT_1,1,55.0,35.47476972
183,307_CT_2,1,55.0,35.47476972
183,313_CC_1,1,355.0,33.75273126
183,315_STEAM_1,1,12.0,124.09965539999999
183,315_STEAM_2,1,12.0,124.09965539999999
183,315_STEAM_3,1,12.0,124.09965539999999
183,315_STEAM_4,1,12.0,124.09965539999999
183,315_STEAM_5,1,12.0,124.09965539999999
183,315_CT_6,1,55.0,31.8557679
183,315_CT_7,1,55.0,31.8557679
183,315_CT_8,1,55.0,31.8557679
183,316_STEAM_1,1,155.0,27.274698980000004
183,318_CC_1,1,355.0,31.529241419999998
183,321_CC_1,1,355.0,33.94709226
183,322_CT_5,1,55.0,27.89469072
183,322_CT_6,1,55.0,27.89469072
183,323_CC_1,1,355.0,31.727489639999995
183,323_CC_2,1,355.0,31.727489639999995
183,322_HYDRO_1,1,16.575,0.0
183,322_HYDRO_2,1,16.575,0.0
183,322_HYDRO_3,1,16.575,0.0
183,322_HYDRO_4,1,16.575,0.0
183,320_PV_1,1,0.0,0.0
183,314_PV_1,1,0.0,0.0
183,314_PV_2,1,0.0,0.0
183,313_PV_1,1,0.0,0.0
183,314_PV_3,1,0.0,0.0
183,314_PV_4,1,0.0,0.0
183,313_PV_2,1,0.0,0.0
183,310_PV_1,1,0.0,0.0
183,324_PV_1,1,0.0,0.0
183,312_PV_1,1,0.0,0.0
183,310_PV_2,1,0.0,0.0
183,324_PV_2,1,0.0,0.0
183,324_PV_3,1,0.0,0.0
183,319_PV_1,1,0.0,0.0
183,308_RTPV_1,1,0.0,0.0
183,313_RTPV_1,1,0.0,0.0
183,313_RTPV_2,1,0.0,0.0
183,313_RTPV_3,1,0.0,0.0
183,313_RTPV_4,1,0.0,0.0
183,313_RTPV_5,1,0.0,0.0
183,313_RTPV_6,1,0.0,0.0
183,313_RTPV_7,1,0.0,0.0
183,313_RTPV_8,1,0.0,0.0
183,313_RTPV_9,1,0.0,0.0
183,313_RTPV_10,1,0.0,0.0
183,313_RTPV_11,1,0.0,0.0
183,313_RTPV_12,1,0.0,0.0
183,320_RTPV_1,1,0.0,0.0
183,320_RTPV_2,1,0.0,0.0
183,320_RTPV_3,1,0.0,0.0
183,313_RTPV_13,1,0.0,0.0
183,320_RTPV_4,1,0.0,0.0
183,320_RTPV_5,1,0.0,0.0
183,320_RTPV_6,1,0.0,0.0
183,309_WIND_1,1,1.3,0.0
183,317_WIND_1,1,117.0,0.0
183,303_WIND_1,1,57.1,0.0
184,301_CT_1,1,20.0,105.3672414
184,301_CT_2,1,20.0,105.3672414
184,301_CT_3,1,55.0,43.742886659999996
184,301_CT_4,1,55.0,43.742886659999996
184,302_CT_1,1,20.0,105.3672414
184,302_CT_2,1,20.0,105.3672414
184,302_CT_3,1,55.0,38.635079579999996
184,302_CT_4,1,55.0,38.635079579999996
184,307_CT_1,1,55.0,35.47476972
184,307_CT_2,1,55.0,35.47476972
184,313_CC_1,1,355.0,33.75273126
184,315_STEAM_1,1,12.0,124.09965539999999
184,315_STEAM_2,1,12.0,124.09965539999999
184,315_STEAM_3,1,12.0,124.09965539999999
184,315_STEAM_4,1,12.0,124.09965539999999
184,315_STEAM_5,1,12.0,124.09965539999999
184,315_CT_6,1,55.0,31.8557679
184,315_CT_7,1,55.0,31.8557679
184,315_CT_8,1,55.0,31.8557679
184,316_STEAM_1,1,155.0,27.274698980000004
184,318_CC_1,1,355.0,31.529241419999998
184,321_CC_1,1,355.0,33.94709226
184,322_CT_5,1,55.0,27.89469072
184,322_CT_6,1,55.0,27.89469072
184,323_CC_1,1,355.0,31.727489639999995
184,323_CC_2,1,355.0,31.727489639999995
184,322_HYDRO_1,1,15.6,0.0
184,322_HYDRO_2,1,15.6,0.0
184,322_HYDRO_3,1,15.6,0.0
184,322_HYDRO_4,1,15.6,0.0
184,320_PV_1,1,0.0,0.0
184,314_PV_1,1,0.0,0.0
184,314_PV_2,1,0.0,0.0
184,313_PV_1,1,0.0,0.0
184,314_PV_3,1,0.0,0.0
184,314_PV_4,1,0.0,0.0
184,313_PV_2,1,0.0,0.0
184,310_PV_1,1,0.0,0.0
184,324_PV_1,1,0.0,0.0
184,312_PV_1,1,0.0,0.0
184,310_PV_2,1,0.0,0.0
184,324_PV_2,1,0.0,0.0
184,324_PV_3,1,0.0,0.0
184,319_PV_1,1,0.0,0.0
184,308_RTPV_1,1,0.0,0.0
184,313_RTPV_1,1,0.0,0.0
184,313_RTPV_2,1,0.0,0.0
184,313_RTPV_3,1,0.0,0.0
184,313_RTPV_4,1,0.0,0.0
184,313_RTPV_5,1,0.0,0.0
184,313_RTPV_6,1,0.0,0.0
184,313_RTPV_7,1,0.0,0.0
184,313_RTPV_8,1,0.0,0.0
184,313_RTPV_9,1,0.0,0.0
184,313_RTPV_10,1,0.0,0.0
184,313_RTPV_11,1,0.0,0.0
184,313_RTPV_12,1,0.0,0.0
184,320_RTPV_1,1,0.0,0.0
184,320_RTPV_2,1,0.0,0.0
184,320_RTPV_3,1,0.0,0.0
184,313_RTPV_13,1,0.0,0.0
184,320_RTPV_4,1,0.0,0.0
184,320_RTPV_5,1,0.0,0.0
184,320_RTPV_6,1,0.0,0.0
184,309_WIND_1,1,1.6,0.0
184,317_WIND_1,1,112.9,0.0
184,303_WIND_1,1,66.8,0.0
185,301_CT_1,1,20.0,105.3672414
185,301_CT_2,1,20.0,105.3672414
185,301_CT_3,1,55.0,43.742886659999996
185,301_CT_4,1,55.0,43.742886659999996
185,302_CT_1,1,20.0,105.3672414
185,302_CT_2,1,20.0,105.3672414
185,302_CT_3,1,55.0,38.635079579999996
185,302_CT_4,1,55.0,38.635079579999996
185,307_CT_1,1,55.0,35.47476972
185,307_CT_2,1,55.0,35.47476972
185,313_CC_1,1,355.0,33.75273126
185,315_STEAM_1,1,12.0,124.09965539999999
185,315_STEAM_2,1,12.0,124.09965539999999
185,315_STEAM_3,1,12.0,124.09965539999999
185,315_STEAM_4,1,12.0,124.09965539999999
185,315_STEAM_5,1,12.0,124.09965539999999
185,315_CT_6,1,55.0,31.8557679
185,315_CT_7,1,55.0,31.8557679
185,315_CT_8,1,55.0,31.8557679
185,316_STEAM_1,1,155.0,27.274698980000004
185,318_CC_1,1,355.0,31.529241419999998
185,321_CC_1,1,355.0,33.94709226
185,322_CT_5,1,55.0,27.89469072
185,322_CT_6,1,55.0,27.89469072
185,323_CC_1,1,355.0,31.727489639999995
185,323_CC_2,1,355.0,31.727489639999995
185,322_HYDRO_1,1,14.625,0.0
185,322_HYDRO_2,1,14.625,0.0
185,322_HYDRO_3,1,14.625,0.0
185,322_HYDRO_4,1,14.625,0.0
185,320_PV_1,1,0.0,0.0
185,314_PV_1,1,0.0,0.0
185,314_PV_2,1,0.0,0.0
185,313_PV_1,1,0.0,0.0
185,314_PV_3,1,0.0,0.0
185,314_PV_4,1,0.0,0.0
185,313_PV_2,1,0.0,0.0
185,310_PV_1,1,0.0,0.0
185,324_PV_1,1,0.0,0.0
185,312_PV_1,1,0.0,0.0
185,310_PV_2,1,0.0,0.0
185,324_PV_2,1,0.0,0.0
185,324_PV_3,1,0.0,0.0
185,319_PV_1,1,0.0,0.0
185,308_RTPV_1,1,0.0,0.0
185,313_RTPV_1,1,0.0,0.0
185,313_RTPV_2,1,0.0,0.0
185,313_RTPV_3,1,0.0,0.0
185,313_RTPV_4,1,0.0,0.0
185,313_RTPV_5,1,0.0,0.0
185,313_RTPV_6,1,0.0,0.0
185,313_RTPV_7,1,0.0,0.0
185,313_RTPV_8,1,0.0,0.0
185,313_RTPV_9,1,0.0,0.0
185,313_RTPV_10,1,0.0,0.0
185,313_RTPV_11,1,0.0,0.0
185,313_RTPV_12,1,0.0,0.0
185,320_RTPV_1,1,0.0,0.0
185,320_RTPV_2,1,0.0,0.0
185,320_RTPV_3,1,0.0,0.0
185,313_RTPV_13,1,0.0,0.0
185,320_RTPV_4,1,0.0,0.0
185,320_RTPV_5,1,0.0,0.0
185,320_RTPV_6,1,0.0,0.0
185,309_WIND_1,1,0.6,0.0
185,317_WIND_1,1,105.6,0.0
185,303_WIND_1,1,69.6,0.0
186,301_CT_1,1,20.0,105.3672414
186,301_CT_2,1,20.0,105.3672414
186,301_CT_3,1,55.0,43.742886659999996
186,301_CT_4,1,55.0,43.742886659999996
186,302_CT_1,1,20.0,105.3672414
186,302_CT_2,1,20.0,105.3672414
186,302_CT_3,1,55.0,38.635079579999996
186,302_CT_4,1,55.0,38.635079579999996
186,307_CT_1,1,55.0,35.47476972
186,307_CT_2,1,55.0,35.47476972
186,313_CC_1,1,355.0,33.75273126
186,315_STEAM_1,1,12.0,124.09965539999999
186,315_STEAM_2,1,12.0,124.09965539999999
186,315_STEAM_3,1,12.0,124.09965539999999
186,315_STEAM_4,1,12.0,124.09965539999999
186,315_STEAM_5,1,12.0,124.09965539999999
186,315_CT_6,1,55.0,31.8557679
186,315_CT_7,1,55.0,31.8557679
186,315_CT_8,1,55.0,31.8557679
186,316_STEAM_1,1,155.0,27.274698980000004
186,318_CC_1,1,355.0,31.529241419999998
186,321_CC_1,1,355.0,33.94709226
186,322_CT_5,1,55.0,27.89469072
186,322_CT_6,1,55.0,27.89469072
186,323_CC_1,1,355.0,31.727489639999995
186,323_CC_2,1,355.0,31.727489639999995
186,322_HYDRO_1,1,13.65,0.0
186,322_HYDRO_2,1,13.65,0.0
186,322_HYDRO_3,1,13.65,0.0
186,322_HYDRO_4,1,13.65,0.0
186,320_PV_1,1,0.0,0.0
186,314_PV_1,1,0.0,0.0
186,314_PV_2,1,0.0,0.0
186,313_PV_1,1,0.0,0.0
186,314_PV_3,1,0.0,0.0
186,314_PV_4,1,0.0,0.0
186,313_PV_2,1,0.0,0.0
186,310_PV_1,1,0.0,0.0
186,324_PV_1,1,0.0,0.0
186,312_PV_1,1,0.0,0.0
186,310_PV_2,1,0.0,0.0
186,324_PV_2,1,0.0,0.0
186,324_PV_3,1,0.0,0.0
186,319_PV_1,1,0.0,0.0
186,308_RTPV_1,1,0.0,0.0
186,313_RTPV_1,1,0.0,0.0
186,313_RTPV_2,1,0.0,0.0
186,313_RTPV_3,1,0.0,0.0
186,313_RTPV_4,1,0.0,0.0
186,313_RTPV_5,1,0.0,0.0
186,313_RTPV_6,1,0.0,0.0
186,313_RTPV_7,1,0.0,0.0
186,313_RTPV_8,1,0.0,0.0
186,313_RTPV_9,1,0.0,0.0
186,313_RTPV_10,1,0.0,0.0
186,313_RTPV_11,1,0.0,0.0
186,313_RTPV_12,1,0.0,0.0
186,320_RTPV_1,1,0.0,0.0
186,320_RTPV_2,1,0.0,0.0
186,320_RTPV_3,1,0.0,0.0
186,313_RTPV_13,1,0.0,0.0
186,320_RTPV_4,1,0.0,0.0
186,320_RTPV_5,1,0.0,0.0
186,320_RTPV_6,1,0.0,0.0
186,309_WIND_1,1,1.0,0.0
186,317_WIND_1,1,99.9,0.0
186,303_WIND_1,1,67.1,0.0
187,301_CT_1,1,20.0,105.3672414
187,301_CT_2,1,20.0,105.3672414
187,301_CT_3,1,55.0,43.742886659999996
187,301_CT_4,1,55.0,43.742886659999996
187,302_CT_1,1,20.0,105.3672414
187,302_CT_2,1,20.0,105.3672414
187,302_CT_3,1,55.0,38.635079579999996
187,302_CT_4,1,55.0,38.635079579999996
187,307_CT_1,1,55.0,35.47476972
187,307_CT_2,1,55.0,35.47476972
187,313_CC_1,1,355.0,33.75273126
187,315_STEAM_1,1,12.0,124.09965539999999
187,315_STEAM_2,1,12.0,124.09965539999999
187,315_STEAM_3,1,12.0,124.09965539999999
187,315_STEAM_4,1,12.0,124.09965539999999
187,315_STEAM_5,1,12.0,124.09965539999999
187,315_CT_6,1,55.0,31.8557679
187,315_CT_7,1,55.0,31.8557679
187,315_CT_8,1,55.0,31.8557679
187,316_STEAM_1,1,155.0,27.274698980000004
187,318_CC_1,1,355.0,31.529241419999998
187,321_CC_1,1,355.0,33.94709226
187,322_CT_5,1,55.0,27.89469072
187,322_CT_6,1,55.0,27.89469072
187,323_CC_1,1,355.0,31.727489639999995
187,323_CC_2,1,355.0,31.727489639999995
187,322_HYDRO_1,1,12.675,0.0
187,322_HYDRO_2,1,12.675,0.0
187,322_HYDRO_3,1,12.675,0.0
187,322_HYDRO_4,1,12.675,0.0
187,320_PV_1,1,0.0,0.0
187,314_PV_1,1,0.0,0.0
187,314_PV_2,1,0.0,0.0
187,313_PV_1,1,0.0,0.0
187,314_PV_3,1,0.0,0.0
187,314_PV_4,1,0.0,0.0
187,313_PV_2,1,0.0,0.0
187,310_PV_1,1,0.0,0.0
187,324_PV_1,1,0.0,0.0
187,312_PV_1,1,0.0,0.0
187,310_PV_2,1,0.0,0.0
187,324_PV_2,1,0.0,0.0
187,324_PV_3,1,0.0,0.0
187,319_PV_1,1,0.0,0.0
187,308_RTPV_1,1,0.0,0.0
187,313_RTPV_1,1,0.0,0.0
187,313_RTPV_2,1,0.0,0.0
187,313_RTPV_3,1,0.0,0.0
187,313_RTPV_4,1,0.0,0.0
187,313_RTPV_5,1,0.0,0.0
187,313_RTPV_6,1,0.0,0.0
187,313_RTPV_7,1,0.0,0.0
187,313_RTPV_8,1,0.0,0.0
187,313_RTPV_9,1,0.0,0.0
187,313_RTPV_10,1,0.0,0.0
187,313_RTPV_11,1,0.0,0.0
187,313_RTPV_12,1,0.0,0.0
187,320_RTPV_1,1,0.0,0.0
187,320_RTPV_2,1,0.0,0.0
187,320_RTPV_3,1,0.0,0.0
187,313_RTPV_13,1,0.0,0.0
187,320_RTPV_4,1,0.0,0.0
187,320_RTPV_5,1,0.0,0.0
187,320_RTPV_6,1,0.0,0.0
187,309_WIND_1,1,1.8,0.0
187,317_WIND_1,1,97.2,0.0
187,303_WIND_1,1,68.7,0.0
188,301_CT_1,1,20.0,105.3672414
188,301_CT_2,1,20.0,105.3672414
188,301_CT_3,1,55.0,43.742886659999996
188,301_CT_4,1,55.0,43.742886659999996
188,302_CT_1,1,20.0,105.3672414
188,302_CT_2,1,20.0,105.3672414
188,302_CT_3,1,55.0,38.635079579999996
188,302_CT_4,1,55.0,38.635079579999996
188,307_CT_1,1,55.0,35.47476972
188,307_CT_2,1,55.0,35.47476972
188,313_CC_1,1,355.0,33.75273126
188,315_STEAM_1,1,12.0,124.09965539999999
188,315_STEAM_2,1,12.0,124.09965539999999
188,315_STEAM_3,1,12.0,124.09965539999999
188,315_STEAM_4,1,12.0,124.09965539999999
188,315_STEAM_5,1,12.0,124.09965539999999
188,315_CT_6,1,55.0,31.8557679
188,315_CT_7,1,55.0,31.8557679
188,315_CT_8,1,55.0,31.8557679
188,316_STEAM_1,1,155.0,27.274698980000004
188,318_CC_1,1,355.0,31.529241419999998
188,321_CC_1,1,355.0,33.94709226
188,322_CT_5,1,55.0,27.89469072
188,322_CT_6,1,55.0,27.89469072
188,323_CC_1,1,355.0,31.727489639999995
188,323_CC_2,1,355.0,31.727489639999995
188,322_HYDRO_1,1,11.7,0.0
188,322_HYDRO_2,1,11.7,0.0
188,322_HYDRO_3,1,11.7,0.0
188,322_HYDRO_4,1,11.7,0.0
188,320_PV_1,1,0.0,0.0
188,314_PV_1,1,0.0,0.0
188,314_PV_2,1,0.0,0.0
188,313_PV_1,1,0.0,0.0
188,314_PV_3,1,0.0,0.0
188,314_PV_4,1,0.0,0.0
188,313_PV_2,1,0.0,0.0
188,310_PV_1,1,0.0,0.0
188,324_PV_1,1,0.0,0.0
188,312_PV_1,1,0.0,0.0
188,310_PV_2,1,0.0,0.0
188,324_PV_2,1,0.0,0.0
188,324_PV_3,1,0.0,0.0
188,319_PV_1,1,0.0,0.0
188,308_RTPV_1,1,0.0,0.0
188,313_RTPV_1,1,0.0,0.0
188,313_RTPV_2,1,0.0,0.0
188,313_RTPV_3,1,0.0,0.0
188,313_RTPV_4,1,0.0,0.0
188,313_RTPV_5,1,0.0,0.0
188,313_RTPV_6,1,0.0,0.0
188,313_RTPV_7,1,0.0,0.0
188,313_RTPV_8,1,0.0,0.0
188,313_RTPV_9,1,0.0,0.0
188,313_RTPV_10,1,0.0,0.0
188,313_RTPV_11,1,0.0,0.0
188,313_RTPV_12,1,0.0,0.0
188,320_RTPV_1,1,0.0,0.0
188,320_RTPV_2,1,0.0,0.0
188,320_RTPV_3,1,0.0,0.0
188,313_RTPV_13,1,0.0,0.0
188,320_RTPV_4,1,0.0,0.0
188,320_RTPV_5,1,0.0,0.0
188,320_RTPV_6,1,0.0,0.0
188,309_WIND_1,1,1.0,0.0
188,317_WIND_1,1,92.6,0.0
188,303_WIND_1,1,78.7,0.0
189,301_CT_1,1,20.0,105.3672414
189,301_CT_2,1,20.0,105.3672414
189,301_CT_3,1,55.0,43.742886659999996
189,301_CT_4,1,55.0,43.742886659999996
189,302_CT_1,1,20.0,105.3672414
189,302_CT_2,1,20.0,105.3672414
189,302_CT_3,1,55.0,38.635079579999996
189,302_CT_4,1,55.0,38.635079579999996
189,307_CT_1,1,55.0,35.47476972
189,307_CT_2,1,55.0,35.47476972
189,313_CC_1,1,355.0,33.75273126
189,315_STEAM_1,1,12.0,124.09965539999999
189,315_STEAM_2,1,12.0,124.09965539999999
189,315_STEAM_3,1,12.0,124.09965539999999
189,315_STEAM_4,1,12.0,124.09965539999999
189,315_STEAM_5,1,12.0,124.09965539999999
189,315_CT_6,1,55.0,31.8557679
189,315_CT_7,1,55.0,31.8557679
189,315_CT_8,1,55.0,31.8557679
189,316_STEAM_1,1,155.0,27.274698980000004
189,318_CC_1,1,355.0,31.529241419999998
189,321_CC_1,1,355.0,33.94709226
189,322_CT_5,1,55.0,27.89469072
189,322_CT_6,1,55.0,27.89469072
189,323_CC_1,1,355.0,31.727489639999995
189,323_CC_2,1,355.0,31.727489639999995
189,322_HYDRO_1,1,10.725,0.0
189,322_HYDRO_2,1,10.725,0.0
189,322_HYDRO_3,1,10.725,0.0
189,322_HYDRO_4,1,10.725,0.0
189,320_PV_1,1,0.0,0.0
189,314_PV_1,1,0.0,0.0
189,314_PV_2,1,0.0,0.0
189,313_PV_1,1,0.0,0.0
189,314_PV_3,1,0.0,0.0
189,314_PV_4,1,0.0,0.0
189,313_PV_2,1,0.0,0.0
189,310_PV_1,1,0.0,0.0
189,324_PV_1,1,0.0,0.0
189,312_PV_1,1,0.0,0.0
189,310_PV_2,1,0.0,0.0
189,324_PV_2,1,0.0,0.0
189,324_PV_3,1,0.0,0.0
189,319_PV_1,1,0.0,0.0
189,308_RTPV_1,1,0.0,0.0
189,313_RTPV_1,1,0.0,0.0
189,313_RTPV_2,1,0.0,0.0
189,313_RTPV_3,1,0.0,0.0
189,313_RTPV_4,1,0.0,0.0
189,313_RTPV_5,1,0.0,0.0
189,313_RTPV_6,1,0.0,0.0
189,313_RTPV_7,1,0.0,0.0
189,313_RTPV_8,1,0.0,0.0
189,313_RTPV_9,1,0.0,0.0
189,313_RTPV_10,1,0.0,0.0
189,313_RTPV_11,1,0.0,0.0
189,313_RTPV_12,1,0.0,0.0
189,320_RTPV_1,1,0.0,0.0
189,320_RTPV_2,1,0.0,0.0
189,320_RTPV_3,1,0.0,0.0
189,313_RTPV_13,1,0.0,0.0
189,320_RTPV_4,1,0.0,0.0
189,320_RTPV_5,1,0.0,0.0
189,320_RTPV_6,1,0.0,0.0
189,309_WIND_1,1,0.6,0.0
189,317_WIND_1,1,87.5,0.0
189,303_WIND_1,1,84.6,0.0
190,301_CT_1,1,20.0,105.3672414
190,301_CT_2,1,20.0,105.3672414
190,301_CT_3,1,55.0,43.742886659999996
190,301_CT_4,1,55.0,43.742886659999996
190,302_CT_1,1,20.0,105.3672414
190,302_CT_2,1,20.0,105.3672414
190,302_CT_3,1,55.0,38.635079579999996
190,302_CT_4,1,55.0,38.635079579999996
190,307_CT_1,1,55.0,35.47476972
190,307_CT_2,1,55.0,35.47476972
190,313_CC_1,1,355.0,33.75273126
190,315_STEAM_1,1,12.0,124.09965539999999
190,315_STEAM_2,1,12.0,124.09965539999999
190,315_STEAM_3,1,12.0,124.09965539999999
190,315_STEAM_4,1,12.0,124.09965539999999
190,315_STEAM_5,1,12.0,124.09965539999999
190,315_CT_6,1,55.0,31.8557679
190,315_CT_7,1,55.0,31.8557679
190,315_CT_8,1,55.0,31.8557679
190,316_STEAM_1,1,155.0,27.274698980000004
190,318_CC_1,1,355.0,31.529241419999998
190,321_CC_1,1,355.0,33.94709226
190,322_CT_5,1,55.0,27.89469072
190,322_CT_6,1,55.0,27.89469072
190,323_CC_1,1,355.0,31.727489639999995
190,323_CC_2,1,355.0,31.727489639999995
190,322_HYDRO_1,1,9.75,0.0
190,322_HYDRO_2,1,9.75,0.0
190,322_HYDRO_3,1,9.75,0.0
190,322_HYDRO_4,1,9.75,0.0
190,320_PV_1,1,0.0,0.0
190,314_PV_1,1,0.0,0.0
190,314_PV_2,1,0.0,0.0
190,313_PV_1,1,0.0,0.0
190,314_PV_3,1,0.0,0.0
190,314_PV_4,1,0.0,0.0
190,313_PV_2,1,0.0,0.0
190,310_PV_1,1,0.0,0.0
190,324_PV_1,1,0.0,0.0
190,312_PV_1,1,0.0,0.0
190,310_PV_2,1,0.0,0.0
190,324_PV_2,1,0.0,0.0
190,324_PV_3,1,0.0,0.0
190,319_PV_1,1,0.0,0.0
190,308_RTPV_1,1,0.0,0.0
190,313_RTPV_1,1,0.0,0.0
190,313_RTPV_2,1,0.0,0.0
190,313_RTPV_3,1,0.0,0.0
190,313_RTPV_4,1,0.0,0.0
190,313_RTPV_5,1,0.0,0.0
190,313_RTPV_6,1,0.0,0.0
190,313_RTPV_7,1,0.0,0.0
190,313_RTPV_8,1,0.0,0.0
190,313_RTPV_9,1,0.0,0.0
190,313_RTPV_10,1,0.0,0.0
190,313_RTPV_11,1,0.0,0.0
190,313_RTPV_12,1,0.0,0.0
190,320_RTPV_1,1,0.0,0.0
190,320_RTPV_2,1,0.0,0.0
190,320_RTPV_3,1,0.0,0.0
190,313_RTPV_13,1,0.0,0.0
190,320_RTPV_4,1,0.0,0.0
190,320_RTPV_5,1,0.0,0.0
190,320_RTPV_6,1,0.0,0.0
190,309_WIND_1,1,0.8,0.0
190,317_WIND_1,1,87.5,0.0
190,303_WIND_1,1,88.7,0.0
191,301_CT_1,1,20.0,105.3672414
191,301_CT_2,1,20.0,105.3672414
191,301_CT_3,1,55.0,43.742886659999996
191,301_CT_4,1,55.0,43.742886659999996
191,302_CT_1,1,20.0,105.3672414
191,302_CT_2,1,20.0,105.3672414
191,302_CT_3,1,55.0,38.635079579999996
191,302_CT_4,1,55.0,38.635079579999996
191,307_CT_1,1,55.0,35.47476972
191,307_CT_2,1,55.0,35.47476972
191,313_CC_1,1,355.0,33.75273126
191,315_STEAM_1,1,12.0,124.09965539999999
191,315_STEAM_2,1,12.0,124.09965539999999
191,315_STEAM_3,1,12.0,124.09965539999999
191,315_STEAM_4,1,12.0,124.09965539999999
191,315_STEAM_5,1,12.0,124.09965539999999
191,315_CT_6,1,55.0,31.8557679
191,315_CT_7,1,55.0,31.8557679
191,315_CT_8,1,55.0,31.8557679
191,316_STEAM_1,1,155.0,27.274698980000004
191,318_CC_1,1,355.0,31.529241419999998
191,321_CC_1,1,355.0,33.94709226
191,322_CT_5,1,55.0,27.89469072
191,322_CT_6,1,55.0,27.89469072
191,323_CC_1,1,355.0,31.727489639999995
191,323_CC_2,1,355.0,31.727489639999995
191,322_HYDRO_1,1,8.775,0.0
191,322_HYDRO_2,1,8.775,0.0
191,322_HYDRO_3,1,8.775,0.0
191,322_HYDRO_4,1,8.775,0.0
191,320_PV_1,1,0.0,0.0
191,314_PV_1,1,0.0,0.0
191,314_PV_2,1,0.0,0.0
191,313_PV_1,1,0.0,0.0
191,314_PV_3,1,0.0,0.0
191,314_PV_4,1,0.0,0.0
191,313_PV_2,1,0.0,0.0
191,310_PV_1,1,0.0,0.0
191,324_PV_1,1,0.0,0.0
191,312_PV_1,1,0.0,0.0
191,310_PV_2,1,0.0,0.0
191,324_PV_2,1,0.0,0.0
191,324_PV_3,1,0.0,0.0
191,319_PV_1,1,0.0,0.0
191,308_RTPV_1,1,0.0,0.0
191,313_RTPV_1,1,0.0,0.0
191,313_RTPV_2,1,0.0,0.0
191,313_RTPV_3,1,0.0,0.0
191,313_RTPV_4,1,0.0,0.0
191,313_RTPV_5,1,0.0,0.0
191,313_RTPV_6,1,0.0,0.0
191,313_RTPV_7,1,0.0,0.0
191,313_RTPV_8,1,0.0,0.0
191,313_RTPV_9,1,0.0,0.0
191,313_RTPV_10,1,0.0,0.0
191,313_RTPV_11,1,0.0,0.0
191,313_RTPV_12,1,0.0,0.0
191,320_RTPV_1,1,0.0,0.0
191,320_RTPV_2,1,0.0,0.0
191,320_RTPV_3,1,0.0,0.0
191,313_RTPV_13,1,0.0,0.0
191,320_RTPV_4,1,0.0,0.0
191,320_RTPV_5,1,0.0,0.0
191,320_RTPV_6,1,0.0,0.0
191,309_WIND_1,1,0.8,0.0
191,317_WIND_1,1,79.2,0.0
191,303_WIND_1,1,84.7,0.0
192,301_CT_1,1,20.0,105.3672414
192,301_CT_2,1,20.0,105.3672414
192,301_CT_3,1,55.0,43.742886659999996
192,301_CT_4,1,55.0,43.742886659999996
192,302_CT_1,1,20.0,105.3672414
192,302_CT_2,1,20.0,105.3672414
192,302_CT_3,1,55.0,38.635079579999996
192,302_CT_4,1,55.0,38.635079579999996
192,307_CT_1,1,55.0,35.47476972
192,307_CT_2,1,55.0,35.47476972
192,313_CC_1,1,355.0,33.75273126
192,315_STEAM_1,1,12.0,124.09965539999999
192,315_STEAM_2,1,12.0,124.09965539999999
192,315_STEAM_3,1,12.0,124.09965539999999
192,315_STEAM_4,1,12.0,124.09965539999999
192,315_STEAM_5,1,12.0,124.09965539999999
192,315_CT_6,1,55.0,31.8557679
192,315_CT_7,1,55.0,31.8557679
192,315_CT_8,1,55.0,31.8557679
192,316_STEAM_1,1,155.0,27.274698980000004
192,318_CC_1,1,355.0,31.529241419999998
192,321_CC_1,1,355.0,33.94709226
192,322_CT_5,1,55.0,27.89469072
192,322_CT_6,1,55.0,27.89469072
192,323_CC_1,1,355.0,31.727489639999995
192,323_CC_2,1,355.0,31.727489639999995
192,322_HYDRO_1,1,7.8,0.0
192,322_HYDRO_2,1,7.8,0.0
192,322_HYDRO_3,1,7.8,0.0
192,322_HYDRO_4,1,7.8,0.0
192,320_PV_1,1,0.0,0.0
192,314_PV_1,1,0.0,0.0
192,314_PV_2,1,0.0,0.0
192,313_PV_1,1,0.0,0.0
192,314_PV_3,1,0.0,0.0
192,314_PV_4,1,0.0,0.0
192,313_PV_2,1,0.0,0.0
192,310_PV_1,1,0.0,0.0
192,324_PV_1,1,0.0,0.0
192,312_PV_1,1,0.0,0.0
192,310_PV_2,1,0.0,0.0
192,324_PV_2,1,0.0,0.0
192,324_PV_3,1,0.0,0.0
192,319_PV_1,1,0.0,0.0
192,308_RTPV_1,1,0.0,0.0
192,313_RTPV_1,1,0.0,0.0
192,313_RTPV_2,1,0.0,0.0
192,313_RTPV_3,1,0.0,0.0
192,313_RTPV_4,1,0.0,0.0
192,313_RTPV_5,1,0.0,0.0
192,313_RTPV_6,1,0.0,0.0
192,313_RTPV_7,1,0.0,0.0
192,313_RTPV_8,1,0.0,0.0
192,313_RTPV_9,1,0.0,0.0
192,313_RTPV_10,1,0.0,0.0
192,313_RTPV_11,1,0.0,0.0
192,313_RTPV_12,1,0.0,0.0
192,320_RTPV_1,1,0.0,0.0
192,320_RTPV_2,1,0.0,0.0
192,320_RTPV_3,1,0.0,0.0
192,313_RTPV_13,1,0.0,0.0
192,320_RTPV_4,1,0.0,0.0
192,320_RTPV_5,1,0.0,0.0
192,320_RTPV_6,1,0.0,0.0
192,309_WIND_1,1,2.7,0.0
192,317_WIND_1,1,75.3,0.0
192,303_WIND_1,1,81.5,0.0
193,301_CT_1,1,20.0,105.3672414
193,301_CT_2,1,20.0,105.3672414
193,301_CT_3,1,55.0,43.742886659999996
193,301_CT_4,1,55.0,43.742886659999996
193,302_CT_1,1,20.0,105.3672414
193,302_CT_2,1,20.0,105.3672414
193,302_CT_3,1,55.0,38.635079579999996
193,302_CT_4,1,55.0,38.635079579999996
193,307_CT_1,1,55.0,35.47476972
193,307_CT_2,1,55.0,35.47476972
193,313_CC_1,1,355.0,33.75273126
193,315_STEAM_1,1,12.0,124.09965539999999
193,315_STEAM_2,1,12.0,124.09965539999999
193,315_STEAM_3,1,12.0,124.09965539999999
193,315_STEAM_4,1,12.0,124.09965539999999
193,315_STEAM_5,1,12.0,124.09965539999999
193,315_CT_6,1,55.0,31.8557679
193,315_CT_7,1,55.0,31.8557679
193,315_CT_8,1,55.0,31.8557679
193,316_STEAM_1,1,155.0,27.274698980000004
193,318_CC_1,1,355.0,31.529241419999998
193,321_CC_1,1,355.0,33.94709226
193,322_CT_5,1,55.0,27.89469072
193,322_CT_6,1,55.0,27.89469072
193,323_CC_1,1,355.0,31.727489639999995
193,323_CC_2,1,355.0,31.727489639999995
193,322_HYDRO_1,1,7.992000000000001,0.0
193,322_HYDRO_2,1,7.992000000000001,0.0
193,322_HYDRO_3,1,7.992000000000001,0.0
193,322_HYDRO_4,1,7.992000000000001,0.0
193,320_PV_1,1,0.0,0.0
193,314_PV_1,1,0.0,0.0
193,314_PV_2,1,0.0,0.0
193,313_PV_1,1,0.0,0.0
193,314_PV_3,1,0.0,0.0
193,314_PV_4,1,0.0,0.0
193,313_PV_2,1,0.0,0.0
193,310_PV_1,1,0.0,0.0
193,324_PV_1,1,0.0,0.0
193,312_PV_1,1,0.0,0.0
193,310_PV_2,1,0.0,0.0
193,324_PV_2,1,0.0,0.0
193,324_PV_3,1,0.0,0.0
193,319_PV_1,1,0.0,0.0
193,308_RTPV_1,1,0.0,0.0
193,313_RTPV_1,1,0.0,0.0
193,313_RTPV_2,1,0.0,0.0
193,313_RTPV_3,1,0.0,0.0
193,313_RTPV_4,1,0.0,0.0
193,313_RTPV_5,1,0.0,0.0
193,313_RTPV_6,1,0.0,0.0
193,313_RTPV_7,1,0.0,0.0
193,313_RTPV_8,1,0.0,0.0
193,313_RTPV_9,1,0.0,0.0
193,313_RTPV_10,1,0.0,0.0
193,313_RTPV_11,1,0.0,0.0
193,313_RTPV_12,1,0.0,0.0
193,320_RTPV_1,1,0.0,0.0
193,320_RTPV_2,1,0.0,0.0
193,320_RTPV_3,1,0.0,0.0
193,313_RTPV_13,1,0.0,0.0
193,320_RTPV_4,1,0.0,0.0
193,320_RTPV_5,1,0.0,0.0
193,320_RTPV_6,1,0.0,0.0
193,309_WIND_1,1,0.3,0.0
193,317_WIND_1,1,69.5,0.0
193,303_WIND_1,1,79.1,0.0
194,301_CT_1,1,20.0,105.3672414
194,301_CT_2,1,20.0,105.3672414
194,301_CT_3,1,55.0,43.742886659999996
194,301_CT_4,1,55.0,43.742886659999996
194,302_CT_1,1,20.0,105.3672414
194,302_CT_2,1,20.0,105.3672414
194,302_CT_3,1,55.0,38.635079579999996
194,302_CT_4,1,55.0,38.635079579999996
194,307_CT_1,1,55.0,35.47476972
194,307_CT_2,1,55.0,35.47476972
194,313_CC_1,1,355.0,33.75273126
194,315_STEAM_1,1,12.0,124.09965539999999
194,315_STEAM_2,1,12.0,124.09965539999999
194,315_STEAM_3,1,12.0,124.09965539999999
194,315_STEAM_4,1,12.0,124.09965539999999
194,315_STEAM_5,1,12.0,124.09965539999999
194,315_CT_6,1,55.0,31.8557679
194,315_CT_7,1,55.0,31.8557679
194,315_CT_8,1,55.0,31.8557679
194,316_STEAM_1,1,155.0,27.274698980000004
194,318_CC_1,1,355.0,31.529241419999998
194,321_CC_1,1,355.0,33.94709226
194,322_CT_5,1,55.0,27.89469072
194,322_CT_6,1,55.0,27.89469072
194,323_CC_1,1,355.0,31.727489639999995
194,323_CC_2,1,355.0,31.727489639999995
194,322_HYDRO_1,1,8.183,0.0
194,322_HYDRO_2,1,8.183,0.0
194,322_HYDRO_3,1,8.183,0.0
194,322_HYDRO_4,1,8.183,0.0
194,320_PV_1,1,0.0,0.0
194,314_PV_1,1,0.0,0.0
194,314_PV_2,1,0.0,0.0
194,313_PV_1,1,0.0,0.0
194,314_PV_3,1,0.0,0.0
194,314_PV_4,1,0.0,0.0
194,313_PV_2,1,0.0,0.0
194,310_PV_1,1,0.0,0.0
194,324_PV_1,1,0.0,0.0
194,312_PV_1,1,0.0,0.0
194,310_PV_2,1,0.0,0.0
194,324_PV_2,1,0.0,0.0
194,324_PV_3,1,0.0,0.0
194,319_PV_1,1,0.0,0.0
194,308_RTPV_1,1,0.0,0.0
194,313_RTPV_1,1,0.0,0.0
194,313_RTPV_2,1,0.0,0.0
194,313_RTPV_3,1,0.0,0.0
194,313_RTPV_4,1,0.0,0.0
194,313_RTPV_5,1,0.0,0.0
194,313_RTPV_6,1,0.0,0.0
194,313_RTPV_7,1,0.0,0.0
194,313_RTPV_8,1,0.0,0.0
194,313_RTPV_9,1,0.0,0.0
194,313_RTPV_10,1,0.0,0.0
194,313_RTPV_11,1,0.0,0.0
194,313_RTPV_12,1,0.0,0.0
194,320_RTPV_1,1,0.0,0.0
194,320_RTPV_2,1,0.0,0.0
194,320_RTPV_3,1,0.0,0.0
194,313_RTPV_13,1,0.0,0.0
194,320_RTPV_4,1,0.0,0.0
194,320_RTPV_5,1,0.0,0.0
194,320_RTPV_6,1,0.0,0.0
194,309_WIND_1,1,0.0,0.0
194,317_WIND_1,1,71.8,0.0
194,303_WIND_1,1,85.2,0.0
195,301_CT_1,1,20.0,105.3672414
195,301_CT_2,1,20.0,105.3672414
195,301_CT_3,1,55.0,43.742886659999996
195,301_CT_4,1,55.0,43.742886659999996
195,302_CT_1,1,20.0,105.3672414
195,302_CT_2,1,20.0,105.3672414
195,302_CT_3,1,55.0,38.635079579999996
195,302_CT_4,1,55.0,38.635079579999996
195,307_CT_1,1,55.0,35.47476972
195,307_CT_2,1,55.0,35.47476972
195,313_CC_1,1,355.0,33.75273126
195,315_STEAM_1,1,12.0,124.09965539999999
195,315_STEAM_2,1,12.0,124.09965539999999
195,315_STEAM_3,1,12.0,124.09965539999999
195,315_STEAM_4,1,12.0,124.09965539999999
195,315_STEAM_5,1,12.0,124.09965539999999
195,315_CT_6,1,55.0,31.8557679
195,315_CT_7,1,55.0,31.8557679
195,315_CT_8,1,55.0,31.8557679
195,316_STEAM_1,1,155.0,27.274698980000004
195,318_CC_1,1,355.0,31.529241419999998
195,321_CC_1,1,355.0,33.94709226
195,322_CT_5,1,55.0,27.89469072
195,322_CT_6,1,55.0,27.89469072
195,323_CC_1,1,355.0,31.727489639999995
195,323_CC_2,1,355.0,31.727489639999995
195,322_HYDRO_1,1,8.375,0.0
195,322_HYDRO_2,1,8.375,0.0
195,322_HYDRO_3,1,8.375,0.0
195,322_HYDRO_4,1,8.375,0.0
195,320_PV_1,1,0.0,0.0
195,314_PV_1,1,0.0,0.0
195,314_PV_2,1,0.0,0.0
195,313_PV_1,1,0.0,0.0
195,314_PV_3,1,0.0,0.0
195,314_PV_4,1,0.0,0.0
195,313_PV_2,1,0.0,0.0
195,310_PV_1,1,0.0,0.0
195,324_PV_1,1,0.0,0.0
195,312_PV_1,1,0.0,0.0
195,310_PV_2,1,0.0,0.0
195,324_PV_2,1,0.0,0.0
195,324_PV_3,1,0.0,0.0
195,319_PV_1,1,0.0,0.0
195,308_RTPV_1,1,0.0,0.0
195,313_RTPV_1,1,0.0,0.0
195,313_RTPV_2,1,0.0,0.0
195,313_RTPV_3,1,0.0,0.0
195,313_RTPV_4,1,0.0,0.0
195,313_RTPV_5,1,0.0,0.0
195,313_RTPV_6,1,0.0,0.0
195,313_RTPV_7,1,0.0,0.0
195,313_RTPV_8,1,0.0,0.0
195,313_RTPV_9,1,0.0,0.0
195,313_RTPV_10,1,0.0,0.0
195,313_RTPV_11,1,0.0,0.0
195,313_RTPV_12,1,0.0,0.0
195,320_RTPV_1,1,0.0,0.0
195,320_RTPV_2,1,0.0,0.0
195,320_RTPV_3,1,0.0,0.0
195,313_RTPV_13,1,0.0,0.0
195,320_RTPV_4,1,0.0,0.0
195,320_RTPV_5,1,0.0,0.0
195,320_RTPV_6,1,0.0,0.0
195,309_WIND_1,1,1.8,0.0
195,317_WIND_1,1,72.1,0.0
195,303_WIND_1,1,85.6,0.0
196,301_CT_1,1,20.0,105.3672414
196,301_CT_2,1,20.0,105.3672414
196,301_CT_3,1,55.0,43.742886659999996
196,301_CT_4,1,55.0,43.742886659999996
196,302_CT_1,1,20.0,105.3672414
196,302_CT_2,1,20.0,105.3672414
196,302_CT_3,1,55.0,38.635079579999996
196,302_CT_4,1,55.0,38.635079579999996
196,307_CT_1,1,55.0,35.47476972
196,307_CT_2,1,55.0,35.47476972
196,313_CC_1,1,355.0,33.75273126
196,315_STEAM_1,1,12.0,124.09965539999999
196,315_STEAM_2,1,12.0,124.09965539999999
196,315_STEAM_3,1,12.0,124.09965539999999
196,315_STEAM_4,1,12.0,124.09965539999999
196,315_STEAM_5,1,12.0,124.09965539999999
196,315_CT_6,1,55.0,31.8557679
196,315_CT_7,1,55.0,31.8557679
196,315_CT_8,1,55.0,31.8557679
196,316_STEAM_1,1,155.0,27.274698980000004
196,318_CC_1,1,355.0,31.529241419999998
196,321_CC_1,1,355.0,33.94709226
196,322_CT_5,1,55.0,27.89469072
196,322_CT_6,1,55.0,27.89469072
196,323_CC_1,1,355.0,31.727489639999995
196,323_CC_2,1,355.0,31.727489639999995
196,322_HYDRO_1,1,8.567,0.0
196,322_HYDRO_2,1,8.567,0.0
196,322_HYDRO_3,1,8.567,0.0
196,322_HYDRO_4,1,8.567,0.0
196,320_PV_1,1,0.0,0.0
196,314_PV_1,1,0.0,0.0
196,314_PV_2,1,0.0,0.0
196,313_PV_1,1,0.0,0.0
196,314_PV_3,1,0.0,0.0
196,314_PV_4,1,0.0,0.0
196,313_PV_2,1,0.0,0.0
196,310_PV_1,1,0.0,0.0
196,324_PV_1,1,0.0,0.0
196,312_PV_1,1,0.0,0.0
196,310_PV_2,1,0.0,0.0
196,324_PV_2,1,0.0,0.0
196,324_PV_3,1,0.0,0.0
196,319_PV_1,1,0.0,0.0
196,308_RTPV_1,1,0.0,0.0
196,313_RTPV_1,1,0.0,0.0
196,313_RTPV_2,1,0.0,0.0
196,313_RTPV_3,1,0.0,0.0
196,313_RTPV_4,1,0.0,0.0
196,313_RTPV_5,1,0.0,0.0
196,313_RTPV_6,1,0.0,0.0
196,313_RTPV_7,1,0.0,0.0
196,313_RTPV_8,1,0.0,0.0
196,313_RTPV_9,1,0.0,0.0
196,313_RTPV_10,1,0.0,0.0
196,313_RTPV_11,1,0.0,0.0
196,313_RTPV_12,1,0.0,0.0
196,320_RTPV_1,1,0.0,0.0
196,320_RTPV_2,1,0.0,0.0
196,320_RTPV_3,1,0.0,0.0
196,313_RTPV_13,1,0.0,0.0
196,320_RTPV_4,1,0.0,0.0
196,320_RTPV_5,1,0.0,0.0
196,320_RTPV_6,1,0.0,0.0
196,309_WIND_1,1,0.7,0.0
196,317_WIND_1,1,67.6,0.0
196,303_WIND_1,1,75.8,0.0
197,301_CT_1,1,20.0,105.3672414
197,301_CT_2,1,20.0,105.3672414
197,301_CT_3,1,55.0,43.742886659999996
197,301_CT_4,1,55.0,43.742886659999996
197,302_CT_1,1,20.0,105.3672414
197,302_CT_2,1,20.0,105.3672414
197,302_CT_3,1,55.0,38.635079579999996
197,302_CT_4,1,55.0,38.635079579999996
197,307_CT_1,1,55.0,35.47476972
197,307_CT_2,1,55.0,35.47476972
197,313_CC_1,1,355.0,33.75273126
197,315_STEAM_1,1,12.0,124.09965539999999
197,315_STEAM_2,1,12.0,124.09965539999999
197,315_STEAM_3,1,12.0,124.09965539999999
197,315_STEAM_4,1,12.0,124.09965539999999
197,315_STEAM_5,1,12.0,124.09965539999999
197,315_CT_6,1,55.0,31.8557679
197,315_CT_7,1,55.0,31.8557679
197,315_CT_8,1,55.0,31.8557679
197,316_STEAM_1,1,155.0,27.274698980000004
197,318_CC_1,1,355.0,31.529241419999998
197,321_CC_1,1,355.0,33.94709226
197,322_CT_5,1,55.0,27.89469072
197,322_CT_6,1,55.0,27.89469072
197,323_CC_1,1,355.0,31.727489639999995
197,323_CC_2,1,355.0,31.727489639999995
197,322_HYDRO_1,1,8.758,0.0
197,322_HYDRO_2,1,8.758,0.0
197,322_HYDRO_3,1,8.758,0.0
197,322_HYDRO_4,1,8.758,0.0
197,320_PV_1,1,0.0,0.0
197,314_PV_1,1,0.0,0.0
197,314_PV_2,1,0.0,0.0
197,313_PV_1,1,0.0,0.0
197,314_PV_3,1,0.0,0.0
197,314_PV_4,1,0.0,0.0
197,313_PV_2,1,0.0,0.0
197,310_PV_1,1,0.0,0.0
197,324_PV_1,1,0.0,0.0
197,312_PV_1,1,0.0,0.0
197,310_PV_2,1,0.0,0.0
197,324_PV_2,1,0.0,0.0
197,324_PV_3,1,0.0,0.0
197,319_PV_1,1,0.0,0.0
197,308_RTPV_1,1,0.0,0.0
197,313_RTPV_1,1,0.0,0.0
197,313_RTPV_2,1,0.0,0.0
197,313_RTPV_3,1,0.0,0.0
197,313_RTPV_4,1,0.0,0.0
197,313_RTPV_5,1,0.0,0.0
197,313_RTPV_6,1,0.0,0.0
197,313_RTPV_7,1,0.0,0.0
197,313_RTPV_8,1,0.0,0.0
197,313_RTPV_9,1,0.0,0.0
197,313_RTPV_10,1,0.0,0.0
197,313_RTPV_11,1,0.0,0.0
197,313_RTPV_12,1,0.0,0.0
197,320_RTPV_1,1,0.0,0.0
197,320_RTPV_2,1,0.0,0.0
197,320_RTPV_3,1,0.0,0.0
197,313_RTPV_13,1,0.0,0.0
197,320_RTPV_4,1,0.0,0.0
197,320_RTPV_5,1,0.0,0.0
197,320_RTPV_6,1,0.0,0.0
197,309_WIND_1,1,0.9,0.0
197,317_WIND_1,1,63.4,0.0
197,303_WIND_1,1,72.0,0.0
198,301_CT_1,1,20.0,105.3672414
198,301_CT_2,1,20.0,105.3672414
198,301_CT_3,1,55.0,43.742886659999996
198,301_CT_4,1,55.0,43.742886659999996
198,302_CT_1,1,20.0,105.3672414
198,302_CT_2,1,20.0,105.3672414
198,302_CT_3,1,55.0,38.635079579999996
198,302_CT_4,1,55.0,38.635079579999996
198,307_CT_1,1,55.0,35.47476972
198,307_CT_2,1,55.0,35.47476972
198,313_CC_1,1,355.0,33.75273126
198,315_STEAM_1,1,12.0,124.09965539999999
198,315_STEAM_2,1,12.0,124.09965539999999
198,315_STEAM_3,1,12.0,124.09965539999999
198,315_STEAM_4,1,12.0,124.09965539999999
198,315_STEAM_5,1,12.0,124.09965539999999
198,315_CT_6,1,55.0,31.8557679
198,315_CT_7,1,55.0,31.8557679
198,315_CT_8,1,55.0,31.8557679
198,316_STEAM_1,1,155.0,27.274698980000004
198,318_CC_1,1,355.0,31.529241419999998
198,321_CC_1,1,355.0,33.94709226
198,322_CT_5,1,55.0,27.89469072
198,322_CT_6,1,55.0,27.89469072
198,323_CC_1,1,355.0,31.727489639999995
198,323_CC_2,1,355.0,31.727489639999995
198,322_HYDRO_1,1,8.95,0.0
198,322_HYDRO_2,1,8.95,0.0
198,322_HYDRO_3,1,8.95,0.0
198,322_HYDRO_4,1,8.95,0.0
198,320_PV_1,1,0.0,0.0
198,314_PV_1,1,0.0,0.0
198,314_PV_2,1,0.0,0.0
198,313_PV_1,1,0.0,0.0
198,314_PV_3,1,0.0,0.0
198,314_PV_4,1,0.0,0.0
198,313_PV_2,1,0.0,0.0
198,310_PV_1,1,0.0,0.0
198,324_PV_1,1,0.0,0.0
198,312_PV_1,1,0.0,0.0
198,310_PV_2,1,0.0,0.0
198,324_PV_2,1,0.0,0.0
198,324_PV_3,1,0.0,0.0
198,319_PV_1,1,0.0,0.0
198,308_RTPV_1,1,0.0,0.0
198,313_RTPV_1,1,0.0,0.0
198,313_RTPV_2,1,0.0,0.0
198,313_RTPV_3,1,0.0,0.0
198,313_RTPV_4,1,0.0,0.0
198,313_RTPV_5,1,0.0,0.0
198,313_RTPV_6,1,0.0,0.0
198,313_RTPV_7,1,0.0,0.0
198,313_RTPV_8,1,0.0,0.0
198,313_RTPV_9,1,0.0,0.0
198,313_RTPV_10,1,0.0,0.0
198,313_RTPV_11,1,0.0,0.0
198,313_RTPV_12,1,0.0,0.0
198,320_RTPV_1,1,0.0,0.0
198,320_RTPV_2,1,0.0,0.0
198,320_RTPV_3,1,0.0,0.0
198,313_RTPV_13,1,0.0,0.0
198,320_RTPV_4,1,0.0,0.0
198,320_RTPV_5,1,0.0,0.0
198,320_RTPV_6,1,0.0,0.0
198,309_WIND_1,1,0.7,0.0
198,317_WIND_1,1,64.1,0.0
198,303_WIND_1,1,73.2,0.0
199,301_CT_1,1,20.0,105.3672414
199,301_CT_2,1,20.0,105.3672414
199,301_CT_3,1,55.0,43.742886659999996
199,301_CT_4,1,55.0,43.742886659999996
199,302_CT_1,1,20.0,105.3672414
199,302_CT_2,1,20.0,105.3672414
199,302_CT_3,1,55.0,38.635079579999996
199,302_CT_4,1,55.0,38.635079579999996
199,307_CT_1,1,55.0,35.47476972
199,307_CT_2,1,55.0,35.47476972
199,313_CC_1,1,355.0,33.75273126
199,315_STEAM_1,1,12.0,124.09965539999999
199,315_STEAM_2,1,12.0,124.09965539999999
199,315_STEAM_3,1,12.0,124.09965539999999
199,315_STEAM_4,1,12.0,124.09965539999999
199,315_STEAM_5,1,12.0,124.09965539999999
199,315_CT_6,1,55.0,31.8557679
199,315_CT_7,1,55.0,31.8557679
199,315_CT_8,1,55.0,31.8557679
199,316_STEAM_1,1,155.0,27.274698980000004
199,318_CC_1,1,355.0,31.529241419999998
199,321_CC_1,1,355.0,33.94709226
199,322_CT_5,1,55.0,27.89469072
199,322_CT_6,1,55.0,27.89469072
199,323_CC_1,1,355.0,31.727489639999995
199,323_CC_2,1,355.0,31.727489639999995
199,322_HYDRO_1,1,9.142000000000001,0.0
199,322_HYDRO_2,1,9.142000000000001,0.0
199,322_HYDRO_3,1,9.142000000000001,0.0
199,322_HYDRO_4,1,9.142000000000001,0.0
199,320_PV_1,1,0.0,0.0
199,314_PV_1,1,0.0,0.0
199,314_PV_2,1,0.0,0.0
199,313_PV_1,1,0.0,0.0
199,314_PV_3,1,0.0,0.0
199,314_PV_4,1,0.0,0.0
199,313_PV_2,1,0.0,0.0
199,310_PV_1,1,0.0,0.0
199,324_PV_1,1,0.0,0.0
199,312_PV_1,1,0.0,0.0
199,310_PV_2,1,0.0,0.0
199,324_PV_2,1,0.0,0.0
199,324_PV_3,1,0.0,0.0
199,319_PV_1,1,0.0,0.0
199,308_RTPV_1,1,0.0,0.0
199,313_RTPV_1,1,0.0,0.0
199,313_RTPV_2,1,0.0,0.0
199,313_RTPV_3,1,0.0,0.0
199,313_RTPV_4,1,0.0,0.0
199,313_RTPV_5,1,0.0,0.0
199,313_RTPV_6,1,0.0,0.0
199,313_RTPV_7,1,0.0,0.0
199,313_RTPV_8,1,0.0,0.0
199,313_RTPV_9,1,0.0,0.0
199,313_RTPV_10,1,0.0,0.0
199,313_RTPV_11,1,0.0,0.0
199,313_RTPV_12,1,0.0,0.0
199,320_RTPV_1,1,0.0,0.0
199,320_RTPV_2,1,0.0,0.0
199,320_RTPV_3,1,0.0,0.0
199,313_RTPV_13,1,0.0,0.0
199,320_RTPV_4,1,0.0,0.0
199,320_RTPV_5,1,0.0,0.0
199,320_RTPV_6,1,0.0,0.0
199,309_WIND_1,1,1.1,0.0
199,317_WIND_1,1,61.6,0.0
199,303_WIND_1,1,71.1,0.0
200,301_CT_1,1,20.0,105.3672414
200,301_CT_2,1,20.0,105.3672414
200,301_CT_3,1,55.0,43.742886659999996
200,301_CT_4,1,55.0,43.742886659999996
200,302_CT_1,1,20.0,105.3672414
200,302_CT_2,1,20.0,105.3672414
200,302_CT_3,1,55.0,38.635079579999996
200,302_CT_4,1,55.0,38.635079579999996
200,307_CT_1,1,55.0,35.47476972
200,307_CT_2,1,55.0,35.47476972
200,313_CC_1,1,355.0,33.75273126
200,315_STEAM_1,1,12.0,124.09965539999999
200,315_STEAM_2,1,12.0,124.09965539999999
200,315_STEAM_3,1,12.0,124.09965539999999
200,315_STEAM_4,1,12.0,124.09965539999999
200,315_STEAM_5,1,12.0,124.09965539999999
200,315_CT_6,1,55.0,31.8557679
200,315_CT_7,1,55.0,31.8557679
200,315_CT_8,1,55.0,31.8557679
200,316_STEAM_1,1,155.0,27.274698980000004
200,318_CC_1,1,355.0,31.529241419999998
200,321_CC_1,1,355.0,33.94709226
200,322_CT_5,1,55.0,27.89469072
200,322_CT_6,1,55.0,27.89469072
200,323_CC_1,1,355.0,31.727489639999995
200,323_CC_2,1,355.0,31.727489639999995
200,322_HYDRO_1,1,9.333,0.0
200,322_HYDRO_2,1,9.333,0.0
200,322_HYDRO_3,1,9.333,0.0
200,322_HYDRO_4,1,9.333,0.0
200,320_PV_1,1,0.0,0.0
200,314_PV_1,1,0.0,0.0
200,314_PV_2,1,0.0,0.0
200,313_PV_1,1,0.0,0.0
200,314_PV_3,1,0.0,0.0
200,314_PV_4,1,0.0,0.0
200,313_PV_2,1,0.0,0.0
200,310_PV_1,1,0.0,0.0
200,324_PV_1,1,0.0,0.0
200,312_PV_1,1,0.0,0.0
200,310_PV_2,1,0.0,0.0
200,324_PV_2,1,0.0,0.0
200,324_PV_3,1,0.0,0.0
200,319_PV_1,1,0.0,0.0
200,308_RTPV_1,1,0.0,0.0
200,313_RTPV_1,1,0.0,0.0
200,313_RTPV_2,1,0.0,0.0
200,313_RTPV_3,1,0.0,0.0
200,313_RTPV_4,1,0.0,0.0
200,313_RTPV_5,1,0.0,0.0
200,313_RTPV_6,1,0.0,0.0
200,313_RTPV_7,1,0.0,0.0
200,313_RTPV_8,1,0.0,0.0
200,313_RTPV_9,1,0.0,0.0
200,313_RTPV_10,1,0.0,0.0
200,313_RTPV_11,1,0.0,0.0
200,313_RTPV_12,1,0.0,0.0
200,320_RTPV_1,1,0.0,0.0
200,320_RTPV_2,1,0.0,0.0
200,320_RTPV_3,1,0.0,0.0
200,313_RTPV_13,1,0.0,0.0
200,320_RTPV_4,1,0.0,0.0
200,320_RTPV_5,1,0.0,0.0
200,320_RTPV_6,1,0.0,0.0
200,309_WIND_1,1,1.1,0.0
200,317_WIND_1,1,59.2,0.0
200,303_WIND_1,1,72.5,0.0
201,301_CT_1,1,20.0,105.3672414
201,301_CT_2,1,20.0,105.3672414
201,301_CT_3,1,55.0,43.742886659999996
201,301_CT_4,1,55.0,43.742886659999996
201,302_CT_1,1,20.0,105.3672414
201,302_CT_2,1,20.0,105.3672414
201,302_CT_3,1,55.0,38.635079579999996
201,302_CT_4,1,55.0,38.635079579999996
201,307_CT_1,1,55.0,35.47476972
201,307_CT_2,1,55.0,35.47476972
201,313_CC_1,1,355.0,33.75273126
201,315_STEAM_1,1,12.0,124.09965539999999
201,315_STEAM_2,1,12.0,124.09965539999999
201,315_STEAM_3,1,12.0,124.09965539999999
201,315_STEAM_4,1,12.0,124.09965539999999
201,315_STEAM_5,1,12.0,124.09965539999999
201,315_CT_6,1,55.0,31.8557679
201,315_CT_7,1,55.0,31.8557679
201,315_CT_8,1,55.0,31.8557679
201,316_STEAM_1,1,155.0,27.274698980000004
201,318_CC_1,1,355.0,31.529241419999998
201,321_CC_1,1,355.0,33.94709226
201,322_CT_5,1,55.0,27.89469072
201,322_CT_6,1,55.0,27.89469072
201,323_CC_1,1,355.0,31.727489639999995
201,323_CC_2,1,355.0,31.727489639999995
201,322_HYDRO_1,1,9.525,0.0
201,322_HYDRO_2,1,9.525,0.0
201,322_HYDRO_3,1,9.525,0.0
201,322_HYDRO_4,1,9.525,0.0
201,320_PV_1,1,0.0,0.0
201,314_PV_1,1,0.0,0.0
201,314_PV_2,1,0.0,0.0
201,313_PV_1,1,0.0,0.0
201,314_PV_3,1,0.0,0.0
201,314_PV_4,1,0.0,0.0
201,313_PV_2,1,0.0,0.0
201,310_PV_1,1,0.0,0.0
201,324_PV_1,1,0.0,0.0
201,312_PV_1,1,0.0,0.0
201,310_PV_2,1,0.0,0.0
201,324_PV_2,1,0.0,0.0
201,324_PV_3,1,0.0,0.0
201,319_PV_1,1,0.0,0.0
201,308_RTPV_1,1,0.0,0.0
201,313_RTPV_1,1,0.0,0.0
201,313_RTPV_2,1,0.0,0.0
201,313_RTPV_3,1,0.0,0.0
201,313_RTPV_4,1,0.0,0.0
201,313_RTPV_5,1,0.0,0.0
201,313_RTPV_6,1,0.0,0.0
201,313_RTPV_7,1,0.0,0.0
201,313_RTPV_8,1,0.0,0.0
201,313_RTPV_9,1,0.0,0.0
201,313_RTPV_10,1,0.0,0.0
201,313_RTPV_11,1,0.0,0.0
201,313_RTPV_12,1,0.0,0.0
201,320_RTPV_1,1,0.0,0.0
201,320_RTPV_2,1,0.0,0.0
201,320_RTPV_3,1,0.0,0.0
201,313_RTPV_13,1,0.0,0.0
201,320_RTPV_4,1,0.0,0.0
201,320_RTPV_5,1,0.0,0.0
201,320_RTPV_6,1,0.0,0.0
201,309_WIND_1,1,1.0,0.0
201,317_WIND_1,1,56.5,0.0
201,303_WIND_1,1,73.5,0.0
202,301_CT_1,1,20.0,105.3672414
202,301_CT_2,1,20.0,105.3672414
202,301_CT_3,1,55.0,43.742886659999996
202,301_CT_4,1,55.0,43.742886659999996
202,302_CT_1,1,20.0,105.3672414
202,302_CT_2,1,20.0,105.3672414
202,302_CT_3,1,55.0,38.635079579999996
202,302_CT_4,1,55.0,38.635079579999996
202,307_CT_1,1,55.0,35.47476972
202,307_CT_2,1,55.0,35.47476972
202,313_CC_1,1,355.0,33.75273126
202,315_STEAM_1,1,12.0,124.09965539999999
202,315_STEAM_2,1,12.0,124.09965539999999
202,315_STEAM_3,1,12.0,124.09965539999999
202,315_STEAM_4,1,12.0,124.09965539999999
202,315_STEAM_5,1,12.0,124.09965539999999
202,315_CT_6,1,55.0,31.8557679
202,315_CT_7,1,55.0,31.8557679
202,315_CT_8,1,55.0,31.8557679
202,316_STEAM_1,1,155.0,27.274698980000004
202,318_CC_1,1,355.0,31.529241419999998
202,321_CC_1,1,355.0,33.94709226
202,322_CT_5,1,55.0,27.89469072
202,322_CT_6,1,55.0,27.89469072
202,323_CC_1,1,355.0,31.727489639999995
202,323_CC_2,1,355.0,31.727489639999995
202,322_HYDRO_1,1,9.717,0.0
202,322_HYDRO_2,1,9.717,0.0
202,322_HYDRO_3,1,9.717,0.0
202,322_HYDRO_4,1,9.717,0.0
202,320_PV_1,1,0.0,0.0
202,314_PV_1,1,0.0,0.0
202,314_PV_2,1,0.0,0.0
202,313_PV_1,1,0.0,0.0
202,314_PV_3,1,0.0,0.0
202,314_PV_4,1,0.0,0.0
202,313_PV_2,1,0.0,0.0
202,310_PV_1,1,0.0,0.0
202,324_PV_1,1,0.0,0.0
202,312_PV_1,1,0.0,0.0
202,310_PV_2,1,0.0,0.0
202,324_PV_2,1,0.0,0.0
202,324_PV_3,1,0.0,0.0
202,319_PV_1,1,0.0,0.0
202,308_RTPV_1,1,0.0,0.0
202,313_RTPV_1,1,0.0,0.0
202,313_RTPV_2,1,0.0,0.0
202,313_RTPV_3,1,0.0,0.0
202,313_RTPV_4,1,0.0,0.0
202,313_RTPV_5,1,0.0,0.0
202,313_RTPV_6,1,0.0,0.0
202,313_RTPV_7,1,0.0,0.0
202,313_RTPV_8,1,0.0,0.0
202,313_RTPV_9,1,0.0,0.0
202,313_RTPV_10,1,0.0,0.0
202,313_RTPV_11,1,0.0,0.0
202,313_RTPV_12,1,0.0,0.0
202,320_RTPV_1,1,0.0,0.0
202,320_RTPV_2,1,0.0,0.0
202,320_RTPV_3,1,0.0,0.0
202,313_RTPV_13,1,0.0,0.0
202,320_RTPV_4,1,0.0,0.0
202,320_RTPV_5,1,0.0,0.0
202,320_RTPV_6,1,0.0,0.0
202,309_WIND_1,1,1.6,0.0
202,317_WIND_1,1,53.0,0.0
202,303_WIND_1,1,64.0,0.0
203,301_CT_1,1,20.0,105.3672414
203,301_CT_2,1,20.0,105.3672414
203,301_CT_3,1,55.0,43.742886659999996
203,301_CT_4,1,55.0,43.742886659999996
203,302_CT_1,1,20.0,105.3672414
203,302_CT_2,1,20.0,105.3672414
203,302_CT_3,1,55.0,38.635079579999996
203,302_CT_4,1,55.0,38.635079579999996
203,307_CT_1,1,55.0,35.47476972
203,307_CT_2,1,55.0,35.47476972
203,313_CC_1,1,355.0,33.75273126
203,315_STEAM_1,1,12.0,124.09965539999999
203,315_STEAM_2,1,12.0,124.09965539999999
203,315_STEAM_3,1,12.0,124.09965539999999
203,315_STEAM_4,1,12.0,124.09965539999999
203,315_STEAM_5,1,12.0,124.09965539999999
203,315_CT_6,1,55.0,31.8557679
203,315_CT_7,1,55.0,31.8557679
203,315_CT_8,1,55.0,31.8557679
203,316_STEAM_1,1,155.0,27.274698980000004
203,318_CC_1,1,355.0,31.529241419999998
203,321_CC_1,1,355.0,33.94709226
203,322_CT_5,1,55.0,27.89469072
203,322_CT_6,1,55.0,27.89469072
203,323_CC_1,1,355.0,31.727489639999995
203,323_CC_2,1,355.0,31.727489639999995
203,322_HYDRO_1,1,9.908,0.0
203,322_HYDRO_2,1,9.908,0.0
203,322_HYDRO_3,1,9.908,0.0
203,322_HYDRO_4,1,9.908,0.0
203,320_PV_1,1,0.0,0.0
203,314_PV_1,1,0.0,0.0
203,314_PV_2,1,0.0,0.0
203,313_PV_1,1,0.0,0.0
203,314_PV_3,1,0.0,0.0
203,314_PV_4,1,0.0,0.0
203,313_PV_2,1,0.0,0.0
203,310_PV_1,1,0.0,0.0
203,324_PV_1,1,0.0,0.0
203,312_PV_1,1,0.0,0.0
203,310_PV_2,1,0.0,0.0
203,324_PV_2,1,0.0,0.0
203,324_PV_3,1,0.0,0.0
203,319_PV_1,1,0.0,0.0
203,308_RTPV_1,1,0.0,0.0
203,313_RTPV_1,1,0.0,0.0
203,313_RTPV_2,1,0.0,0.0
203,313_RTPV_3,1,0.0,0.0
203,313_RTPV_4,1,0.0,0.0
203,313_RTPV_5,1,0.0,0.0
203,313_RTPV_6,1,0.0,0.0
203,313_RTPV_7,1,0.0,0.0
203,313_RTPV_8,1,0.0,0.0
203,313_RTPV_9,1,0.0,0.0
203,313_RTPV_10,1,0.0,0.0
203,313_RTPV_11,1,0.0,0.0
203,313_RTPV_12,1,0.0,0.0
203,320_RTPV_1,1,0.0,0.0
203,320_RTPV_2,1,0.0,0.0
203,320_RTPV_3,1,0.0,0.0
203,313_RTPV_13,1,0.0,0.0
203,320_RTPV_4,1,0.0,0.0
203,320_RTPV_5,1,0.0,0.0
203,320_RTPV_6,1,0.0,0.0
203,309_WIND_1,1,0.9,0.0
203,317_WIND_1,1,54.8,0.0
203,303_WIND_1,1,62.0,0.0
204,301_CT_1,1,20.0,105.3672414
204,301_CT_2,1,20.0,105.3672414
204,301_CT_3,1,55.0,43.742886659999996
204,301_CT_4,1,55.0,43.742886659999996
204,302_CT_1,1,20.0,105.3672414
204,302_CT_2,1,20.0,105.3672414
204,302_CT_3,1,55.0,38.635079579999996
204,302_CT_4,1,55.0,38.635079579999996
204,307_CT_1,1,55.0,35.47476972
204,307_CT_2,1,55.0,35.47476972
204,313_CC_1,1,355.0,33.75273126
204,315_STEAM_1,1,12.0,124.09965539999999
204,315_STEAM_2,1,12.0,124.09965539999999
204,315_STEAM_3,1,12.0,124.09965539999999
204,315_STEAM_4,1,12.0,124.09965539999999
204,315_STEAM_5,1,12.0,124.09965539999999
204,315_CT_6,1,55.0,31.8557679
204,315_CT_7,1,55.0,31.8557679
204,315_CT_8,1,55.0,31.8557679
204,316_STEAM_1,1,155.0,27.274698980000004
204,318_CC_1,1,355.0,31.529241419999998
204,321_CC_1,1,355.0,33.94709226
204,322_CT_5,1,55.0,27.89469072
204,322_CT_6,1,55.0,27.89469072
204,323_CC_1,1,355.0,31.727489639999995
204,323_CC_2,1,355.0,31.727489639999995
204,322_HYDRO_1,1,10.1,0.0
204,322_HYDRO_2,1,10.1,0.0
204,322_HYDRO_3,1,10.1,0.0
204,322_HYDRO_4,1,10.1,0.0
204,320_PV_1,1,0.0,0.0
204,314_PV_1,1,0.0,0.0
204,314_PV_2,1,0.0,0.0
204,313_PV_1,1,0.0,0.0
204,314_PV_3,1,0.0,0.0
204,314_PV_4,1,0.0,0.0
204,313_PV_2,1,0.0,0.0
204,310_PV_1,1,0.0,0.0
204,324_PV_1,1,0.0,0.0
204,312_PV_1,1,0.0,0.0
204,310_PV_2,1,0.0,0.0
204,324_PV_2,1,0.0,0.0
204,324_PV_3,1,0.0,0.0
204,319_PV_1,1,0.0,0.0
204,308_RTPV_1,1,0.0,0.0
204,313_RTPV_1,1,0.0,0.0
204,313_RTPV_2,1,0.0,0.0
204,313_RTPV_3,1,0.0,0.0
204,313_RTPV_4,1,0.0,0.0
204,313_RTPV_5,1,0.0,0.0
204,313_RTPV_6,1,0.0,0.0
204,313_RTPV_7,1,0.0,0.0
204,313_RTPV_8,1,0.0,0.0
204,313_RTPV_9,1,0.0,0.0
204,313_RTPV_10,1,0.0,0.0
204,313_RTPV_11,1,0.0,0.0
204,313_RTPV_12,1,0.0,0.0
204,320_RTPV_1,1,0.0,0.0
204,320_RTPV_2,1,0.0,0.0
204,320_RTPV_3,1,0.0,0.0
204,313_RTPV_13,1,0.0,0.0
204,320_RTPV_4,1,0.0,0.0
204,320_RTPV_5,1,0.0,0.0
204,320_RTPV_6,1,0.0,0.0
204,309_WIND_1,1,0.8,0.0
204,317_WIND_1,1,54.4,0.0
204,303_WIND_1,1,63.0,0.0
205,301_CT_1,1,20.0,105.3672414
205,301_CT_2,1,20.0,105.3672414
205,301_CT_3,1,55.0,43.742886659999996
205,301_CT_4,1,55.0,43.742886659999996
205,302_CT_1,1,20.0,105.3672414
205,302_CT_2,1,20.0,105.3672414
205,302_CT_3,1,55.0,38.635079579999996
205,302_CT_4,1,55.0,38.635079579999996
205,307_CT_1,1,55.0,35.47476972
205,307_CT_2,1,55.0,35.47476972
205,313_CC_1,1,355.0,33.75273126
205,315_STEAM_1,1,12.0,124.09965539999999
205,315_STEAM_2,1,12.0,124.09965539999999
205,315_STEAM_3,1,12.0,124.09965539999999
205,315_STEAM_4,1,12.0,124.09965539999999
205,315_STEAM_5,1,12.0,124.09965539999999
205,315_CT_6,1,55.0,31.8557679
205,315_CT_7,1,55.0,31.8557679
205,315_CT_8,1,55.0,31.8557679
205,316_STEAM_1,1,155.0,27.274698980000004
205,318_CC_1,1,355.0,31.529241419999998
205,321_CC_1,1,355.0,33.94709226
205,322_CT_5,1,55.0,27.89469072
205,322_CT_6,1,55.0,27.89469072
205,323_CC_1,1,355.0,31.727489639999995
205,323_CC_2,1,355.0,31.727489639999995
205,322_HYDRO_1,1,10.008,0.0
205,322_HYDRO_2,1,10.008,0.0
205,322_HYDRO_3,1,10.008,0.0
205,322_HYDRO_4,1,10.008,0.0
205,320_PV_1,1,0.0,0.0
205,314_PV_1,1,0.0,0.0
205,314_PV_2,1,0.0,0.0
205,313_PV_1,1,0.0,0.0
205,314_PV_3,1,0.0,0.0
205,314_PV_4,1,0.0,0.0
205,313_PV_2,1,0.0,0.0
205,310_PV_1,1,0.0,0.0
205,324_PV_1,1,0.0,0.0
205,312_PV_1,1,0.0,0.0
205,310_PV_2,1,0.0,0.0
205,324_PV_2,1,0.0,0.0
205,324_PV_3,1,0.0,0.0
205,319_PV_1,1,0.0,0.0
205,308_RTPV_1,1,0.0,0.0
205,313_RTPV_1,1,0.0,0.0
205,313_RTPV_2,1,0.0,0.0
205,313_RTPV_3,1,0.0,0.0
205,313_RTPV_4,1,0.0,0.0
205,313_RTPV_5,1,0.0,0.0
205,313_RTPV_6,1,0.0,0.0
205,313_RTPV_7,1,0.0,0.0
205,313_RTPV_8,1,0.0,0.0
205,313_RTPV_9,1,0.0,0.0
205,313_RTPV_10,1,0.0,0.0
205,313_RTPV_11,1,0.0,0.0
205,313_RTPV_12,1,0.0,0.0
205,320_RTPV_1,1,0.0,0.0
205,320_RTPV_2,1,0.0,0.0
205,320_RTPV_3,1,0.0,0.0
205,313_RTPV_13,1,0.0,0.0
205,320_RTPV_4,1,0.0,0.0
205,320_RTPV_5,1,0.0,0.0
205,320_RTPV_6,1,0.0,0.0
205,309_WIND_1,1,1.3,0.0
205,317_WIND_1,1,52.3,0.0
205,303_WIND_1,1,66.2,0.0
206,301_CT_1,1,20.0,105.3672414
206,301_CT_2,1,20.0,105.3672414
206,301_CT_3,1,55.0,43.742886659999996
206,301_CT_4,1,55.0,43.742886659999996
206,302_CT_1,1,20.0,105.3672414
206,302_CT_2,1,20.0,105.3672414
206,302_CT_3,1,55.0,38.635079579999996
206,302_CT_4,1,55.0,38.635079579999996
206,307_CT_1,1,55.0,35.47476972
206,307_CT_2,1,55.0,35.47476972
206,313_CC_1,1,355.0,33.75273126
206,315_STEAM_1,1,12.0,124.09965539999999
206,315_STEAM_2,1,12.0,124.09965539999999
206,315_STEAM_3,1,12.0,124.09965539999999
206,315_STEAM_4,1,12.0,124.09965539999999
206,315_STEAM_5,1,12.0,124.09965539999999
206,315_CT_6,1,55.0,31.8557679
206,315_CT_7,1,55.0,31.8557679
206,315_CT_8,1,55.0,31.8557679
206,316_STEAM_1,1,155.0,27.274698980000004
206,318_CC_1,1,355.0,31.529241419999998
206,321_CC_1,1,355.0,33.94709226
206,322_CT_5,1,55.0,27.89469072
206,322_CT_6,1,55.0,27.89469072
206,323_CC_1,1,355.0,31.727489639999995
206,323_CC_2,1,355.0,31.727489639999995
206,322_HYDRO_1,1,9.917,0.0
206,322_HYDRO_2,1,9.917,0.0
206,322_HYDRO_3,1,9.917,0.0
206,322_HYDRO_4,1,9.917,0.0
206,320_PV_1,1,0.0,0.0
206,314_PV_1,1,0.0,0.0
206,314_PV_2,1,0.0,0.0
206,313_PV_1,1,0.0,0.0
206,314_PV_3,1,0.0,0.0
206,314_PV_4,1,0.0,0.0
206,313_PV_2,1,0.0,0.0
206,310_PV_1,1,0.0,0.0
206,324_PV_1,1,0.0,0.0
206,312_PV_1,1,0.0,0.0
206,310_PV_2,1,0.0,0.0
206,324_PV_2,1,0.0,0.0
206,324_PV_3,1,0.0,0.0
206,319_PV_1,1,0.0,0.0
206,308_RTPV_1,1,0.0,0.0
206,313_RTPV_1,1,0.0,0.0
206,313_RTPV_2,1,0.0,0.0
206,313_RTPV_3,1,0.0,0.0
206,313_RTPV_4,1,0.0,0.0
206,313_RTPV_5,1,0.0,0.0
206,313_RTPV_6,1,0.0,0.0
206,313_RTPV_7,1,0.0,0.0
206,313_RTPV_8,1,0.0,0.0
206,313_RTPV_9,1,0.0,0.0
206,313_RTPV_10,1,0.0,0.0
206,313_RTPV_11,1,0.0,0.0
206,313_RTPV_12,1,0.0,0.0
206,320_RTPV_1,1,0.0,0.0
206,320_RTPV_2,1,0.0,0.0
206,320_RTPV_3,1,0.0,0.0
206,313_RTPV_13,1,0.0,0.0
206,320_RTPV_4,1,0.0,0.0
206,320_RTPV_5,1,0.0,0.0
206,320_RTPV_6,1,0.0,0.0
206,309_WIND_1,1,1.0,0.0
206,317_WIND_1,1,48.9,0.0
206,303_WIND_1,1,60.3,0.0
207,301_CT_1,1,20.0,105.3672414
207,301_CT_2,1,20.0,105.3672414
207,301_CT_3,1,55.0,43.742886659999996
207,301_CT_4,1,55.0,43.742886659999996
207,302_CT_1,1,20.0,105.3672414
207,302_CT_2,1,20.0,105.3672414
207,302_CT_3,1,55.0,38.635079579999996
207,302_CT_4,1,55.0,38.635079579999996
207,307_CT_1,1,55.0,35.47476972
207,307_CT_2,1,55.0,35.47476972
207,313_CC_1,1,355.0,33.75273126
207,315_STEAM_1,1,12.0,124.09965539999999
207,315_STEAM_2,1,12.0,124.09965539999999
207,315_STEAM_3,1,12.0,124.09965539999999
207,315_STEAM_4,1,12.0,124.09965539999999
207,315_STEAM_5,1,12.0,124.09965539999999
207,315_CT_6,1,55.0,31.8557679
207,315_CT_7,1,55.0,31.8557679
207,315_CT_8,1,55.0,31.8557679
207,316_STEAM_1,1,155.0,27.274698980000004
207,318_CC_1,1,355.0,31.529241419999998
207,321_CC_1,1,355.0,33.94709226
207,322_CT_5,1,55.0,27.89469072
207,322_CT_6,1,55.0,27.89469072
207,323_CC_1,1,355.0,31.727489639999995
207,323_CC_2,1,355.0,31.727489639999995
207,322_HYDRO_1,1,9.825,0.0
207,322_HYDRO_2,1,9.825,0.0
207,322_HYDRO_3,1,9.825,0.0
207,322_HYDRO_4,1,9.825,0.0
207,320_PV_1,1,0.0,0.0
207,314_PV_1,1,0.0,0.0
207,314_PV_2,1,0.0,0.0
207,313_PV_1,1,0.0,0.0
207,314_PV_3,1,0.0,0.0
207,314_PV_4,1,0.0,0.0
207,313_PV_2,1,0.0,0.0
207,310_PV_1,1,0.0,0.0
207,324_PV_1,1,0.0,0.0
207,312_PV_1,1,0.0,0.0
207,310_PV_2,1,0.0,0.0
207,324_PV_2,1,0.0,0.0
207,324_PV_3,1,0.0,0.0
207,319_PV_1,1,0.0,0.0
207,308_RTPV_1,1,0.0,0.0
207,313_RTPV_1,1,0.0,0.0
207,313_RTPV_2,1,0.0,0.0
207,313_RTPV_3,1,0.0,0.0
207,313_RTPV_4,1,0.0,0.0
207,313_RTPV_5,1,0.0,0.0
207,313_RTPV_6,1,0.0,0.0
207,313_RTPV_7,1,0.0,0.0
207,313_RTPV_8,1,0.0,0.0
207,313_RTPV_9,1,0.0,0.0
207,313_RTPV_10,1,0.0,0.0
207,313_RTPV_11,1,0.0,0.0
207,313_RTPV_12,1,0.0,0.0
207,320_RTPV_1,1,0.0,0.0
207,320_RTPV_2,1,0.0,0.0
207,320_RTPV_3,1,0.0,0.0
207,313_RTPV_13,1,0.0,0.0
207,320_RTPV_4,1,0.0,0.0
207,320_RTPV_5,1,0.0,0.0
207,320_RTPV_6,1,0.0,0.0
207,309_WIND_1,1,0.8,0.0
207,317_WIND_1,1,49.5,0.0
207,303_WIND_1,1,49.9,0.0
208,301_CT_1,1,20.0,105.3672414
208,301_CT_2,1,20.0,105.3672414
208,301_CT_3,1,55.0,43.742886659999996
208,301_CT_4,1,55.0,43.742886659999996
208,302_CT_1,1,20.0,105.3672414
208,302_CT_2,1,20.0,105.3672414
208,302_CT_3,1,55.0,38.635079579999996
208,302_CT_4,1,55.0,38.635079579999996
208,307_CT_1,1,55.0,35.47476972
208,307_CT_2,1,55.0,35.47476972
208,313_CC_1,1,355.0,33.75273126
208,315_STEAM_1,1,12.0,124.09965539999999
208,315_STEAM_2,1,12.0,124.09965539999999
208,315_STEAM_3,1,12.0,124.09965539999999
208,315_STEAM_4,1,12.0,124.09965539999999
208,315_STEAM_5,1,12.0,124.09965539999999
208,315_CT_6,1,55.0,31.8557679
208,315_CT_7,1,55.0,31.8557679
208,315_CT_8,1,55.0,31.8557679
208,316_STEAM_1,1,155.0,27.274698980000004
208,318_CC_1,1,355.0,31.529241419999998
208,321_CC_1,1,355.0,33.94709226
208,322_CT_5,1,55.0,27.89469072
208,322_CT_6,1,55.0,27.89469072
208,323_CC_1,1,355.0,31.727489639999995
208,323_CC_2,1,355.0,31.727489639999995
208,322_HYDRO_1,1,9.732999999999999,0.0
208,322_HYDRO_2,1,9.732999999999999,0.0
208,322_HYDRO_3,1,9.732999999999999,0.0
208,322_HYDRO_4,1,9.732999999999999,0.0
208,320_PV_1,1,0.0,0.0
208,314_PV_1,1,0.0,0.0
208,314_PV_2,1,0.0,0.0
208,313_PV_1,1,0.0,0.0
208,314_PV_3,1,0.0,0.0
208,314_PV_4,1,0.0,0.0
208,313_PV_2,1,0.0,0.0
208,310_PV_1,1,0.0,0.0
208,324_PV_1,1,0.0,0.0
208,312_PV_1,1,0.0,0.0
208,310_PV_2,1,0.0,0.0
208,324_PV_2,1,0.0,0.0
208,324_PV_3,1,0.0,0.0
208,319_PV_1,1,0.0,0.0
208,308_RTPV_1,1,0.0,0.0
208,313_RTPV_1,1,0.0,0.0
208,313_RTPV_2,1,0.0,0.0
208,313_RTPV_3,1,0.0,0.0
208,313_RTPV_4,1,0.0,0.0
208,313_RTPV_5,1,0.0,0.0
208,313_RTPV_6,1,0.0,0.0
208,313_RTPV_7,1,0.0,0.0
208,313_RTPV_8,1,0.0,0.0
208,313_RTPV_9,1,0.0,0.0
208,313_RTPV_10,1,0.0,0.0
208,313_RTPV_11,1,0.0,0.0
208,313_RTPV_12,1,0.0,0.0
208,320_RTPV_1,1,0.0,0.0
208,320_RTPV_2,1,0.0,0.0
208,320_RTPV_3,1,0.0,0.0
208,313_RTPV_13,1,0.0,0.0
208,320_RTPV_4,1,0.0,0.0
208,320_RTPV_5,1,0.0,0.0
208,320_RTPV_6,1,0.0,0.0
208,309_WIND_1,1,0.8,0.0
208,317_WIND_1,1,47.9,0.0
208,303_WIND_1,1,47.4,0.0
209,301_CT_1,1,20.0,105.3672414
209,301_CT_2,1,20.0,105.3672414
209,301_CT_3,1,55.0,43.742886659999996
209,301_CT_4,1,55.0,43.742886659999996
209,302_CT_1,1,20.0,105.3672414
209,302_CT_2,1,20.0,105.3672414
209,302_CT_3,1,55.0,38.635079579999996
209,302_CT_4,1,55.0,38.635079579999996
209,307_CT_1,1,55.0,35.47476972
209,307_CT_2,1,55.0,35.47476972
209,313_CC_1,1,355.0,33.75273126
209,315_STEAM_1,1,12.0,124.09965539999999
209,315_STEAM_2,1,12.0,124.09965539999999
209,315_STEAM_3,1,12.0,124.09965539999999
209,315_STEAM_4,1,12.0,124.09965539999999
209,315_STEAM_5,1,12.0,124.09965539999999
209,315_CT_6,1,55.0,31.8557679
209,315_CT_7,1,55.0,31.8557679
209,315_CT_8,1,55.0,31.8557679
209,316_STEAM_1,1,155.0,27.274698980000004
209,318_CC_1,1,355.0,31.529241419999998
209,321_CC_1,1,355.0,33.94709226
209,322_CT_5,1,55.0,27.89469072
209,322_CT_6,1,55.0,27.89469072
209,323_CC_1,1,355.0,31.727489639999995
209,323_CC_2,1,355.0,31.727489639999995
209,322_HYDRO_1,1,9.642000000000001,0.0
209,322_HYDRO_2,1,9.642000000000001,0.0
209,322_HYDRO_3,1,9.642000000000001,0.0
209,322_HYDRO_4,1,9.642000000000001,0.0
209,320_PV_1,1,0.0,0.0
209,314_PV_1,1,0.0,0.0
209,314_PV_2,1,0.0,0.0
209,313_PV_1,1,0.0,0.0
209,314_PV_3,1,0.0,0.0
209,314_PV_4,1,0.0,0.0
209,313_PV_2,1,0.0,0.0
209,310_PV_1,1,0.0,0.0
209,324_PV_1,1,0.0,0.0
209,312_PV_1,1,0.0,0.0
209,310_PV_2,1,0.0,0.0
209,324_PV_2,1,0.0,0.0
209,324_PV_3,1,0.0,0.0
209,319_PV_1,1,0.0,0.0
209,308_RTPV_1,1,0.0,0.0
209,313_RTPV_1,1,0.0,0.0
209,313_RTPV_2,1,0.0,0.0
209,313_RTPV_3,1,0.0,0.0
209,313_RTPV_4,1,0.0,0.0
209,313_RTPV_5,1,0.0,0.0
209,313_RTPV_6,1,0.0,0.0
209,313_RTPV_7,1,0.0,0.0
209,313_RTPV_8,1,0.0,0.0
209,313_RTPV_9,1,0.0,0.0
209,313_RTPV_10,1,0.0,0.0
209,313_RTPV_11,1,0.0,0.0
209,313_RTPV_12,1,0.0,0.0
209,320_RTPV_1,1,0.0,0.0
209,320_RTPV_2,1,0.0,0.0
209,320_RTPV_3,1,0.0,0.0
209,313_RTPV_13,1,0.0,0.0
209,320_RTPV_4,1,0.0,0.0
209,320_RTPV_5,1,0.0,0.0
209,320_RTPV_6,1,0.0,0.0
209,309_WIND_1,1,0.5,0.0
209,317_WIND_1,1,43.9,0.0
209,303_WIND_1,1,43.1,0.0
210,301_CT_1,1,20.0,105.3672414
210,301_CT_2,1,20.0,105.3672414
210,301_CT_3,1,55.0,43.742886659999996
210,301_CT_4,1,55.0,43.742886659999996
210,302_CT_1,1,20.0,105.3672414
210,302_CT_2,1,20.0,105.3672414
210,302_CT_3,1,55.0,38.635079579999996
210,302_CT_4,1,55.0,38.635079579999996
210,307_CT_1,1,55.0,35.47476972
210,307_CT_2,1,55.0,35.47476972
210,313_CC_1,1,355.0,33.75273126
210,315_STEAM_1,1,12.0,124.09965539999999
210,315_STEAM_2,1,12.0,124.09965539999999
210,315_STEAM_3,1,12.0,124.09965539999999
210,315_STEAM_4,1,12.0,124.09965539999999
210,315_STEAM_5,1,12.0,124.09965539999999
210,315_CT_6,1,55.0,31.8557679
210,315_CT_7,1,55.0,31.8557679
210,315_CT_8,1,55.0,31.8557679
210,316_STEAM_1,1,155.0,27.274698980000004
210,318_CC_1,1,355.0,31.529241419999998
210,321_CC_1,1,355.0,33.94709226
210,322_CT_5,1,55.0,27.89469072
210,322_CT_6,1,55.0,27.89469072
210,323_CC_1,1,355.0,31.727489639999995
210,323_CC_2,1,355.0,31.727489639999995
210,322_HYDRO_1,1,9.55,0.0
210,322_HYDRO_2,1,9.55,0.0
210,322_HYDRO_3,1,9.55,0.0
210,322_HYDRO_4,1,9.55,0.0
210,320_PV_1,1,0.0,0.0
210,314_PV_1,1,0.0,0.0
210,314_PV_2,1,0.0,0.0
210,313_PV_1,1,0.0,0.0
210,314_PV_3,1,0.0,0.0
210,314_PV_4,1,0.0,0.0
210,313_PV_2,1,0.0,0.0
210,310_PV_1,1,0.0,0.0
210,324_PV_1,1,0.0,0.0
210,312_PV_1,1,0.0,0.0
210,310_PV_2,1,0.0,0.0
210,324_PV_2,1,0.0,0.0
210,324_PV_3,1,0.0,0.0
210,319_PV_1,1,0.0,0.0
210,308_RTPV_1,1,0.0,0.0
210,313_RTPV_1,1,0.0,0.0
210,313_RTPV_2,1,0.0,0.0
210,313_RTPV_3,1,0.0,0.0
210,313_RTPV_4,1,0.0,0.0
210,313_RTPV_5,1,0.0,0.0
210,313_RTPV_6,1,0.0,0.0
210,313_RTPV_7,1,0.0,0.0
210,313_RTPV_8,1,0.0,0.0
210,313_RTPV_9,1,0.0,0.0
210,313_RTPV_10,1,0.0,0.0
210,313_RTPV_11,1,0.0,0.0
210,313_RTPV_12,1,0.0,0.0
210,320_RTPV_1,1,0.0,0.0
210,320_RTPV_2,1,0.0,0.0
210,320_RTPV_3,1,0.0,0.0
210,313_RTPV_13,1,0.0,0.0
210,320_RTPV_4,1,0.0,0.0
210,320_RTPV_5,1,0.0,0.0
210,320_RTPV_6,1,0.0,0.0
210,309_WIND_1,1,1.5,0.0
210,317_WIND_1,1,45.8,0.0
210,303_WIND_1,1,36.9,0.0
211,301_CT_1,1,20.0,105.3672414
211,301_CT_2,1,20.0,105.3672414
211,301_CT_3,1,55.0,43.742886659999996
211,301_CT_4,1,55.0,43.742886659999996
211,302_CT_1,1,20.0,105.3672414
211,302_CT_2,1,20.0,105.3672414
211,302_CT_3,1,55.0,38.635079579999996
211,302_CT_4,1,55.0,38.635079579999996
211,307_CT_1,1,55.0,35.47476972
211,307_CT_2,1,55.0,35.47476972
211,313_CC_1,1,355.0,33.75273126
211,315_STEAM_1,1,12.0,124.09965539999999
211,315_STEAM_2,1,12.0,124.09965539999999
211,315_STEAM_3,1,12.0,124.09965539999999
211,315_STEAM_4,1,12.0,124.09965539999999
211,315_STEAM_5,1,12.0,124.09965539999999
211,315_CT_6,1,55.0,31.8557679
211,315_CT_7,1,55.0,31.8557679
211,315_CT_8,1,55.0,31.8557679
211,316_STEAM_1,1,155.0,27.274698980000004
211,318_CC_1,1,355.0,31.529241419999998
211,321_CC_1,1,355.0,33.94709226
211,322_CT_5,1,55.0,27.89469072
211,322_CT_6,1,55.0,27.89469072
211,323_CC_1,1,355.0,31.727489639999995
211,323_CC_2,1,355.0,31.727489639999995
211,322_HYDRO_1,1,9.458,0.0
211,322_HYDRO_2,1,9.458,0.0
211,322_HYDRO_3,1,9.458,0.0
211,322_HYDRO_4,1,9.458,0.0
211,320_PV_1,1,0.0,0.0
211,314_PV_1,1,0.0,0.0
211,314_PV_2,1,0.0,0.0
211,313_PV_1,1,0.0,0.0
211,314_PV_3,1,0.0,0.0
211,314_PV_4,1,0.0,0.0
211,313_PV_2,1,0.0,0.0
211,310_PV_1,1,0.0,0.0
211,324_PV_1,1,0.0,0.0
211,312_PV_1,1,0.0,0.0
211,310_PV_2,1,0.0,0.0
211,324_PV_2,1,0.0,0.0
211,324_PV_3,1,0.0,0.0
211,319_PV_1,1,0.0,0.0
211,308_RTPV_1,1,0.0,0.0
211,313_RTPV_1,1,0.0,0.0
211,313_RTPV_2,1,0.0,0.0
211,313_RTPV_3,1,0.0,0.0
211,313_RTPV_4,1,0.0,0.0
211,313_RTPV_5,1,0.0,0.0
211,313_RTPV_6,1,0.0,0.0
211,313_RTPV_7,1,0.0,0.0
211,313_RTPV_8,1,0.0,0.0
211,313_RTPV_9,1,0.0,0.0
211,313_RTPV_10,1,0.0,0.0
211,313_RTPV_11,1,0.0,0.0
211,313_RTPV_12,1,0.0,0.0
211,320_RTPV_1,1,0.0,0.0
211,320_RTPV_2,1,0.0,0.0
211,320_RTPV_3,1,0.0,0.0
211,313_RTPV_13,1,0.0,0.0
211,320_RTPV_4,1,0.0,0.0
211,320_RTPV_5,1,0.0,0.0
211,320_RTPV_6,1,0.0,0.0
211,309_WIND_1,1,1.2,0.0
211,317_WIND_1,1,45.1,0.0
211,303_WIND_1,1,31.5,0.0
212,301_CT_1,1,20.0,105.3672414
212,301_CT_2,1,20.0,105.3672414
212,301_CT_3,1,55.0,43.742886659999996
212,301_CT_4,1,55.0,43.742886659999996
212,302_CT_1,1,20.0,105.3672414
212,302_CT_2,1,20.0,105.3672414
212,302_CT_3,1,55.0,38.635079579999996
212,302_CT_4,1,55.0,38.635079579999996
212,307_CT_1,1,55.0,35.47476972
212,307_CT_2,1,55.0,35.47476972
212,313_CC_1,1,355.0,33.75273126
212,315_STEAM_1,1,12.0,124.09965539999999
212,315_STEAM_2,1,12.0,124.09965539999999
212,315_STEAM_3,1,12.0,124.09965539999999
212,315_STEAM_4,1,12.0,124.09965539999999
212,315_STEAM_5,1,12.0,124.09965539999999
212,315_CT_6,1,55.0,31.8557679
212,315_CT_7,1,55.0,31.8557679
212,315_CT_8,1,55.0,31.8557679
212,316_STEAM_1,1,155.0,27.274698980000004
212,318_CC_1,1,355.0,31.529241419999998
212,321_CC_1,1,355.0,33.94709226
212,322_CT_5,1,55.0,27.89469072
212,322_CT_6,1,55.0,27.89469072
212,323_CC_1,1,355.0,31.727489639999995
212,323_CC_2,1,355.0,31.727489639999995
212,322_HYDRO_1,1,9.367,0.0
212,322_HYDRO_2,1,9.367,0.0
212,322_HYDRO_3,1,9.367,0.0
212,322_HYDRO_4,1,9.367,0.0
212,320_PV_1,1,0.0,0.0
212,314_PV_1,1,0.0,0.0
212,314_PV_2,1,0.0,0.0
212,313_PV_1,1,0.0,0.0
212,314_PV_3,1,0.0,0.0
212,314_PV_4,1,0.0,0.0
212,313_PV_2,1,0.0,0.0
212,310_PV_1,1,0.0,0.0
212,324_PV_1,1,0.0,0.0
212,312_PV_1,1,0.0,0.0
212,310_PV_2,1,0.0,0.0
212,324_PV_2,1,0.0,0.0
212,324_PV_3,1,0.0,0.0
212,319_PV_1,1,0.0,0.0
212,308_RTPV_1,1,0.0,0.0
212,313_RTPV_1,1,0.0,0.0
212,313_RTPV_2,1,0.0,0.0
212,313_RTPV_3,1,0.0,0.0
212,313_RTPV_4,1,0.0,0.0
212,313_RTPV_5,1,0.0,0.0
212,313_RTPV_6,1,0.0,0.0
212,313_RTPV_7,1,0.0,0.0
212,313_RTPV_8,1,0.0,0.0
212,313_RTPV_9,1,0.0,0.0
212,313_RTPV_10,1,0.0,0.0
212,313_RTPV_11,1,0.0,0.0
212,313_RTPV_12,1,0.0,0.0
212,320_RTPV_1,1,0.0,0.0
212,320_RTPV_2,1,0.0,0.0
212,320_RTPV_3,1,0.0,0.0
212,313_RTPV_13,1,0.0,0.0
212,320_RTPV_4,1,0.0,0.0
212,320_RTPV_5,1,0.0,0.0
212,320_RTPV_6,1,0.0,0.0
212,309_WIND_1,1,1.1,0.0
212,317_WIND_1,1,41.3,0.0
212,303_WIND_1,1,28.2,0.0
213,301_CT_1,1,20.0,105.3672414
213,301_CT_2,1,20.0,105.3672414
213,301_CT_3,1,55.0,43.742886659999996
213,301_CT_4,1,55.0,43.742886659999996
213,302_CT_1,1,20.0,105.3672414
213,302_CT_2,1,20.0,105.3672414
213,302_CT_3,1,55.0,38.635079579999996
213,302_CT_4,1,55.0,38.635079579999996
213,307_CT_1,1,55.0,35.47476972
213,307_CT_2,1,55.0,35.47476972
213,313_CC_1,1,355.0,33.75273126
213,315_STEAM_1,1,12.0,124.09965539999999
213,315_STEAM_2,1,12.0,124.09965539999999
213,315_STEAM_3,1,12.0,124.09965539999999
213,315_STEAM_4,1,12.0,124.09965539999999
213,315_STEAM_5,1,12.0,124.09965539999999
213,315_CT_6,1,55.0,31.8557679
213,315_CT_7,1,55.0,31.8557679
213,315_CT_8,1,55.0,31.8557679
213,316_STEAM_1,1,155.0,27.274698980000004
213,318_CC_1,1,355.0,31.529241419999998
213,321_CC_1,1,355.0,33.94709226
213,322_CT_5,1,55.0,27.89469072
213,322_CT_6,1,55.0,27.89469072
213,323_CC_1,1,355.0,31.727489639999995
213,323_CC_2,1,355.0,31.727489639999995
213,322_HYDRO_1,1,9.275,0.0
213,322_HYDRO_2,1,9.275,0.0
213,322_HYDRO_3,1,9.275,0.0
213,322_HYDRO_4,1,9.275,0.0
213,320_PV_1,1,0.0,0.0
213,314_PV_1,1,0.0,0.0
213,314_PV_2,1,0.0,0.0
213,313_PV_1,1,0.0,0.0
213,314_PV_3,1,0.0,0.0
213,314_PV_4,1,0.0,0.0
213,313_PV_2,1,0.0,0.0
213,310_PV_1,1,0.0,0.0
213,324_PV_1,1,0.0,0.0
213,312_PV_1,1,0.0,0.0
213,310_PV_2,1,0.0,0.0
213,324_PV_2,1,0.0,0.0
213,324_PV_3,1,0.0,0.0
213,319_PV_1,1,0.0,0.0
213,308_RTPV_1,1,0.0,0.0
213,313_RTPV_1,1,0.0,0.0
213,313_RTPV_2,1,0.0,0.0
213,313_RTPV_3,1,0.0,0.0
213,313_RTPV_4,1,0.0,0.0
213,313_RTPV_5,1,0.0,0.0
213,313_RTPV_6,1,0.0,0.0
213,313_RTPV_7,1,0.0,0.0
213,313_RTPV_8,1,0.0,0.0
213,313_RTPV_9,1,0.0,0.0
213,313_RTPV_10,1,0.0,0.0
213,313_RTPV_11,1,0.0,0.0
213,313_RTPV_12,1,0.0,0.0
213,320_RTPV_1,1,0.0,0.0
213,320_RTPV_2,1,0.0,0.0
213,320_RTPV_3,1,0.0,0.0
213,313_RTPV_13,1,0.0,0.0
213,320_RTPV_4,1,0.0,0.0
213,320_RTPV_5,1,0.0,0.0
213,320_RTPV_6,1,0.0,0.0
213,309_WIND_1,1,1.2,0.0
213,317_WIND_1,1,41.2,0.0
213,303_WIND_1,1,29.0,0.0
214,301_CT_1,1,20.0,105.3672414
214,301_CT_2,1,20.0,105.3672414
214,301_CT_3,1,55.0,43.742886659999996
214,301_CT_4,1,55.0,43.742886659999996
214,302_CT_1,1,20.0,105.3672414
214,302_CT_2,1,20.0,105.3672414
214,302_CT_3,1,55.0,38.635079579999996
214,302_CT_4,1,55.0,38.635079579999996
214,307_CT_1,1,55.0,35.47476972
214,307_CT_2,1,55.0,35.47476972
214,313_CC_1,1,355.0,33.75273126
214,315_STEAM_1,1,12.0,124.09965539999999
214,315_STEAM_2,1,12.0,124.09965539999999
214,315_STEAM_3,1,12.0,124.09965539999999
214,315_STEAM_4,1,12.0,124.09965539999999
214,315_STEAM_5,1,12.0,124.09965539999999
214,315_CT_6,1,55.0,31.8557679
214,315_CT_7,1,55.0,31.8557679
214,315_CT_8,1,55.0,31.8557679
214,316_STEAM_1,1,155.0,27.274698980000004
214,318_CC_1,1,355.0,31.529241419999998
214,321_CC_1,1,355.0,33.94709226
214,322_CT_5,1,55.0,27.89469072
214,322_CT_6,1,55.0,27.89469072
214,323_CC_1,1,355.0,31.727489639999995
214,323_CC_2,1,355.0,31.727489639999995
214,322_HYDRO_1,1,9.183,0.0
214,322_HYDRO_2,1,9.183,0.0
214,322_HYDRO_3,1,9.183,0.0
214,322_HYDRO_4,1,9.183,0.0
214,320_PV_1,1,0.0,0.0
214,314_PV_1,1,0.0,0.0
214,314_PV_2,1,0.0,0.0
214,313_PV_1,1,0.0,0.0
214,314_PV_3,1,0.0,0.0
214,314_PV_4,1,0.0,0.0
214,313_PV_2,1,0.0,0.0
214,310_PV_1,1,0.0,0.0
214,324_PV_1,1,0.0,0.0
214,312_PV_1,1,0.0,0.0
214,310_PV_2,1,0.0,0.0
214,324_PV_2,1,0.0,0.0
214,324_PV_3,1,0.0,0.0
214,319_PV_1,1,0.0,0.0
214,308_RTPV_1,1,0.0,0.0
214,313_RTPV_1,1,0.0,0.0
214,313_RTPV_2,1,0.0,0.0
214,313_RTPV_3,1,0.0,0.0
214,313_RTPV_4,1,0.0,0.0
214,313_RTPV_5,1,0.0,0.0
214,313_RTPV_6,1,0.0,0.0
214,313_RTPV_7,1,0.0,0.0
214,313_RTPV_8,1,0.0,0.0
214,313_RTPV_9,1,0.0,0.0
214,313_RTPV_10,1,0.0,0.0
214,313_RTPV_11,1,0.0,0.0
214,313_RTPV_12,1,0.0,0.0
214,320_RTPV_1,1,0.0,0.0
214,320_RTPV_2,1,0.0,0.0
214,320_RTPV_3,1,0.0,0.0
214,313_RTPV_13,1,0.0,0.0
214,320_RTPV_4,1,0.0,0.0
214,320_RTPV_5,1,0.0,0.0
214,320_RTPV_6,1,0.0,0.0
214,309_WIND_1,1,1.0,0.0
214,317_WIND_1,1,41.0,0.0
214,303_WIND_1,1,23.7,0.0
215,301_CT_1,1,20.0,105.3672414
215,301_CT_2,1,20.0,105.3672414
215,301_CT_3,1,55.0,43.742886659999996
215,301_CT_4,1,55.0,43.742886659999996
215,302_CT_1,1,20.0,105.3672414
215,302_CT_2,1,20.0,105.3672414
215,302_CT_3,1,55.0,38.635079579999996
215,302_CT_4,1,55.0,38.635079579999996
215,307_CT_1,1,55.0,35.47476972
215,307_CT_2,1,55.0,35.47476972
215,313_CC_1,1,355.0,33.75273126
215,315_STEAM_1,1,12.0,124.09965539999999
215,315_STEAM_2,1,12.0,124.09965539999999
215,315_STEAM_3,1,12.0,124.09965539999999
215,315_STEAM_4,1,12.0,124.09965539999999
215,315_STEAM_5,1,12.0,124.09965539999999
215,315_CT_6,1,55.0,31.8557679
215,315_CT_7,1,55.0,31.8557679
215,315_CT_8,1,55.0,31.8557679
215,316_STEAM_1,1,155.0,27.274698980000004
215,318_CC_1,1,355.0,31.529241419999998
215,321_CC_1,1,355.0,33.94709226
215,322_CT_5,1,55.0,27.89469072
215,322_CT_6,1,55.0,27.89469072
215,323_CC_1,1,355.0,31.727489639999995
215,323_CC_2,1,355.0,31.727489639999995
215,322_HYDRO_1,1,9.092,0.0
215,322_HYDRO_2,1,9.092,0.0
215,322_HYDRO_3,1,9.092,0.0
215,322_HYDRO_4,1,9.092,0.0
215,320_PV_1,1,0.0,0.0
215,314_PV_1,1,0.0,0.0
215,314_PV_2,1,0.0,0.0
215,313_PV_1,1,0.0,0.0
215,314_PV_3,1,0.0,0.0
215,314_PV_4,1,0.0,0.0
215,313_PV_2,1,0.0,0.0
215,310_PV_1,1,0.0,0.0
215,324_PV_1,1,0.0,0.0
215,312_PV_1,1,0.0,0.0
215,310_PV_2,1,0.0,0.0
215,324_PV_2,1,0.0,0.0
215,324_PV_3,1,0.0,0.0
215,319_PV_1,1,0.0,0.0
215,308_RTPV_1,1,0.0,0.0
215,313_RTPV_1,1,0.0,0.0
215,313_RTPV_2,1,0.0,0.0
215,313_RTPV_3,1,0.0,0.0
215,313_RTPV_4,1,0.0,0.0
215,313_RTPV_5,1,0.0,0.0
215,313_RTPV_6,1,0.0,0.0
215,313_RTPV_7,1,0.0,0.0
215,313_RTPV_8,1,0.0,0.0
215,313_RTPV_9,1,0.0,0.0
215,313_RTPV_10,1,0.0,0.0
215,313_RTPV_11,1,0.0,0.0
215,313_RTPV_12,1,0.0,0.0
215,320_RTPV_1,1,0.0,0.0
215,320_RTPV_2,1,0.0,0.0
215,320_RTPV_3,1,0.0,0.0
215,313_RTPV_13,1,0.0,0.0
215,320_RTPV_4,1,0.0,0.0
215,320_RTPV_5,1,0.0,0.0
215,320_RTPV_6,1,0.0,0.0
215,309_WIND_1,1,1.5,0.0
215,317_WIND_1,1,42.7,0.0
215,303_WIND_1,1,22.3,0.0
216,301_CT_1,1,20.0,105.3672414
216,301_CT_2,1,20.0,105.3672414
216,301_CT_3,1,55.0,43.742886659999996
216,301_CT_4,1,55.0,43.742886659999996
216,302_CT_1,1,20.0,105.3672414
216,302_CT_2,1,20.0,105.3672414
216,302_CT_3,1,55.0,38.635079579999996
216,302_CT_4,1,55.0,38.635079579999996
216,307_CT_1,1,55.0,35.47476972
216,307_CT_2,1,55.0,35.47476972
216,313_CC_1,1,355.0,33.75273126
216,315_STEAM_1,1,12.0,124.09965539999999
216,315_STEAM_2,1,12.0,124.09965539999999
216,315_STEAM_3,1,12.0,124.09965539999999
216,315_STEAM_4,1,12.0,124.09965539999999
216,315_STEAM_5,1,12.0,124.09965539999999
216,315_CT_6,1,55.0,31.8557679
216,315_CT_7,1,55.0,31.8557679
216,315_CT_8,1,55.0,31.8557679
216,316_STEAM_1,1,155.0,27.274698980000004
216,318_CC_1,1,355.0,31.529241419999998
216,321_CC_1,1,355.0,33.94709226
216,322_CT_5,1,55.0,27.89469072
216,322_CT_6,1,55.0,27.89469072
216,323_CC_1,1,355.0,31.727489639999995
216,323_CC_2,1,355.0,31.727489639999995
216,322_HYDRO_1,1,9.0,0.0
216,322_HYDRO_2,1,9.0,0.0
216,322_HYDRO_3,1,9.0,0.0
216,322_HYDRO_4,1,9.0,0.0
216,320_PV_1,1,0.0,0.0
216,314_PV_1,1,0.0,0.0
216,314_PV_2,1,0.0,0.0
216,313_PV_1,1,0.0,0.0
216,314_PV_3,1,0.0,0.0
216,314_PV_4,1,0.0,0.0
216,313_PV_2,1,0.0,0.0
216,310_PV_1,1,0.0,0.0
216,324_PV_1,1,0.0,0.0
216,312_PV_1,1,0.0,0.0
216,310_PV_2,1,0.0,0.0
216,324_PV_2,1,0.0,0.0
216,324_PV_3,1,0.0,0.0
216,319_PV_1,1,0.0,0.0
216,308_RTPV_1,1,0.0,0.0
216,313_RTPV_1,1,0.0,0.0
216,313_RTPV_2,1,0.0,0.0
216,313_RTPV_3,1,0.0,0.0
216,313_RTPV_4,1,0.0,0.0
216,313_RTPV_5,1,0.0,0.0
216,313_RTPV_6,1,0.0,0.0
216,313_RTPV_7,1,0.0,0.0
216,313_RTPV_8,1,0.0,0.0
216,313_RTPV_9,1,0.0,0.0
216,313_RTPV_10,1,0.0,0.0
216,313_RTPV_11,1,0.0,0.0
216,313_RTPV_12,1,0.0,0.0
216,320_RTPV_1,1,0.0,0.0
216,320_RTPV_2,1,0.0,0.0
216,320_RTPV_3,1,0.0,0.0
216,313_RTPV_13,1,0.0,0.0
216,320_RTPV_4,1,0.0,0.0
216,320_RTPV_5,1,0.0,0.0
216,320_RTPV_6,1,0.0,0.0
216,309_WIND_1,1,2.0,0.0
216,317_WIND_1,1,44.3,0.0
216,303_WIND_1,1,20.8,0.0
217,301_CT_1,1,20.0,105.3672414
217,301_CT_2,1,20.0,105.3672414
217,301_CT_3,1,55.0,43.742886659999996
217,301_CT_4,1,55.0,43.742886659999996
217,302_CT_1,1,20.0,105.3672414
217,302_CT_2,1,20.0,105.3672414
217,302_CT_3,1,55.0,38.635079579999996
217,302_CT_4,1,55.0,38.635079579999996
217,307_CT_1,1,55.0,35.47476972
217,307_CT_2,1,55.0,35.47476972
217,313_CC_1,1,355.0,33.75273126
217,315_STEAM_1,1,12.0,124.09965539999999
217,315_STEAM_2,1,12.0,124.09965539999999
217,315_STEAM_3,1,12.0,124.09965539999999
217,315_STEAM_4,1,12.0,124.09965539999999
217,315_STEAM_5,1,12.0,124.09965539999999
217,315_CT_6,1,55.0,31.8557679
217,315_CT_7,1,55.0,31.8557679
217,315_CT_8,1,55.0,31.8557679
217,316_STEAM_1,1,155.0,27.274698980000004
217,318_CC_1,1,355.0,31.529241419999998
217,321_CC_1,1,355.0,33.94709226
217,322_CT_5,1,55.0,27.89469072
217,322_CT_6,1,55.0,27.89469072
217,323_CC_1,1,355.0,31.727489639999995
217,323_CC_2,1,355.0,31.727489639999995
217,322_HYDRO_1,1,8.675,0.0
217,322_HYDRO_2,1,8.675,0.0
217,322_HYDRO_3,1,8.675,0.0
217,322_HYDRO_4,1,8.675,0.0
217,320_PV_1,1,0.0,0.0
217,314_PV_1,1,0.0,0.0
217,314_PV_2,1,0.0,0.0
217,313_PV_1,1,0.0,0.0
217,314_PV_3,1,0.0,0.0
217,314_PV_4,1,0.0,0.0
217,313_PV_2,1,0.0,0.0
217,310_PV_1,1,0.0,0.0
217,324_PV_1,1,0.0,0.0
217,312_PV_1,1,0.0,0.0
217,310_PV_2,1,0.0,0.0
217,324_PV_2,1,0.0,0.0
217,324_PV_3,1,0.0,0.0
217,319_PV_1,1,0.0,0.0
217,308_RTPV_1,1,0.0,0.0
217,313_RTPV_1,1,0.0,0.0
217,313_RTPV_2,1,0.0,0.0
217,313_RTPV_3,1,0.0,0.0
217,313_RTPV_4,1,0.0,0.0
217,313_RTPV_5,1,0.0,0.0
217,313_RTPV_6,1,0.0,0.0
217,313_RTPV_7,1,0.0,0.0
217,313_RTPV_8,1,0.0,0.0
217,313_RTPV_9,1,0.0,0.0
217,313_RTPV_10,1,0.0,0.0
217,313_RTPV_11,1,0.0,0.0
217,313_RTPV_12,1,0.0,0.0
217,320_RTPV_1,1,0.0,0.0
217,320_RTPV_2,1,0.0,0.0
217,320_RTPV_3,1,0.0,0.0
217,313_RTPV_13,1,0.0,0.0
217,320_RTPV_4,1,0.0,0.0
217,320_RTPV_5,1,0.0,0.0
217,320_RTPV_6,1,0.0,0.0
217,309_WIND_1,1,1.6,0.0
217,317_WIND_1,1,43.1,0.0
217,303_WIND_1,1,29.0,0.0
218,301_CT_1,1,20.0,105.3672414
218,301_CT_2,1,20.0,105.3672414
218,301_CT_3,1,55.0,43.742886659999996
218,301_CT_4,1,55.0,43.742886659999996
218,302_CT_1,1,20.0,105.3672414
218,302_CT_2,1,20.0,105.3672414
218,302_CT_3,1,55.0,38.635079579999996
218,302_CT_4,1,55.0,38.635079579999996
218,307_CT_1,1,55.0,35.47476972
218,307_CT_2,1,55.0,35.47476972
218,313_CC_1,1,355.0,33.75273126
218,315_STEAM_1,1,12.0,124.09965539999999
218,315_STEAM_2,1,12.0,124.09965539999999
218,315_STEAM_3,1,12.0,124.09965539999999
218,315_STEAM_4,1,12.0,124.09965539999999
218,315_STEAM_5,1,12.0,124.09965539999999
218,315_CT_6,1,55.0,31.8557679
218,315_CT_7,1,55.0,31.8557679
218,315_CT_8,1,55.0,31.8557679
218,316_STEAM_1,1,155.0,27.274698980000004
218,318_CC_1,1,355.0,31.529241419999998
218,321_CC_1,1,355.0,33.94709226
218,322_CT_5,1,55.0,27.89469072
218,322_CT_6,1,55.0,27.89469072
218,323_CC_1,1,355.0,31.727489639999995
218,323_CC_2,1,355.0,31.727489639999995
218,322_HYDRO_1,1,8.35,0.0
218,322_HYDRO_2,1,8.35,0.0
218,322_HYDRO_3,1,8.35,0.0
218,322_HYDRO_4,1,8.35,0.0
218,320_PV_1,1,0.0,0.0
218,314_PV_1,1,0.0,0.0
218,314_PV_2,1,0.0,0.0
218,313_PV_1,1,0.0,0.0
218,314_PV_3,1,0.0,0.0
218,314_PV_4,1,0.0,0.0
218,313_PV_2,1,0.0,0.0
218,310_PV_1,1,0.0,0.0
218,324_PV_1,1,0.0,0.0
218,312_PV_1,1,0.0,0.0
218,310_PV_2,1,0.0,0.0
218,324_PV_2,1,0.0,0.0
218,324_PV_3,1,0.0,0.0
218,319_PV_1,1,0.0,0.0
218,308_RTPV_1,1,0.0,0.0
218,313_RTPV_1,1,0.0,0.0
218,313_RTPV_2,1,0.0,0.0
218,313_RTPV_3,1,0.0,0.0
218,313_RTPV_4,1,0.0,0.0
218,313_RTPV_5,1,0.0,0.0
218,313_RTPV_6,1,0.0,0.0
218,313_RTPV_7,1,0.0,0.0
218,313_RTPV_8,1,0.0,0.0
218,313_RTPV_9,1,0.0,0.0
218,313_RTPV_10,1,0.0,0.0
218,313_RTPV_11,1,0.0,0.0
218,313_RTPV_12,1,0.0,0.0
218,320_RTPV_1,1,0.0,0.0
218,320_RTPV_2,1,0.0,0.0
218,320_RTPV_3,1,0.0,0.0
218,313_RTPV_13,1,0.0,0.0
218,320_RTPV_4,1,0.0,0.0
218,320_RTPV_5,1,0.0,0.0
218,320_RTPV_6,1,0.0,0.0
218,309_WIND_1,1,0.4,0.0
218,317_WIND_1,1,40.3,0.0
218,303_WIND_1,1,26.1,0.0
219,301_CT_1,1,20.0,105.3672414
219,301_CT_2,1,20.0,105.3672414
219,301_CT_3,1,55.0,43.742886659999996
219,301_CT_4,1,55.0,43.742886659999996
219,302_CT_1,1,20.0,105.3672414
219,302_CT_2,1,20.0,105.3672414
219,302_CT_3,1,55.0,38.635079579999996
219,302_CT_4,1,55.0,38.635079579999996
219,307_CT_1,1,55.0,35.47476972
219,307_CT_2,1,55.0,35.47476972
219,313_CC_1,1,355.0,33.75273126
219,315_STEAM_1,1,12.0,124.09965539999999
219,315_STEAM_2,1,12.0,124.09965539999999
219,315_STEAM_3,1,12.0,124.09965539999999
219,315_STEAM_4,1,12.0,124.09965539999999
219,315_STEAM_5,1,12.0,124.09965539999999
219,315_CT_6,1,55.0,31.8557679
219,315_CT_7,1,55.0,31.8557679
219,315_CT_8,1,55.0,31.8557679
219,316_STEAM_1,1,155.0,27.274698980000004
219,318_CC_1,1,355.0,31.529241419999998
219,321_CC_1,1,355.0,33.94709226
219,322_CT_5,1,55.0,27.89469072
219,322_CT_6,1,55.0,27.89469072
219,323_CC_1,1,355.0,31.727489639999995
219,323_CC_2,1,355.0,31.727489639999995
219,322_HYDRO_1,1,8.025,0.0
219,322_HYDRO_2,1,8.025,0.0
219,322_HYDRO_3,1,8.025,0.0
219,322_HYDRO_4,1,8.025,0.0
219,320_PV_1,1,0.0,0.0
219,314_PV_1,1,0.0,0.0
219,314_PV_2,1,0.0,0.0
219,313_PV_1,1,0.0,0.0
219,314_PV_3,1,0.0,0.0
219,314_PV_4,1,0.0,0.0
219,313_PV_2,1,0.0,0.0
219,310_PV_1,1,0.0,0.0
219,324_PV_1,1,0.0,0.0
219,312_PV_1,1,0.0,0.0
219,310_PV_2,1,0.0,0.0
219,324_PV_2,1,0.0,0.0
219,324_PV_3,1,0.0,0.0
219,319_PV_1,1,0.0,0.0
219,308_RTPV_1,1,0.0,0.0
219,313_RTPV_1,1,0.0,0.0
219,313_RTPV_2,1,0.0,0.0
219,313_RTPV_3,1,0.0,0.0
219,313_RTPV_4,1,0.0,0.0
219,313_RTPV_5,1,0.0,0.0
219,313_RTPV_6,1,0.0,0.0
219,313_RTPV_7,1,0.0,0.0
219,313_RTPV_8,1,0.0,0.0
219,313_RTPV_9,1,0.0,0.0
219,313_RTPV_10,1,0.0,0.0
219,313_RTPV_11,1,0.0,0.0
219,313_RTPV_12,1,0.0,0.0
219,320_RTPV_1,1,0.0,0.0
219,320_RTPV_2,1,0.0,0.0
219,320_RTPV_3,1,0.0,0.0
219,313_RTPV_13,1,0.0,0.0
219,320_RTPV_4,1,0.0,0.0
219,320_RTPV_5,1,0.0,0.0
219,320_RTPV_6,1,0.0,0.0
219,309_WIND_1,1,1.5,0.0
219,317_WIND_1,1,36.2,0.0
219,303_WIND_1,1,31.2,0.0
220,301_CT_1,1,20.0,105.3672414
220,301_CT_2,1,20.0,105.3672414
220,301_CT_3,1,55.0,43.742886659999996
220,301_CT_4,1,55.0,43.742886659999996
220,302_CT_1,1,20.0,105.3672414
220,302_CT_2,1,20.0,105.3672414
220,302_CT_3,1,55.0,38.635079579999996
220,302_CT_4,1,55.0,38.635079579999996
220,307_CT_1,1,55.0,35.47476972
220,307_CT_2,1,55.0,35.47476972
220,313_CC_1,1,355.0,33.75273126
220,315_STEAM_1,1,12.0,124.09965539999999
220,315_STEAM_2,1,12.0,124.09965539999999
220,315_STEAM_3,1,12.0,124.09965539999999
220,315_STEAM_4,1,12.0,124.09965539999999
220,315_STEAM_5,1,12.0,124.09965539999999
220,315_CT_6,1,55.0,31.8557679
220,315_CT_7,1,55.0,31.8557679
220,315_CT_8,1,55.0,31.8557679
220,316_STEAM_1,1,155.0,27.274698980000004
220,318_CC_1,1,355.0,31.529241419999998
220,321_CC_1,1,355.0,33.94709226
220,322_CT_5,1,55.0,27.89469072
220,322_CT_6,1,55.0,27.89469072
220,323_CC_1,1,355.0,31.727489639999995
220,323_CC_2,1,355.0,31.727489639999995
220,322_HYDRO_1,1,7.7,0.0
220,322_HYDRO_2,1,7.7,0.0
220,322_HYDRO_3,1,7.7,0.0
220,322_HYDRO_4,1,7.7,0.0
220,320_PV_1,1,0.0,0.0
220,314_PV_1,1,0.0,0.0
220,314_PV_2,1,0.0,0.0
220,313_PV_1,1,0.0,0.0
220,314_PV_3,1,0.0,0.0
220,314_PV_4,1,0.0,0.0
220,313_PV_2,1,0.0,0.0
220,310_PV_1,1,0.0,0.0
220,324_PV_1,1,0.0,0.0
220,312_PV_1,1,0.0,0.0
220,310_PV_2,1,0.0,0.0
220,324_PV_2,1,0.0,0.0
220,324_PV_3,1,0.0,0.0
220,319_PV_1,1,0.0,0.0
220,308_RTPV_1,1,0.0,0.0
220,313_RTPV_1,1,0.0,0.0
220,313_RTPV_2,1,0.0,0.0
220,313_RTPV_3,1,0.0,0.0
220,313_RTPV_4,1,0.0,0.0
220,313_RTPV_5,1,0.0,0.0
220,313_RTPV_6,1,0.0,0.0
220,313_RTPV_7,1,0.0,0.0
220,313_RTPV_8,1,0.0,0.0
220,313_RTPV_9,1,0.0,0.0
220,313_RTPV_10,1,0.0,0.0
220,313_RTPV_11,1,0.0,0.0
220,313_RTPV_12,1,0.0,0.0
220,320_RTPV_1,1,0.0,0.0
220,320_RTPV_2,1,0.0,0.0
220,320_RTPV_3,1,0.0,0.0
220,313_RTPV_13,1,0.0,0.0
220,320_RTPV_4,1,0.0,0.0
220,320_RTPV_5,1,0.0,0.0
220,320_RTPV_6,1,0.0,0.0
220,309_WIND_1,1,1.6,0.0
220,317_WIND_1,1,41.7,0.0
220,303_WIND_1,1,31.3,0.0
221,301_CT_1,1,20.0,105.3672414
221,301_CT_2,1,20.0,105.3672414
221,301_CT_3,1,55.0,43.742886659999996
221,301_CT_4,1,55.0,43.742886659999996
221,302_CT_1,1,20.0,105.3672414
221,302_CT_2,1,20.0,105.3672414
221,302_CT_3,1,55.0,38.635079579999996
221,302_CT_4,1,55.0,38.635079579999996
221,307_CT_1,1,55.0,35.47476972
221,307_CT_2,1,55.0,35.47476972
221,313_CC_1,1,355.0,33.75273126
221,315_STEAM_1,1,12.0,124.09965539999999
221,315_STEAM_2,1,12.0,124.09965539999999
221,315_STEAM_3,1,12.0,124.09965539999999
221,315_STEAM_4,1,12.0,124.09965539999999
221,315_STEAM_5,1,12.0,124.09965539999999
221,315_CT_6,1,55.0,31.8557679
221,315_CT_7,1,55.0,31.8557679
221,315_CT_8,1,55.0,31.8557679
221,316_STEAM_1,1,155.0,27.274698980000004
221,318_CC_1,1,355.0,31.529241419999998
221,321_CC_1,1,355.0,33.94709226
221,322_CT_5,1,55.0,27.89469072
221,322_CT_6,1,55.0,27.89469072
221,323_CC_1,1,355.0,31.727489639999995
221,323_CC_2,1,355.0,31.727489639999995
221,322_HYDRO_1,1,7.375,0.0
221,322_HYDRO_2,1,7.375,0.0
221,322_HYDRO_3,1,7.375,0.0
221,322_HYDRO_4,1,7.375,0.0
221,320_PV_1,1,0.0,0.0
221,314_PV_1,1,0.0,0.0
221,314_PV_2,1,0.0,0.0
221,313_PV_1,1,0.0,0.0
221,314_PV_3,1,0.0,0.0
221,314_PV_4,1,0.0,0.0
221,313_PV_2,1,0.0,0.0
221,310_PV_1,1,0.0,0.0
221,324_PV_1,1,0.0,0.0
221,312_PV_1,1,0.0,0.0
221,310_PV_2,1,0.0,0.0
221,324_PV_2,1,0.0,0.0
221,324_PV_3,1,0.0,0.0
221,319_PV_1,1,0.0,0.0
221,308_RTPV_1,1,0.0,0.0
221,313_RTPV_1,1,0.0,0.0
221,313_RTPV_2,1,0.0,0.0
221,313_RTPV_3,1,0.0,0.0
221,313_RTPV_4,1,0.0,0.0
221,313_RTPV_5,1,0.0,0.0
221,313_RTPV_6,1,0.0,0.0
221,313_RTPV_7,1,0.0,0.0
221,313_RTPV_8,1,0.0,0.0
221,313_RTPV_9,1,0.0,0.0
221,313_RTPV_10,1,0.0,0.0
221,313_RTPV_11,1,0.0,0.0
221,313_RTPV_12,1,0.0,0.0
221,320_RTPV_1,1,0.0,0.0
221,320_RTPV_2,1,0.0,0.0
221,320_RTPV_3,1,0.0,0.0
221,313_RTPV_13,1,0.0,0.0
221,320_RTPV_4,1,0.0,0.0
221,320_RTPV_5,1,0.0,0.0
221,320_RTPV_6,1,0.0,0.0
221,309_WIND_1,1,0.4,0.0
221,317_WIND_1,1,38.8,0.0
221,303_WIND_1,1,28.8,0.0
222,301_CT_1,1,20.0,105.3672414
222,301_CT_2,1,20.0,105.3672414
222,301_CT_3,1,55.0,43.742886659999996
222,301_CT_4,1,55.0,43.742886659999996
222,302_CT_1,1,20.0,105.3672414
222,302_CT_2,1,20.0,105.3672414
222,302_CT_3,1,55.0,38.635079579999996
222,302_CT_4,1,55.0,38.635079579999996
222,307_CT_1,1,55.0,35.47476972
222,307_CT_2,1,55.0,35.47476972
222,313_CC_1,1,355.0,33.75273126
222,315_STEAM_1,1,12.0,124.09965539999999
222,315_STEAM_2,1,12.0,124.09965539999999
222,315_STEAM_3,1,12.0,124.09965539999999
222,315_STEAM_4,1,12.0,124.09965539999999
222,315_STEAM_5,1,12.0,124.09965539999999
222,315_CT_6,1,55.0,31.8557679
222,315_CT_7,1,55.0,31.8557679
222,315_CT_8,1,55.0,31.8557679
222,316_STEAM_1,1,155.0,27.274698980000004
222,318_CC_1,1,355.0,31.529241419999998
222,321_CC_1,1,355.0,33.94709226
222,322_CT_5,1,55.0,27.89469072
222,322_CT_6,1,55.0,27.89469072
222,323_CC_1,1,355.0,31.727489639999995
222,323_CC_2,1,355.0,31.727489639999995
222,322_HYDRO_1,1,7.05,0.0
222,322_HYDRO_2,1,7.05,0.0
222,322_HYDRO_3,1,7.05,0.0
222,322_HYDRO_4,1,7.05,0.0
222,320_PV_1,1,0.0,0.0
222,314_PV_1,1,0.0,0.0
222,314_PV_2,1,0.0,0.0
222,313_PV_1,1,0.0,0.0
222,314_PV_3,1,0.0,0.0
222,314_PV_4,1,0.0,0.0
222,313_PV_2,1,0.0,0.0
222,310_PV_1,1,0.0,0.0
222,324_PV_1,1,0.0,0.0
222,312_PV_1,1,0.0,0.0
222,310_PV_2,1,0.0,0.0
222,324_PV_2,1,0.0,0.0
222,324_PV_3,1,0.0,0.0
222,319_PV_1,1,0.0,0.0
222,308_RTPV_1,1,0.0,0.0
222,313_RTPV_1,1,0.0,0.0
222,313_RTPV_2,1,0.0,0.0
222,313_RTPV_3,1,0.0,0.0
222,313_RTPV_4,1,0.0,0.0
222,313_RTPV_5,1,0.0,0.0
222,313_RTPV_6,1,0.0,0.0
222,313_RTPV_7,1,0.0,0.0
222,313_RTPV_8,1,0.0,0.0
222,313_RTPV_9,1,0.0,0.0
222,313_RTPV_10,1,0.0,0.0
222,313_RTPV_11,1,0.0,0.0
222,313_RTPV_12,1,0.0,0.0
222,320_RTPV_1,1,0.0,0.0
222,320_RTPV_2,1,0.0,0.0
222,320_RTPV_3,1,0.0,0.0
222,313_RTPV_13,1,0.0,0.0
222,320_RTPV_4,1,0.0,0.0
222,320_RTPV_5,1,0.0,0.0
222,320_RTPV_6,1,0.0,0.0
222,309_WIND_1,1,0.8,0.0
222,317_WIND_1,1,37.0,0.0
222,303_WIND_1,1,28.9,0.0
223,301_CT_1,1,20.0,105.3672414
223,301_CT_2,1,20.0,105.3672414
223,301_CT_3,1,55.0,43.742886659999996
223,301_CT_4,1,55.0,43.742886659999996
223,302_CT_1,1,20.0,105.3672414
223,302_CT_2,1,20.0,105.3672414
223,302_CT_3,1,55.0,38.635079579999996
223,302_CT_4,1,55.0,38.635079579999996
223,307_CT_1,1,55.0,35.47476972
223,307_CT_2,1,55.0,35.47476972
223,313_CC_1,1,355.0,33.75273126
223,315_STEAM_1,1,12.0,124.09965539999999
223,315_STEAM_2,1,12.0,124.09965539999999
223,315_STEAM_3,1,12.0,124.09965539999999
223,315_STEAM_4,1,12.0,124.09965539999999
223,315_STEAM_5,1,12.0,124.09965539999999
223,315_CT_6,1,55.0,31.8557679
223,315_CT_7,1,55.0,31.8557679
223,315_CT_8,1,55.0,31.8557679
223,316_STEAM_1,1,155.0,27.274698980000004
223,318_CC_1,1,355.0,31.529241419999998
223,321_CC_1,1,355.0,33.94709226
223,322_CT_5,1,55.0,27.89469072
223,322_CT_6,1,55.0,27.89469072
223,323_CC_1,1,355.0,31.727489639999995
223,323_CC_2,1,355.0,31.727489639999995
223,322_HYDRO_1,1,6.725,0.0
223,322_HYDRO_2,1,6.725,0.0
223,322_HYDRO_3,1,6.725,0.0
223,322_HYDRO_4,1,6.725,0.0
223,320_PV_1,1,0.0,0.0
223,314_PV_1,1,0.0,0.0
223,314_PV_2,1,0.0,0.0
223,313_PV_1,1,0.0,0.0
223,314_PV_3,1,0.0,0.0
223,314_PV_4,1,0.0,0.0
223,313_PV_2,1,0.0,0.0
223,310_PV_1,1,0.0,0.0
223,324_PV_1,1,0.0,0.0
223,312_PV_1,1,0.0,0.0
223,310_PV_2,1,0.0,0.0
223,324_PV_2,1,0.0,0.0
223,324_PV_3,1,0.0,0.0
223,319_PV_1,1,0.0,0.0
223,308_RTPV_1,1,0.0,0.0
223,313_RTPV_1,1,0.0,0.0
223,313_RTPV_2,1,0.0,0.0
223,313_RTPV_3,1,0.0,0.0
223,313_RTPV_4,1,0.0,0.0
223,313_RTPV_5,1,0.0,0.0
223,313_RTPV_6,1,0.0,0.0
223,313_RTPV_7,1,0.0,0.0
223,313_RTPV_8,1,0.0,0.0
223,313_RTPV_9,1,0.0,0.0
223,313_RTPV_10,1,0.0,0.0
223,313_RTPV_11,1,0.0,0.0
223,313_RTPV_12,1,0.0,0.0
223,320_RTPV_1,1,0.0,0.0
223,320_RTPV_2,1,0.0,0.0
223,320_RTPV_3,1,0.0,0.0
223,313_RTPV_13,1,0.0,0.0
223,320_RTPV_4,1,0.0,0.0
223,320_RTPV_5,1,0.0,0.0
223,320_RTPV_6,1,0.0,0.0
223,309_WIND_1,1,0.9,0.0
223,317_WIND_1,1,39.1,0.0
223,303_WIND_1,1,31.2,0.0
224,301_CT_1,1,20.0,105.3672414
224,301_CT_2,1,20.0,105.3672414
224,301_CT_3,1,55.0,43.742886659999996
224,301_CT_4,1,55.0,43.742886659999996
224,302_CT_1,1,20.0,105.3672414
224,302_CT_2,1,20.0,105.3672414
224,302_CT_3,1,55.0,38.635079579999996
224,302_CT_4,1,55.0,38.635079579999996
224,307_CT_1,1,55.0,35.47476972
224,307_CT_2,1,55.0,35.47476972
224,313_CC_1,1,355.0,33.75273126
224,315_STEAM_1,1,12.0,124.09965539999999
224,315_STEAM_2,1,12.0,124.09965539999999
224,315_STEAM_3,1,12.0,124.09965539999999
224,315_STEAM_4,1,12.0,124.09965539999999
224,315_STEAM_5,1,12.0,124.09965539999999
224,315_CT_6,1,55.0,31.8557679
224,315_CT_7,1,55.0,31.8557679
224,315_CT_8,1,55.0,31.8557679
224,316_STEAM_1,1,155.0,27.274698980000004
224,318_CC_1,1,355.0,31.529241419999998
224,321_CC_1,1,355.0,33.94709226
224,322_CT_5,1,55.0,27.89469072
224,322_CT_6,1,55.0,27.89469072
224,323_CC_1,1,355.0,31.727489639999995
224,323_CC_2,1,355.0,31.727489639999995
224,322_HYDRO_1,1,6.4,0.0
224,322_HYDRO_2,1,6.4,0.0
224,322_HYDRO_3,1,6.4,0.0
224,322_HYDRO_4,1,6.4,0.0
224,320_PV_1,1,0.0,0.0
224,314_PV_1,1,0.0,0.0
224,314_PV_2,1,0.0,0.0
224,313_PV_1,1,0.0,0.0
224,314_PV_3,1,0.0,0.0
224,314_PV_4,1,0.0,0.0
224,313_PV_2,1,0.0,0.0
224,310_PV_1,1,0.0,0.0
224,324_PV_1,1,0.0,0.0
224,312_PV_1,1,0.0,0.0
224,310_PV_2,1,0.0,0.0
224,324_PV_2,1,0.0,0.0
224,324_PV_3,1,0.0,0.0
224,319_PV_1,1,0.0,0.0
224,308_RTPV_1,1,0.0,0.0
224,313_RTPV_1,1,0.0,0.0
224,313_RTPV_2,1,0.0,0.0
224,313_RTPV_3,1,0.0,0.0
224,313_RTPV_4,1,0.0,0.0
224,313_RTPV_5,1,0.0,0.0
224,313_RTPV_6,1,0.0,0.0
224,313_RTPV_7,1,0.0,0.0
224,313_RTPV_8,1,0.0,0.0
224,313_RTPV_9,1,0.0,0.0
224,313_RTPV_10,1,0.0,0.0
224,313_RTPV_11,1,0.0,0.0
224,313_RTPV_12,1,0.0,0.0
224,320_RTPV_1,1,0.0,0.0
224,320_RTPV_2,1,0.0,0.0
224,320_RTPV_3,1,0.0,0.0
224,313_RTPV_13,1,0.0,0.0
224,320_RTPV_4,1,0.0,0.0
224,320_RTPV_5,1,0.0,0.0
224,320_RTPV_6,1,0.0,0.0
224,309_WIND_1,1,1.0,0.0
224,317_WIND_1,1,41.0,0.0
224,303_WIND_1,1,35.7,0.0
225,301_CT_1,1,20.0,105.3672414
225,301_CT_2,1,20.0,105.3672414
225,301_CT_3,1,55.0,43.742886659999996
225,301_CT_4,1,55.0,43.742886659999996
225,302_CT_1,1,20.0,105.3672414
225,302_CT_2,1,20.0,105.3672414
225,302_CT_3,1,55.0,38.635079579999996
225,302_CT_4,1,55.0,38.635079579999996
225,307_CT_1,1,55.0,35.47476972
225,307_CT_2,1,55.0,35.47476972
225,313_CC_1,1,355.0,33.75273126
225,315_STEAM_1,1,12.0,124.09965539999999
225,315_STEAM_2,1,12.0,124.09965539999999
225,315_STEAM_3,1,12.0,124.09965539999999
225,315_STEAM_4,1,12.0,124.09965539999999
225,315_STEAM_5,1,12.0,124.09965539999999
225,315_CT_6,1,55.0,31.8557679
225,315_CT_7,1,55.0,31.8557679
225,315_CT_8,1,55.0,31.8557679
225,316_STEAM_1,1,155.0,27.274698980000004
225,318_CC_1,1,355.0,31.529241419999998
225,321_CC_1,1,355.0,33.94709226
225,322_CT_5,1,55.0,27.89469072
225,322_CT_6,1,55.0,27.89469072
225,323_CC_1,1,355.0,31.727489639999995
225,323_CC_2,1,355.0,31.727489639999995
225,322_HYDRO_1,1,6.075,0.0
225,322_HYDRO_2,1,6.075,0.0
225,322_HYDRO_3,1,6.075,0.0
225,322_HYDRO_4,1,6.075,0.0
225,320_PV_1,1,0.0,0.0
225,314_PV_1,1,0.0,0.0
225,314_PV_2,1,0.0,0.0
225,313_PV_1,1,0.0,0.0
225,314_PV_3,1,0.0,0.0
225,314_PV_4,1,0.0,0.0
225,313_PV_2,1,0.0,0.0
225,310_PV_1,1,0.0,0.0
225,324_PV_1,1,0.0,0.0
225,312_PV_1,1,0.0,0.0
225,310_PV_2,1,0.0,0.0
225,324_PV_2,1,0.0,0.0
225,324_PV_3,1,0.0,0.0
225,319_PV_1,1,0.0,0.0
225,308_RTPV_1,1,0.0,0.0
225,313_RTPV_1,1,0.0,0.0
225,313_RTPV_2,1,0.0,0.0
225,313_RTPV_3,1,0.0,0.0
225,313_RTPV_4,1,0.0,0.0
225,313_RTPV_5,1,0.0,0.0
225,313_RTPV_6,1,0.0,0.0
225,313_RTPV_7,1,0.0,0.0
225,313_RTPV_8,1,0.0,0.0
225,313_RTPV_9,1,0.0,0.0
225,313_RTPV_10,1,0.0,0.0
225,313_RTPV_11,1,0.0,0.0
225,313_RTPV_12,1,0.0,0.0
225,320_RTPV_1,1,0.0,0.0
225,320_RTPV_2,1,0.0,0.0
225,320_RTPV_3,1,0.0,0.0
225,313_RTPV_13,1,0.0,0.0
225,320_RTPV_4,1,0.0,0.0
225,320_RTPV_5,1,0.0,0.0
225,320_RTPV_6,1,0.0,0.0
225,309_WIND_1,1,0.7,0.0
225,317_WIND_1,1,36.6,0.0
225,303_WIND_1,1,41.3,0.0
226,301_CT_1,1,20.0,105.3672414
226,301_CT_2,1,20.0,105.3672414
226,301_CT_3,1,55.0,43.742886659999996
226,301_CT_4,1,55.0,43.742886659999996
226,302_CT_1,1,20.0,105.3672414
226,302_CT_2,1,20.0,105.3672414
226,302_CT_3,1,55.0,38.635079579999996
226,302_CT_4,1,55.0,38.635079579999996
226,307_CT_1,1,55.0,35.47476972
226,307_CT_2,1,55.0,35.47476972
226,313_CC_1,1,355.0,33.75273126
226,315_STEAM_1,1,12.0,124.09965539999999
226,315_STEAM_2,1,12.0,124.09965539999999
226,315_STEAM_3,1,12.0,124.09965539999999
226,315_STEAM_4,1,12.0,124.09965539999999
226,315_STEAM_5,1,12.0,124.09965539999999
226,315_CT_6,1,55.0,31.8557679
226,315_CT_7,1,55.0,31.8557679
226,315_CT_8,1,55.0,31.8557679
226,316_STEAM_1,1,155.0,27.274698980000004
226,318_CC_1,1,355.0,31.529241419999998
226,321_CC_1,1,355.0,33.94709226
226,322_CT_5,1,55.0,27.89469072
226,322_CT_6,1,55.0,27.89469072
226,323_CC_1,1,355.0,31.727489639999995
226,323_CC_2,1,355.0,31.727489639999995
226,322_HYDRO_1,1,5.75,0.0
226,322_HYDRO_2,1,5.75,0.0
226,322_HYDRO_3,1,5.75,0.0
226,322_HYDRO_4,1,5.75,0.0
226,320_PV_1,1,0.0,0.0
226,314_PV_1,1,0.0,0.0
226,314_PV_2,1,0.0,0.0
226,313_PV_1,1,0.0,0.0
226,314_PV_3,1,0.0,0.0
226,314_PV_4,1,0.0,0.0
226,313_PV_2,1,0.0,0.0
226,310_PV_1,1,0.0,0.0
226,324_PV_1,1,0.0,0.0
226,312_PV_1,1,0.0,0.0
226,310_PV_2,1,0.0,0.0
226,324_PV_2,1,0.0,0.0
226,324_PV_3,1,0.0,0.0
226,319_PV_1,1,0.0,0.0
226,308_RTPV_1,1,0.0,0.0
226,313_RTPV_1,1,0.0,0.0
226,313_RTPV_2,1,0.0,0.0
226,313_RTPV_3,1,0.0,0.0
226,313_RTPV_4,1,0.0,0.0
226,313_RTPV_5,1,0.0,0.0
226,313_RTPV_6,1,0.0,0.0
226,313_RTPV_7,1,0.0,0.0
226,313_RTPV_8,1,0.0,0.0
226,313_RTPV_9,1,0.0,0.0
226,313_RTPV_10,1,0.0,0.0
226,313_RTPV_11,1,0.0,0.0
226,313_RTPV_12,1,0.0,0.0
226,320_RTPV_1,1,0.0,0.0
226,320_RTPV_2,1,0.0,0.0
226,320_RTPV_3,1,0.0,0.0
226,313_RTPV_13,1,0.0,0.0
226,320_RTPV_4,1,0.0,0.0
226,320_RTPV_5,1,0.0,0.0
226,320_RTPV_6,1,0.0,0.0
226,309_WIND_1,1,2.4,0.0
226,317_WIND_1,1,31.4,0.0
226,303_WIND_1,1,49.8,0.0
227,301_CT_1,1,20.0,105.3672414
227,301_CT_2,1,20.0,105.3672414
227,301_CT_3,1,55.0,43.742886659999996
227,301_CT_4,1,55.0,43.742886659999996
227,302_CT_1,1,20.0,105.3672414
227,302_CT_2,1,20.0,105.3672414
227,302_CT_3,1,55.0,38.635079579999996
227,302_CT_4,1,55.0,38.635079579999996
227,307_CT_1,1,55.0,35.47476972
227,307_CT_2,1,55.0,35.47476972
227,313_CC_1,1,355.0,33.75273126
227,315_STEAM_1,1,12.0,124.09965539999999
227,315_STEAM_2,1,12.0,124.09965539999999
227,315_STEAM_3,1,12.0,124.09965539999999
227,315_STEAM_4,1,12.0,124.09965539999999
227,315_STEAM_5,1,12.0,124.09965539999999
227,315_CT_6,1,55.0,31.8557679
227,315_CT_7,1,55.0,31.8557679
227,315_CT_8,1,55.0,31.8557679
227,316_STEAM_1,1,155.0,27.274698980000004
227,318_CC_1,1,355.0,31.529241419999998
227,321_CC_1,1,355.0,33.94709226
227,322_CT_5,1,55.0,27.89469072
227,322_CT_6,1,55.0,27.89469072
227,323_CC_1,1,355.0,31.727489639999995
227,323_CC_2,1,355.0,31.727489639999995
227,322_HYDRO_1,1,5.425,0.0
227,322_HYDRO_2,1,5.425,0.0
227,322_HYDRO_3,1,5.425,0.0
227,322_HYDRO_4,1,5.425,0.0
227,320_PV_1,1,0.0,0.0
227,314_PV_1,1,0.0,0.0
227,314_PV_2,1,0.0,0.0
227,313_PV_1,1,0.0,0.0
227,314_PV_3,1,0.0,0.0
227,314_PV_4,1,0.0,0.0
227,313_PV_2,1,0.0,0.0
227,310_PV_1,1,0.0,0.0
227,324_PV_1,1,0.0,0.0
227,312_PV_1,1,0.0,0.0
227,310_PV_2,1,0.0,0.0
227,324_PV_2,1,0.0,0.0
227,324_PV_3,1,0.0,0.0
227,319_PV_1,1,0.0,0.0
227,308_RTPV_1,1,0.0,0.0
227,313_RTPV_1,1,0.0,0.0
227,313_RTPV_2,1,0.0,0.0
227,313_RTPV_3,1,0.0,0.0
227,313_RTPV_4,1,0.0,0.0
227,313_RTPV_5,1,0.0,0.0
227,313_RTPV_6,1,0.0,0.0
227,313_RTPV_7,1,0.0,0.0
227,313_RTPV_8,1,0.0,0.0
227,313_RTPV_9,1,0.0,0.0
227,313_RTPV_10,1,0.0,0.0
227,313_RTPV_11,1,0.0,0.0
227,313_RTPV_12,1,0.0,0.0
227,320_RTPV_1,1,0.0,0.0
227,320_RTPV_2,1,0.0,0.0
227,320_RTPV_3,1,0.0,0.0
227,313_RTPV_13,1,0.0,0.0
227,320_RTPV_4,1,0.0,0.0
227,320_RTPV_5,1,0.0,0.0
227,320_RTPV_6,1,0.0,0.0
227,309_WIND_1,1,2.6,0.0
227,317_WIND_1,1,30.6,0.0
227,303_WIND_1,1,56.7,0.0
228,301_CT_1,1,20.0,105.3672414
228,301_CT_2,1,20.0,105.3672414
228,301_CT_3,1,55.0,43.742886659999996
228,301_CT_4,1,55.0,43.742886659999996
228,302_CT_1,1,20.0,105.3672414
228,302_CT_2,1,20.0,105.3672414
228,302_CT_3,1,55.0,38.635079579999996
228,302_CT_4,1,55.0,38.635079579999996
228,307_CT_1,1,55.0,35.47476972
228,307_CT_2,1,55.0,35.47476972
228,313_CC_1,1,355.0,33.75273126
228,315_STEAM_1,1,12.0,124.09965539999999
228,315_STEAM_2,1,12.0,124.09965539999999
228,315_STEAM_3,1,12.0,124.09965539999999
228,315_STEAM_4,1,12.0,124.09965539999999
228,315_STEAM_5,1,12.0,124.09965539999999
228,315_CT_6,1,55.0,31.8557679
228,315_CT_7,1,55.0,31.8557679
228,315_CT_8,1,55.0,31.8557679
228,316_STEAM_1,1,155.0,27.274698980000004
228,318_CC_1,1,355.0,31.529241419999998
228,321_CC_1,1,355.0,33.94709226
228,322_CT_5,1,55.0,27.89469072
228,322_CT_6,1,55.0,27.89469072
228,323_CC_1,1,355.0,31.727489639999995
228,323_CC_2,1,355.0,31.727489639999995
228,322_HYDRO_1,1,5.1,0.0
228,322_HYDRO_2,1,5.1,0.0
228,322_HYDRO_3,1,5.1,0.0
228,322_HYDRO_4,1,5.1,0.0
228,320_PV_1,1,0.0,0.0
228,314_PV_1,1,0.0,0.0
228,314_PV_2,1,0.0,0.0
228,313_PV_1,1,0.0,0.0
228,314_PV_3,1,0.0,0.0
228,314_PV_4,1,0.0,0.0
228,313_PV_2,1,0.0,0.0
228,310_PV_1,1,0.0,0.0
228,324_PV_1,1,0.0,0.0
228,312_PV_1,1,0.0,0.0
228,310_PV_2,1,0.0,0.0
228,324_PV_2,1,0.0,0.0
228,324_PV_3,1,0.0,0.0
228,319_PV_1,1,0.0,0.0
228,308_RTPV_1,1,0.0,0.0
228,313_RTPV_1,1,0.0,0.0
228,313_RTPV_2,1,0.0,0.0
228,313_RTPV_3,1,0.0,0.0
228,313_RTPV_4,1,0.0,0.0
228,313_RTPV_5,1,0.0,0.0
228,313_RTPV_6,1,0.0,0.0
228,313_RTPV_7,1,0.0,0.0
228,313_RTPV_8,1,0.0,0.0
228,313_RTPV_9,1,0.0,0.0
228,313_RTPV_10,1,0.0,0.0
228,313_RTPV_11,1,0.0,0.0
228,313_RTPV_12,1,0.0,0.0
228,320_RTPV_1,1,0.0,0.0
228,320_RTPV_2,1,0.0,0.0
228,320_RTPV_3,1,0.0,0.0
228,313_RTPV_13,1,0.0,0.0
228,320_RTPV_4,1,0.0,0.0
228,320_RTPV_5,1,0.0,0.0
228,320_RTPV_6,1,0.0,0.0
228,309_WIND_1,1,1.1,0.0
228,317_WIND_1,1,37.6,0.0
228,303_WIND_1,1,59.7,0.0
229,301_CT_1,1,20.0,105.3672414
229,301_CT_2,1,20.0,105.3672414
229,301_CT_3,1,55.0,43.742886659999996
229,301_CT_4,1,55.0,43.742886659999996
229,302_CT_1,1,20.0,105.3672414
229,302_CT_2,1,20.0,105.3672414
229,302_CT_3,1,55.0,38.635079579999996
229,302_CT_4,1,55.0,38.635079579999996
229,307_CT_1,1,55.0,35.47476972
229,307_CT_2,1,55.0,35.47476972
229,313_CC_1,1,355.0,33.75273126
229,315_STEAM_1,1,12.0,124.09965539999999
229,315_STEAM_2,1,12.0,124.09965539999999
229,315_STEAM_3,1,12.0,124.09965539999999
229,315_STEAM_4,1,12.0,124.09965539999999
229,315_STEAM_5,1,12.0,124.09965539999999
229,315_CT_6,1,55.0,31.8557679
229,315_CT_7,1,55.0,31.8557679
229,315_CT_8,1,55.0,31.8557679
229,316_STEAM_1,1,155.0,27.274698980000004
229,318_CC_1,1,355.0,31.529241419999998
229,321_CC_1,1,355.0,33.94709226
229,322_CT_5,1,55.0,27.89469072
229,322_CT_6,1,55.0,27.89469072
229,323_CC_1,1,355.0,31.727489639999995
229,323_CC_2,1,355.0,31.727489639999995
229,322_HYDRO_1,1,5.55,0.0
229,322_HYDRO_2,1,5.55,0.0
229,322_HYDRO_3,1,5.55,0.0
229,322_HYDRO_4,1,5.55,0.0
229,320_PV_1,1,0.0,0.0
229,314_PV_1,1,0.0,0.0
229,314_PV_2,1,0.0,0.0
229,313_PV_1,1,0.0,0.0
229,314_PV_3,1,0.0,0.0
229,314_PV_4,1,0.0,0.0
229,313_PV_2,1,0.0,0.0
229,310_PV_1,1,0.0,0.0
229,324_PV_1,1,0.0,0.0
229,312_PV_1,1,0.0,0.0
229,310_PV_2,1,0.0,0.0
229,324_PV_2,1,0.0,0.0
229,324_PV_3,1,0.0,0.0
229,319_PV_1,1,0.0,0.0
229,308_RTPV_1,1,0.0,0.0
229,313_RTPV_1,1,0.0,0.0
229,313_RTPV_2,1,0.0,0.0
229,313_RTPV_3,1,0.0,0.0
229,313_RTPV_4,1,0.0,0.0
229,313_RTPV_5,1,0.0,0.0
229,313_RTPV_6,1,0.0,0.0
229,313_RTPV_7,1,0.0,0.0
229,313_RTPV_8,1,0.0,0.0
229,313_RTPV_9,1,0.0,0.0
229,313_RTPV_10,1,0.0,0.0
229,313_RTPV_11,1,0.0,0.0
229,313_RTPV_12,1,0.0,0.0
229,320_RTPV_1,1,0.0,0.0
229,320_RTPV_2,1,0.0,0.0
229,320_RTPV_3,1,0.0,0.0
229,313_RTPV_13,1,0.0,0.0
229,320_RTPV_4,1,0.0,0.0
229,320_RTPV_5,1,0.0,0.0
229,320_RTPV_6,1,0.0,0.0
229,309_WIND_1,1,1.4,0.0
229,317_WIND_1,1,42.0,0.0
229,303_WIND_1,1,63.6,0.0
230,301_CT_1,1,20.0,105.3672414
230,301_CT_2,1,20.0,105.3672414
230,301_CT_3,1,55.0,43.742886659999996
230,301_CT_4,1,55.0,43.742886659999996
230,302_CT_1,1,20.0,105.3672414
230,302_CT_2,1,20.0,105.3672414
230,302_CT_3,1,55.0,38.635079579999996
230,302_CT_4,1,55.0,38.635079579999996
230,307_CT_1,1,55.0,35.47476972
230,307_CT_2,1,55.0,35.47476972
230,313_CC_1,1,355.0,33.75273126
230,315_STEAM_1,1,12.0,124.09965539999999
230,315_STEAM_2,1,12.0,124.09965539999999
230,315_STEAM_3,1,12.0,124.09965539999999
230,315_STEAM_4,1,12.0,124.09965539999999
230,315_STEAM_5,1,12.0,124.09965539999999
230,315_CT_6,1,55.0,31.8557679
230,315_CT_7,1,55.0,31.8557679
230,315_CT_8,1,55.0,31.8557679
230,316_STEAM_1,1,155.0,27.274698980000004
230,318_CC_1,1,355.0,31.529241419999998
230,321_CC_1,1,355.0,33.94709226
230,322_CT_5,1,55.0,27.89469072
230,322_CT_6,1,55.0,27.89469072
230,323_CC_1,1,355.0,31.727489639999995
230,323_CC_2,1,355.0,31.727489639999995
230,322_HYDRO_1,1,6.0,0.0
230,322_HYDRO_2,1,6.0,0.0
230,322_HYDRO_3,1,6.0,0.0
230,322_HYDRO_4,1,6.0,0.0
230,320_PV_1,1,0.0,0.0
230,314_PV_1,1,0.0,0.0
230,314_PV_2,1,0.0,0.0
230,313_PV_1,1,0.0,0.0
230,314_PV_3,1,0.0,0.0
230,314_PV_4,1,0.0,0.0
230,313_PV_2,1,0.0,0.0
230,310_PV_1,1,0.0,0.0
230,324_PV_1,1,0.0,0.0
230,312_PV_1,1,0.0,0.0
230,310_PV_2,1,0.0,0.0
230,324_PV_2,1,0.0,0.0
230,324_PV_3,1,0.0,0.0
230,319_PV_1,1,0.0,0.0
230,308_RTPV_1,1,0.0,0.0
230,313_RTPV_1,1,0.0,0.0
230,313_RTPV_2,1,0.0,0.0
230,313_RTPV_3,1,0.0,0.0
230,313_RTPV_4,1,0.0,0.0
230,313_RTPV_5,1,0.0,0.0
230,313_RTPV_6,1,0.0,0.0
230,313_RTPV_7,1,0.0,0.0
230,313_RTPV_8,1,0.0,0.0
230,313_RTPV_9,1,0.0,0.0
230,313_RTPV_10,1,0.0,0.0
230,313_RTPV_11,1,0.0,0.0
230,313_RTPV_12,1,0.0,0.0
230,320_RTPV_1,1,0.0,0.0
230,320_RTPV_2,1,0.0,0.0
230,320_RTPV_3,1,0.0,0.0
230,313_RTPV_13,1,0.0,0.0
230,320_RTPV_4,1,0.0,0.0
230,320_RTPV_5,1,0.0,0.0
230,320_RTPV_6,1,0.0,0.0
230,309_WIND_1,1,3.1,0.0
230,317_WIND_1,1,41.5,0.0
230,303_WIND_1,1,75.3,0.0
231,301_CT_1,1,20.0,105.3672414
231,301_CT_2,1,20.0,105.3672414
231,301_CT_3,1,55.0,43.742886659999996
231,301_CT_4,1,55.0,43.742886659999996
231,302_CT_1,1,20.0,105.3672414
231,302_CT_2,1,20.0,105.3672414
231,302_CT_3,1,55.0,38.635079579999996
231,302_CT_4,1,55.0,38.635079579999996
231,307_CT_1,1,55.0,35.47476972
231,307_CT_2,1,55.0,35.47476972
231,313_CC_1,1,355.0,33.75273126
231,315_STEAM_1,1,12.0,124.09965539999999
231,315_STEAM_2,1,12.0,124.09965539999999
231,315_STEAM_3,1,12.0,124.09965539999999
231,315_STEAM_4,1,12.0,124.09965539999999
231,315_STEAM_5,1,12.0,124.09965539999999
231,315_CT_6,1,55.0,31.8557679
231,315_CT_7,1,55.0,31.8557679
231,315_CT_8,1,55.0,31.8557679
231,316_STEAM_1,1,155.0,27.274698980000004
231,318_CC_1,1,355.0,31.529241419999998
231,321_CC_1,1,355.0,33.94709226
231,322_CT_5,1,55.0,27.89469072
231,322_CT_6,1,55.0,27.89469072
231,323_CC_1,1,355.0,31.727489639999995
231,323_CC_2,1,355.0,31.727489639999995
231,322_HYDRO_1,1,6.45,0.0
231,322_HYDRO_2,1,6.45,0.0
231,322_HYDRO_3,1,6.45,0.0
231,322_HYDRO_4,1,6.45,0.0
231,320_PV_1,1,0.0,0.0
231,314_PV_1,1,0.0,0.0
231,314_PV_2,1,0.0,0.0
231,313_PV_1,1,0.0,0.0
231,314_PV_3,1,0.0,0.0
231,314_PV_4,1,0.0,0.0
231,313_PV_2,1,0.0,0.0
231,310_PV_1,1,0.0,0.0
231,324_PV_1,1,0.0,0.0
231,312_PV_1,1,0.0,0.0
231,310_PV_2,1,0.0,0.0
231,324_PV_2,1,0.0,0.0
231,324_PV_3,1,0.0,0.0
231,319_PV_1,1,0.0,0.0
231,308_RTPV_1,1,0.0,0.0
231,313_RTPV_1,1,0.0,0.0
231,313_RTPV_2,1,0.0,0.0
231,313_RTPV_3,1,0.0,0.0
231,313_RTPV_4,1,0.0,0.0
231,313_RTPV_5,1,0.0,0.0
231,313_RTPV_6,1,0.0,0.0
231,313_RTPV_7,1,0.0,0.0
231,313_RTPV_8,1,0.0,0.0
231,313_RTPV_9,1,0.0,0.0
231,313_RTPV_10,1,0.0,0.0
231,313_RTPV_11,1,0.0,0.0
231,313_RTPV_12,1,0.0,0.0
231,320_RTPV_1,1,0.0,0.0
231,320_RTPV_2,1,0.0,0.0
231,320_RTPV_3,1,0.0,0.0
231,313_RTPV_13,1,0.0,0.0
231,320_RTPV_4,1,0.0,0.0
231,320_RTPV_5,1,0.0,0.0
231,320_RTPV_6,1,0.0,0.0
231,309_WIND_1,1,3.5,0.0
231,317_WIND_1,1,50.1,0.0
231,303_WIND_1,1,82.1,0.0
232,301_CT_1,1,20.0,105.3672414
232,301_CT_2,1,20.0,105.3672414
232,301_CT_3,1,55.0,43.742886659999996
232,301_CT_4,1,55.0,43.742886659999996
232,302_CT_1,1,20.0,105.3672414
232,302_CT_2,1,20.0,105.3672414
232,302_CT_3,1,55.0,38.635079579999996
232,302_CT_4,1,55.0,38.635079579999996
232,307_CT_1,1,55.0,35.47476972
232,307_CT_2,1,55.0,35.47476972
232,313_CC_1,1,355.0,33.75273126
232,315_STEAM_1,1,12.0,124.09965539999999
232,315_STEAM_2,1,12.0,124.09965539999999
232,315_STEAM_3,1,12.0,124.09965539999999
232,315_STEAM_4,1,12.0,124.09965539999999
232,315_STEAM_5,1,12.0,124.09965539999999
232,315_CT_6,1,55.0,31.8557679
232,315_CT_7,1,55.0,31.8557679
232,315_CT_8,1,55.0,31.8557679
232,316_STEAM_1,1,155.0,27.274698980000004
232,318_CC_1,1,355.0,31.529241419999998
232,321_CC_1,1,355.0,33.94709226
232,322_CT_5,1,55.0,27.89469072
232,322_CT_6,1,55.0,27.89469072
232,323_CC_1,1,355.0,31.727489639999995
232,323_CC_2,1,355.0,31.727489639999995
232,322_HYDRO_1,1,6.9,0.0
232,322_HYDRO_2,1,6.9,0.0
232,322_HYDRO_3,1,6.9,0.0
232,322_HYDRO_4,1,6.9,0.0
232,320_PV_1,1,0.0,0.0
232,314_PV_1,1,0.0,0.0
232,314_PV_2,1,0.0,0.0
232,313_PV_1,1,0.0,0.0
232,314_PV_3,1,0.0,0.0
232,314_PV_4,1,0.0,0.0
232,313_PV_2,1,0.0,0.0
232,310_PV_1,1,0.0,0.0
232,324_PV_1,1,0.0,0.0
232,312_PV_1,1,0.0,0.0
232,310_PV_2,1,0.0,0.0
232,324_PV_2,1,0.0,0.0
232,324_PV_3,1,0.0,0.0
232,319_PV_1,1,0.0,0.0
232,308_RTPV_1,1,0.0,0.0
232,313_RTPV_1,1,0.0,0.0
232,313_RTPV_2,1,0.0,0.0
232,313_RTPV_3,1,0.0,0.0
232,313_RTPV_4,1,0.0,0.0
232,313_RTPV_5,1,0.0,0.0
232,313_RTPV_6,1,0.0,0.0
232,313_RTPV_7,1,0.0,0.0
232,313_RTPV_8,1,0.0,0.0
232,313_RTPV_9,1,0.0,0.0
232,313_RTPV_10,1,0.0,0.0
232,313_RTPV_11,1,0.0,0.0
232,313_RTPV_12,1,0.0,0.0
232,320_RTPV_1,1,0.0,0.0
232,320_RTPV_2,1,0.0,0.0
232,320_RTPV_3,1,0.0,0.0
232,313_RTPV_13,1,0.0,0.0
232,320_RTPV_4,1,0.0,0.0
232,320_RTPV_5,1,0.0,0.0
232,320_RTPV_6,1,0.0,0.0
232,309_WIND_1,1,4.1,0.0
232,317_WIND_1,1,57.6,0.0
232,303_WIND_1,1,80.7,0.0
233,301_CT_1,1,20.0,105.3672414
233,301_CT_2,1,20.0,105.3672414
233,301_CT_3,1,55.0,43.742886659999996
233,301_CT_4,1,55.0,43.742886659999996
233,302_CT_1,1,20.0,105.3672414
233,302_CT_2,1,20.0,105.3672414
233,302_CT_3,1,55.0,38.635079579999996
233,302_CT_4,1,55.0,38.635079579999996
233,307_CT_1,1,55.0,35.47476972
233,307_CT_2,1,55.0,35.47476972
233,313_CC_1,1,355.0,33.75273126
233,315_STEAM_1,1,12.0,124.09965539999999
233,315_STEAM_2,1,12.0,124.09965539999999
233,315_STEAM_3,1,12.0,124.09965539999999
233,315_STEAM_4,1,12.0,124.09965539999999
233,315_STEAM_5,1,12.0,124.09965539999999
233,315_CT_6,1,55.0,31.8557679
233,315_CT_7,1,55.0,31.8557679
233,315_CT_8,1,55.0,31.8557679
233,316_STEAM_1,1,155.0,27.274698980000004
233,318_CC_1,1,355.0,31.529241419999998
233,321_CC_1,1,355.0,33.94709226
233,322_CT_5,1,55.0,27.89469072
233,322_CT_6,1,55.0,27.89469072
233,323_CC_1,1,355.0,31.727489639999995
233,323_CC_2,1,355.0,31.727489639999995
233,322_HYDRO_1,1,7.35,0.0
233,322_HYDRO_2,1,7.35,0.0
233,322_HYDRO_3,1,7.35,0.0
233,322_HYDRO_4,1,7.35,0.0
233,320_PV_1,1,0.0,0.0
233,314_PV_1,1,0.0,0.0
233,314_PV_2,1,0.0,0.0
233,313_PV_1,1,0.0,0.0
233,314_PV_3,1,0.0,0.0
233,314_PV_4,1,0.0,0.0
233,313_PV_2,1,0.0,0.0
233,310_PV_1,1,0.0,0.0
233,324_PV_1,1,0.0,0.0
233,312_PV_1,1,0.0,0.0
233,310_PV_2,1,0.0,0.0
233,324_PV_2,1,0.0,0.0
233,324_PV_3,1,0.0,0.0
233,319_PV_1,1,0.0,0.0
233,308_RTPV_1,1,0.0,0.0
233,313_RTPV_1,1,0.0,0.0
233,313_RTPV_2,1,0.0,0.0
233,313_RTPV_3,1,0.0,0.0
233,313_RTPV_4,1,0.0,0.0
233,313_RTPV_5,1,0.0,0.0
233,313_RTPV_6,1,0.0,0.0
233,313_RTPV_7,1,0.0,0.0
233,313_RTPV_8,1,0.0,0.0
233,313_RTPV_9,1,0.0,0.0
233,313_RTPV_10,1,0.0,0.0
233,313_RTPV_11,1,0.0,0.0
233,313_RTPV_12,1,0.0,0.0
233,320_RTPV_1,1,0.0,0.0
233,320_RTPV_2,1,0.0,0.0
233,320_RTPV_3,1,0.0,0.0
233,313_RTPV_13,1,0.0,0.0
233,320_RTPV_4,1,0.0,0.0
233,320_RTPV_5,1,0.0,0.0
233,320_RTPV_6,1,0.0,0.0
233,309_WIND_1,1,5.3,0.0
233,317_WIND_1,1,61.7,0.0
233,303_WIND_1,1,92.2,0.0
234,301_CT_1,1,20.0,105.3672414
234,301_CT_2,1,20.0,105.3672414
234,301_CT_3,1,55.0,43.742886659999996
234,301_CT_4,1,55.0,43.742886659999996
234,302_CT_1,1,20.0,105.3672414
234,302_CT_2,1,20.0,105.3672414
234,302_CT_3,1,55.0,38.635079579999996
234,302_CT_4,1,55.0,38.635079579999996
234,307_CT_1,1,55.0,35.47476972
234,307_CT_2,1,55.0,35.47476972
234,313_CC_1,1,355.0,33.75273126
234,315_STEAM_1,1,12.0,124.09965539999999
234,315_STEAM_2,1,12.0,124.09965539999999
234,315_STEAM_3,1,12.0,124.09965539999999
234,315_STEAM_4,1,12.0,124.09965539999999
234,315_STEAM_5,1,12.0,124.09965539999999
234,315_CT_6,1,55.0,31.8557679
234,315_CT_7,1,55.0,31.8557679
234,315_CT_8,1,55.0,31.8557679
234,316_STEAM_1,1,155.0,27.274698980000004
234,318_CC_1,1,355.0,31.529241419999998
234,321_CC_1,1,355.0,33.94709226
234,322_CT_5,1,55.0,27.89469072
234,322_CT_6,1,55.0,27.89469072
234,323_CC_1,1,355.0,31.727489639999995
234,323_CC_2,1,355.0,31.727489639999995
234,322_HYDRO_1,1,7.8,0.0
234,322_HYDRO_2,1,7.8,0.0
234,322_HYDRO_3,1,7.8,0.0
234,322_HYDRO_4,1,7.8,0.0
234,320_PV_1,1,0.0,0.0
234,314_PV_1,1,0.0,0.0
234,314_PV_2,1,0.0,0.0
234,313_PV_1,1,0.0,0.0
234,314_PV_3,1,0.0,0.0
234,314_PV_4,1,0.0,0.0
234,313_PV_2,1,0.0,0.0
234,310_PV_1,1,0.0,0.0
234,324_PV_1,1,0.0,0.0
234,312_PV_1,1,0.0,0.0
234,310_PV_2,1,0.0,0.0
234,324_PV_2,1,0.0,0.0
234,324_PV_3,1,0.0,0.0
234,319_PV_1,1,0.0,0.0
234,308_RTPV_1,1,0.0,0.0
234,313_RTPV_1,1,0.0,0.0
234,313_RTPV_2,1,0.0,0.0
234,313_RTPV_3,1,0.0,0.0
234,313_RTPV_4,1,0.0,0.0
234,313_RTPV_5,1,0.0,0.0
234,313_RTPV_6,1,0.0,0.0
234,313_RTPV_7,1,0.0,0.0
234,313_RTPV_8,1,0.0,0.0
234,313_RTPV_9,1,0.0,0.0
234,313_RTPV_10,1,0.0,0.0
234,313_RTPV_11,1,0.0,0.0
234,313_RTPV_12,1,0.0,0.0
234,320_RTPV_1,1,0.0,0.0
234,320_RTPV_2,1,0.0,0.0
234,320_RTPV_3,1,0.0,0.0
234,313_RTPV_13,1,0.0,0.0
234,320_RTPV_4,1,0.0,0.0
234,320_RTPV_5,1,0.0,0.0
234,320_RTPV_6,1,0.0,0.0
234,309_WIND_1,1,6.7,0.0
234,317_WIND_1,1,63.8,0.0
234,303_WIND_1,1,96.3,0.0
235,301_CT_1,1,20.0,105.3672414
235,301_CT_2,1,20.0,105.3672414
235,301_CT_3,1,55.0,43.742886659999996
235,301_CT_4,1,55.0,43.742886659999996
235,302_CT_1,1,20.0,105.3672414
235,302_CT_2,1,20.0,105.3672414
235,302_CT_3,1,55.0,38.635079579999996
235,302_CT_4,1,55.0,38.635079579999996
235,307_CT_1,1,55.0,35.47476972
235,307_CT_2,1,55.0,35.47476972
235,313_CC_1,1,355.0,33.75273126
235,315_STEAM_1,1,12.0,124.09965539999999
235,315_STEAM_2,1,12.0,124.09965539999999
235,315_STEAM_3,1,12.0,124.09965539999999
235,315_STEAM_4,1,12.0,124.09965539999999
235,315_STEAM_5,1,12.0,124.09965539999999
235,315_CT_6,1,55.0,31.8557679
235,315_CT_7,1,55.0,31.8557679
235,315_CT_8,1,55.0,31.8557679
235,316_STEAM_1,1,155.0,27.274698980000004
235,318_CC_1,1,355.0,31.529241419999998
235,321_CC_1,1,355.0,33.94709226
235,322_CT_5,1,55.0,27.89469072
235,322_CT_6,1,55.0,27.89469072
235,323_CC_1,1,355.0,31.727489639999995
235,323_CC_2,1,355.0,31.727489639999995
235,322_HYDRO_1,1,8.25,0.0
235,322_HYDRO_2,1,8.25,0.0
235,322_HYDRO_3,1,8.25,0.0
235,322_HYDRO_4,1,8.25,0.0
235,320_PV_1,1,0.0,0.0
235,314_PV_1,1,0.0,0.0
235,314_PV_2,1,0.0,0.0
235,313_PV_1,1,0.0,0.0
235,314_PV_3,1,0.0,0.0
235,314_PV_4,1,0.0,0.0
235,313_PV_2,1,0.0,0.0
235,310_PV_1,1,0.0,0.0
235,324_PV_1,1,0.0,0.0
235,312_PV_1,1,0.0,0.0
235,310_PV_2,1,0.0,0.0
235,324_PV_2,1,0.0,0.0
235,324_PV_3,1,0.0,0.0
235,319_PV_1,1,0.0,0.0
235,308_RTPV_1,1,0.0,0.0
235,313_RTPV_1,1,0.0,0.0
235,313_RTPV_2,1,0.0,0.0
235,313_RTPV_3,1,0.0,0.0
235,313_RTPV_4,1,0.0,0.0
235,313_RTPV_5,1,0.0,0.0
235,313_RTPV_6,1,0.0,0.0
235,313_RTPV_7,1,0.0,0.0
235,313_RTPV_8,1,0.0,0.0
235,313_RTPV_9,1,0.0,0.0
235,313_RTPV_10,1,0.0,0.0
235,313_RTPV_11,1,0.0,0.0
235,313_RTPV_12,1,0.0,0.0
235,320_RTPV_1,1,0.0,0.0
235,320_RTPV_2,1,0.0,0.0
235,320_RTPV_3,1,0.0,0.0
235,313_RTPV_13,1,0.0,0.0
235,320_RTPV_4,1,0.0,0.0
235,320_RTPV_5,1,0.0,0.0
235,320_RTPV_6,1,0.0,0.0
235,309_WIND_1,1,7.0,0.0
235,317_WIND_1,1,68.3,0.0
235,303_WIND_1,1,97.1,0.0
236,301_CT_1,1,20.0,105.3672414
236,301_CT_2,1,20.0,105.3672414
236,301_CT_3,1,55.0,43.742886659999996
236,301_CT_4,1,55.0,43.742886659999996
236,302_CT_1,1,20.0,105.3672414
236,302_CT_2,1,20.0,105.3672414
236,302_CT_3,1,55.0,38.635079579999996
236,302_CT_4,1,55.0,38.635079579999996
236,307_CT_1,1,55.0,35.47476972
236,307_CT_2,1,55.0,35.47476972
236,313_CC_1,1,355.0,33.75273126
236,315_STEAM_1,1,12.0,124.09965539999999
236,315_STEAM_2,1,12.0,124.09965539999999
236,315_STEAM_3,1,12.0,124.09965539999999
236,315_STEAM_4,1,12.0,124.09965539999999
236,315_STEAM_5,1,12.0,124.09965539999999
236,315_CT_6,1,55.0,31.8557679
236,315_CT_7,1,55.0,31.8557679
236,315_CT_8,1,55.0,31.8557679
236,316_STEAM_1,1,155.0,27.274698980000004
236,318_CC_1,1,355.0,31.529241419999998
236,321_CC_1,1,355.0,33.94709226
236,322_CT_5,1,55.0,27.89469072
236,322_CT_6,1,55.0,27.89469072
236,323_CC_1,1,355.0,31.727489639999995
236,323_CC_2,1,355.0,31.727489639999995
236,322_HYDRO_1,1,8.7,0.0
236,322_HYDRO_2,1,8.7,0.0
236,322_HYDRO_3,1,8.7,0.0
236,322_HYDRO_4,1,8.7,0.0
236,320_PV_1,1,0.0,0.0
236,314_PV_1,1,0.0,0.0
236,314_PV_2,1,0.0,0.0
236,313_PV_1,1,0.0,0.0
236,314_PV_3,1,0.0,0.0
236,314_PV_4,1,0.0,0.0
236,313_PV_2,1,0.0,0.0
236,310_PV_1,1,0.0,0.0
236,324_PV_1,1,0.0,0.0
236,312_PV_1,1,0.0,0.0
236,310_PV_2,1,0.0,0.0
236,324_PV_2,1,0.0,0.0
236,324_PV_3,1,0.0,0.0
236,319_PV_1,1,0.0,0.0
236,308_RTPV_1,1,0.0,0.0
236,313_RTPV_1,1,0.0,0.0
236,313_RTPV_2,1,0.0,0.0
236,313_RTPV_3,1,0.0,0.0
236,313_RTPV_4,1,0.0,0.0
236,313_RTPV_5,1,0.0,0.0
236,313_RTPV_6,1,0.0,0.0
236,313_RTPV_7,1,0.0,0.0
236,313_RTPV_8,1,0.0,0.0
236,313_RTPV_9,1,0.0,0.0
236,313_RTPV_10,1,0.0,0.0
236,313_RTPV_11,1,0.0,0.0
236,313_RTPV_12,1,0.0,0.0
236,320_RTPV_1,1,0.0,0.0
236,320_RTPV_2,1,0.0,0.0
236,320_RTPV_3,1,0.0,0.0
236,313_RTPV_13,1,0.0,0.0
236,320_RTPV_4,1,0.0,0.0
236,320_RTPV_5,1,0.0,0.0
236,320_RTPV_6,1,0.0,0.0
236,309_WIND_1,1,7.9,0.0
236,317_WIND_1,1,80.0,0.0
236,303_WIND_1,1,86.8,0.0
237,301_CT_1,1,20.0,105.3672414
237,301_CT_2,1,20.0,105.3672414
237,301_CT_3,1,55.0,43.742886659999996
237,301_CT_4,1,55.0,43.742886659999996
237,302_CT_1,1,20.0,105.3672414
237,302_CT_2,1,20.0,105.3672414
237,302_CT_3,1,55.0,38.635079579999996
237,302_CT_4,1,55.0,38.635079579999996
237,307_CT_1,1,55.0,35.47476972
237,307_CT_2,1,55.0,35.47476972
237,313_CC_1,1,355.0,33.75273126
237,315_STEAM_1,1,12.0,124.09965539999999
237,315_STEAM_2,1,12.0,124.09965539999999
237,315_STEAM_3,1,12.0,124.09965539999999
237,315_STEAM_4,1,12.0,124.09965539999999
237,315_STEAM_5,1,12.0,124.09965539999999
237,315_CT_6,1,55.0,31.8557679
237,315_CT_7,1,55.0,31.8557679
237,315_CT_8,1,55.0,31.8557679
237,316_STEAM_1,1,155.0,27.274698980000004
237,318_CC_1,1,355.0,31.529241419999998
237,321_CC_1,1,355.0,33.94709226
237,322_CT_5,1,55.0,27.89469072
237,322_CT_6,1,55.0,27.89469072
237,323_CC_1,1,355.0,31.727489639999995
237,323_CC_2,1,355.0,31.727489639999995
237,322_HYDRO_1,1,9.15,0.0
237,322_HYDRO_2,1,9.15,0.0
237,322_HYDRO_3,1,9.15,0.0
237,322_HYDRO_4,1,9.15,0.0
237,320_PV_1,1,0.0,0.0
237,314_PV_1,1,0.0,0.0
237,314_PV_2,1,0.0,0.0
237,313_PV_1,1,0.0,0.0
237,314_PV_3,1,0.0,0.0
237,314_PV_4,1,0.0,0.0
237,313_PV_2,1,0.0,0.0
237,310_PV_1,1,0.0,0.0
237,324_PV_1,1,0.0,0.0
237,312_PV_1,1,0.0,0.0
237,310_PV_2,1,0.0,0.0
237,324_PV_2,1,0.0,0.0
237,324_PV_3,1,0.0,0.0
237,319_PV_1,1,0.0,0.0
237,308_RTPV_1,1,0.0,0.0
237,313_RTPV_1,1,0.0,0.0
237,313_RTPV_2,1,0.0,0.0
237,313_RTPV_3,1,0.0,0.0
237,313_RTPV_4,1,0.0,0.0
237,313_RTPV_5,1,0.0,0.0
237,313_RTPV_6,1,0.0,0.0
237,313_RTPV_7,1,0.0,0.0
237,313_RTPV_8,1,0.0,0.0
237,313_RTPV_9,1,0.0,0.0
237,313_RTPV_10,1,0.0,0.0
237,313_RTPV_11,1,0.0,0.0
237,313_RTPV_12,1,0.0,0.0
237,320_RTPV_1,1,0.0,0.0
237,320_RTPV_2,1,0.0,0.0
237,320_RTPV_3,1,0.0,0.0
237,313_RTPV_13,1,0.0,0.0
237,320_RTPV_4,1,0.0,0.0
237,320_RTPV_5,1,0.0,0.0
237,320_RTPV_6,1,0.0,0.0
237,309_WIND_1,1,8.2,0.0
237,317_WIND_1,1,87.0,0.0
237,303_WIND_1,1,80.0,0.0
238,301_CT_1,1,20.0,105.3672414
238,301_CT_2,1,20.0,105.3672414
238,301_CT_3,1,55.0,43.742886659999996
238,301_CT_4,1,55.0,43.742886659999996
238,302_CT_1,1,20.0,105.3672414
238,302_CT_2,1,20.0,105.3672414
238,302_CT_3,1,55.0,38.635079579999996
238,302_CT_4,1,55.0,38.635079579999996
238,307_CT_1,1,55.0,35.47476972
238,307_CT_2,1,55.0,35.47476972
238,313_CC_1,1,355.0,33.75273126
238,315_STEAM_1,1,12.0,124.09965539999999
238,315_STEAM_2,1,12.0,124.09965539999999
238,315_STEAM_3,1,12.0,124.09965539999999
238,315_STEAM_4,1,12.0,124.09965539999999
238,315_STEAM_5,1,12.0,124.09965539999999
238,315_CT_6,1,55.0,31.8557679
238,315_CT_7,1,55.0,31.8557679
238,315_CT_8,1,55.0,31.8557679
238,316_STEAM_1,1,155.0,27.274698980000004
238,318_CC_1,1,355.0,31.529241419999998
238,321_CC_1,1,355.0,33.94709226
238,322_CT_5,1,55.0,27.89469072
238,322_CT_6,1,55.0,27.89469072
238,323_CC_1,1,355.0,31.727489639999995
238,323_CC_2,1,355.0,31.727489639999995
238,322_HYDRO_1,1,9.6,0.0
238,322_HYDRO_2,1,9.6,0.0
238,322_HYDRO_3,1,9.6,0.0
238,322_HYDRO_4,1,9.6,0.0
238,320_PV_1,1,0.0,0.0
238,314_PV_1,1,0.0,0.0
238,314_PV_2,1,0.0,0.0
238,313_PV_1,1,0.0,0.0
238,314_PV_3,1,0.0,0.0
238,314_PV_4,1,0.0,0.0
238,313_PV_2,1,0.0,0.0
238,310_PV_1,1,0.0,0.0
238,324_PV_1,1,0.0,0.0
238,312_PV_1,1,0.0,0.0
238,310_PV_2,1,0.0,0.0
238,324_PV_2,1,0.0,0.0
238,324_PV_3,1,0.0,0.0
238,319_PV_1,1,0.0,0.0
238,308_RTPV_1,1,0.0,0.0
238,313_RTPV_1,1,0.0,0.0
238,313_RTPV_2,1,0.0,0.0
238,313_RTPV_3,1,0.0,0.0
238,313_RTPV_4,1,0.0,0.0
238,313_RTPV_5,1,0.0,0.0
238,313_RTPV_6,1,0.0,0.0
238,313_RTPV_7,1,0.0,0.0
238,313_RTPV_8,1,0.0,0.0
238,313_RTPV_9,1,0.0,0.0
238,313_RTPV_10,1,0.0,0.0
238,313_RTPV_11,1,0.0,0.0
238,313_RTPV_12,1,0.0,0.0
238,320_RTPV_1,1,0.0,0.0
238,320_RTPV_2,1,0.0,0.0
238,320_RTPV_3,1,0.0,0.0
238,313_RTPV_13,1,0.0,0.0
238,320_RTPV_4,1,0.0,0.0
238,320_RTPV_5,1,0.0,0.0
238,320_RTPV_6,1,0.0,0.0
238,309_WIND_1,1,8.1,0.0
238,317_WIND_1,1,95.4,0.0
238,303_WIND_1,1,76.5,0.0
239,301_CT_1,1,20.0,105.3672414
239,301_CT_2,1,20.0,105.3672414
239,301_CT_3,1,55.0,43.742886659999996
239,301_CT_4,1,55.0,43.742886659999996
239,302_CT_1,1,20.0,105.3672414
239,302_CT_2,1,20.0,105.3672414
239,302_CT_3,1,55.0,38.635079579999996
239,302_CT_4,1,55.0,38.635079579999996
239,307_CT_1,1,55.0,35.47476972
239,307_CT_2,1,55.0,35.47476972
239,313_CC_1,1,355.0,33.75273126
239,315_STEAM_1,1,12.0,124.09965539999999
239,315_STEAM_2,1,12.0,124.09965539999999
239,315_STEAM_3,1,12.0,124.09965539999999
239,315_STEAM_4,1,12.0,124.09965539999999
239,315_STEAM_5,1,12.0,124.09965539999999
239,315_CT_6,1,55.0,31.8557679
239,315_CT_7,1,55.0,31.8557679
239,315_CT_8,1,55.0,31.8557679
239,316_STEAM_1,1,155.0,27.274698980000004
239,318_CC_1,1,355.0,31.529241419999998
239,321_CC_1,1,355.0,33.94709226
239,322_CT_5,1,55.0,27.89469072
239,322_CT_6,1,55.0,27.89469072
239,323_CC_1,1,355.0,31.727489639999995
239,323_CC_2,1,355.0,31.727489639999995
239,322_HYDRO_1,1,10.05,0.0
239,322_HYDRO_2,1,10.05,0.0
239,322_HYDRO_3,1,10.05,0.0
239,322_HYDRO_4,1,10.05,0.0
239,320_PV_1,1,0.0,0.0
239,314_PV_1,1,0.0,0.0
239,314_PV_2,1,0.0,0.0
239,313_PV_1,1,0.0,0.0
239,314_PV_3,1,0.0,0.0
239,314_PV_4,1,0.0,0.0
239,313_PV_2,1,0.0,0.0
239,310_PV_1,1,0.0,0.0
239,324_PV_1,1,0.0,0.0
239,312_PV_1,1,0.0,0.0
239,310_PV_2,1,0.0,0.0
239,324_PV_2,1,0.0,0.0
239,324_PV_3,1,0.0,0.0
239,319_PV_1,1,0.0,0.0
239,308_RTPV_1,1,0.0,0.0
239,313_RTPV_1,1,0.0,0.0
239,313_RTPV_2,1,0.0,0.0
239,313_RTPV_3,1,0.0,0.0
239,313_RTPV_4,1,0.0,0.0
239,313_RTPV_5,1,0.0,0.0
239,313_RTPV_6,1,0.0,0.0
239,313_RTPV_7,1,0.0,0.0
239,313_RTPV_8,1,0.0,0.0
239,313_RTPV_9,1,0.0,0.0
239,313_RTPV_10,1,0.0,0.0
239,313_RTPV_11,1,0.0,0.0
239,313_RTPV_12,1,0.0,0.0
239,320_RTPV_1,1,0.0,0.0
239,320_RTPV_2,1,0.0,0.0
239,320_RTPV_3,1,0.0,0.0
239,313_RTPV_13,1,0.0,0.0
239,320_RTPV_4,1,0.0,0.0
239,320_RTPV_5,1,0.0,0.0
239,320_RTPV_6,1,0.0,0.0
239,309_WIND_1,1,8.4,0.0
239,317_WIND_1,1,108.1,0.0
239,303_WIND_1,1,76.0,0.0
240,301_CT_1,1,20.0,105.3672414
240,301_CT_2,1,20.0,105.3672414
240,301_CT_3,1,55.0,43.742886659999996
240,301_CT_4,1,55.0,43.742886659999996
240,302_CT_1,1,20.0,105.3672414
240,302_CT_2,1,20.0,105.3672414
240,302_CT_3,1,55.0,38.635079579999996
240,302_CT_4,1,55.0,38.635079579999996
240,307_CT_1,1,55.0,35.47476972
240,307_CT_2,1,55.0,35.47476972
240,313_CC_1,1,355.0,33.75273126
240,315_STEAM_1,1,12.0,124.09965539999999
240,315_STEAM_2,1,12.0,124.09965539999999
240,315_STEAM_3,1,12.0,124.09965539999999
240,315_STEAM_4,1,12.0,124.09965539999999
240,315_STEAM_5,1,12.0,124.09965539999999
240,315_CT_6,1,55.0,31.8557679
240,315_CT_7,1,55.0,31.8557679
240,315_CT_8,1,55.0,31.8557679
240,316_STEAM_1,1,155.0,27.274698980000004
240,318_CC_1,1,355.0,31.529241419999998
240,321_CC_1,1,355.0,33.94709226
240,322_CT_5,1,55.0,27.89469072
240,322_CT_6,1,55.0,27.89469072
240,323_CC_1,1,355.0,31.727489639999995
240,323_CC_2,1,355.0,31.727489639999995
240,322_HYDRO_1,1,10.5,0.0
240,322_HYDRO_2,1,10.5,0.0
240,322_HYDRO_3,1,10.5,0.0
240,322_HYDRO_4,1,10.5,0.0
240,320_PV_1,1,0.0,0.0
240,314_PV_1,1,0.0,0.0
240,314_PV_2,1,0.0,0.0
240,313_PV_1,1,0.0,0.0
240,314_PV_3,1,0.0,0.0
240,314_PV_4,1,0.0,0.0
240,313_PV_2,1,0.0,0.0
240,310_PV_1,1,0.0,0.0
240,324_PV_1,1,0.0,0.0
240,312_PV_1,1,0.0,0.0
240,310_PV_2,1,0.0,0.0
240,324_PV_2,1,0.0,0.0
240,324_PV_3,1,0.0,0.0
240,319_PV_1,1,0.0,0.0
240,308_RTPV_1,1,0.0,0.0
240,313_RTPV_1,1,0.0,0.0
240,313_RTPV_2,1,0.0,0.0
240,313_RTPV_3,1,0.0,0.0
240,313_RTPV_4,1,0.0,0.0
240,313_RTPV_5,1,0.0,0.0
240,313_RTPV_6,1,0.0,0.0
240,313_RTPV_7,1,0.0,0.0
240,313_RTPV_8,1,0.0,0.0
240,313_RTPV_9,1,0.0,0.0
240,313_RTPV_10,1,0.0,0.0
240,313_RTPV_11,1,0.0,0.0
240,313_RTPV_12,1,0.0,0.0
240,320_RTPV_1,1,0.0,0.0
240,320_RTPV_2,1,0.0,0.0
240,320_RTPV_3,1,0.0,0.0
240,313_RTPV_13,1,0.0,0.0
240,320_RTPV_4,1,0.0,0.0
240,320_RTPV_5,1,0.0,0.0
240,320_RTPV_6,1,0.0,0.0
240,309_WIND_1,1,10.1,0.0
240,317_WIND_1,1,123.8,0.0
240,303_WIND_1,1,80.1,0.0
241,301_CT_1,1,20.0,105.3672414
241,301_CT_2,1,20.0,105.3672414
241,301_CT_3,1,55.0,43.742886659999996
241,301_CT_4,1,55.0,43.742886659999996
241,302_CT_1,1,20.0,105.3672414
241,302_CT_2,1,20.0,105.3672414
241,302_CT_3,1,55.0,38.635079579999996
241,302_CT_4,1,55.0,38.635079579999996
241,307_CT_1,1,55.0,35.47476972
241,307_CT_2,1,55.0,35.47476972
241,313_CC_1,1,355.0,33.75273126
241,315_STEAM_1,1,12.0,124.09965539999999
241,315_STEAM_2,1,12.0,124.09965539999999
241,315_STEAM_3,1,12.0,124.09965539999999
241,315_STEAM_4,1,12.0,124.09965539999999
241,315_STEAM_5,1,12.0,124.09965539999999
241,315_CT_6,1,55.0,31.8557679
241,315_CT_7,1,55.0,31.8557679
241,315_CT_8,1,55.0,31.8557679
241,316_STEAM_1,1,155.0,27.274698980000004
241,318_CC_1,1,355.0,31.529241419999998
241,321_CC_1,1,355.0,33.94709226
241,322_CT_5,1,55.0,27.89469072
241,322_CT_6,1,55.0,27.89469072
241,323_CC_1,1,355.0,31.727489639999995
241,323_CC_2,1,355.0,31.727489639999995
241,322_HYDRO_1,1,10.083,0.0
241,322_HYDRO_2,1,10.083,0.0
241,322_HYDRO_3,1,10.083,0.0
241,322_HYDRO_4,1,10.083,0.0
241,320_PV_1,1,0.0,0.0
241,314_PV_1,1,0.0,0.0
241,314_PV_2,1,0.0,0.0
241,313_PV_1,1,0.0,0.0
241,314_PV_3,1,0.0,0.0
241,314_PV_4,1,0.0,0.0
241,313_PV_2,1,0.0,0.0
241,310_PV_1,1,0.0,0.0
241,324_PV_1,1,0.0,0.0
241,312_PV_1,1,0.0,0.0
241,310_PV_2,1,0.0,0.0
241,324_PV_2,1,0.0,0.0
241,324_PV_3,1,0.0,0.0
241,319_PV_1,1,0.0,0.0
241,308_RTPV_1,1,0.0,0.0
241,313_RTPV_1,1,0.0,0.0
241,313_RTPV_2,1,0.0,0.0
241,313_RTPV_3,1,0.0,0.0
241,313_RTPV_4,1,0.0,0.0
241,313_RTPV_5,1,0.0,0.0
241,313_RTPV_6,1,0.0,0.0
241,313_RTPV_7,1,0.0,0.0
241,313_RTPV_8,1,0.0,0.0
241,313_RTPV_9,1,0.0,0.0
241,313_RTPV_10,1,0.0,0.0
241,313_RTPV_11,1,0.0,0.0
241,313_RTPV_12,1,0.0,0.0
241,320_RTPV_1,1,0.0,0.0
241,320_RTPV_2,1,0.0,0.0
241,320_RTPV_3,1,0.0,0.0
241,313_RTPV_13,1,0.0,0.0
241,320_RTPV_4,1,0.0,0.0
241,320_RTPV_5,1,0.0,0.0
241,320_RTPV_6,1,0.0,0.0
241,309_WIND_1,1,8.2,0.0
241,317_WIND_1,1,145.3,0.0
241,303_WIND_1,1,76.1,0.0
242,301_CT_1,1,20.0,105.3672414
242,301_CT_2,1,20.0,105.3672414
242,301_CT_3,1,55.0,43.742886659999996
242,301_CT_4,1,55.0,43.742886659999996
242,302_CT_1,1,20.0,105.3672414
242,302_CT_2,1,20.0,105.3672414
242,302_CT_3,1,55.0,38.635079579999996
242,302_CT_4,1,55.0,38.635079579999996
242,307_CT_1,1,55.0,35.47476972
242,307_CT_2,1,55.0,35.47476972
242,313_CC_1,1,355.0,33.75273126
242,315_STEAM_1,1,12.0,124.09965539999999
242,315_STEAM_2,1,12.0,124.09965539999999
242,315_STEAM_3,1,12.0,124.09965539999999
242,315_STEAM_4,1,12.0,124.09965539999999
242,315_STEAM_5,1,12.0,124.09965539999999
242,315_CT_6,1,55.0,31.8557679
242,315_CT_7,1,55.0,31.8557679
242,315_CT_8,1,55.0,31.8557679
242,316_STEAM_1,1,155.0,27.274698980000004
242,318_CC_1,1,355.0,31.529241419999998
242,321_CC_1,1,355.0,33.94709226
242,322_CT_5,1,55.0,27.89469072
242,322_CT_6,1,55.0,27.89469072
242,323_CC_1,1,355.0,31.727489639999995
242,323_CC_2,1,355.0,31.727489639999995
242,322_HYDRO_1,1,9.667,0.0
242,322_HYDRO_2,1,9.667,0.0
242,322_HYDRO_3,1,9.667,0.0
242,322_HYDRO_4,1,9.667,0.0
242,320_PV_1,1,0.0,0.0
242,314_PV_1,1,0.0,0.0
242,314_PV_2,1,0.0,0.0
242,313_PV_1,1,0.0,0.0
242,314_PV_3,1,0.0,0.0
242,314_PV_4,1,0.0,0.0
242,313_PV_2,1,0.0,0.0
242,310_PV_1,1,0.0,0.0
242,324_PV_1,1,0.0,0.0
242,312_PV_1,1,0.0,0.0
242,310_PV_2,1,0.0,0.0
242,324_PV_2,1,0.0,0.0
242,324_PV_3,1,0.0,0.0
242,319_PV_1,1,0.0,0.0
242,308_RTPV_1,1,0.0,0.0
242,313_RTPV_1,1,0.0,0.0
242,313_RTPV_2,1,0.0,0.0
242,313_RTPV_3,1,0.0,0.0
242,313_RTPV_4,1,0.0,0.0
242,313_RTPV_5,1,0.0,0.0
242,313_RTPV_6,1,0.0,0.0
242,313_RTPV_7,1,0.0,0.0
242,313_RTPV_8,1,0.0,0.0
242,313_RTPV_9,1,0.0,0.0
242,313_RTPV_10,1,0.0,0.0
242,313_RTPV_11,1,0.0,0.0
242,313_RTPV_12,1,0.0,0.0
242,320_RTPV_1,1,0.0,0.0
242,320_RTPV_2,1,0.0,0.0
242,320_RTPV_3,1,0.0,0.0
242,313_RTPV_13,1,0.0,0.0
242,320_RTPV_4,1,0.0,0.0
242,320_RTPV_5,1,0.0,0.0
242,320_RTPV_6,1,0.0,0.0
242,309_WIND_1,1,7.2,0.0
242,317_WIND_1,1,174.9,0.0
242,303_WIND_1,1,77.7,0.0
243,301_CT_1,1,20.0,105.3672414
243,301_CT_2,1,20.0,105.3672414
243,301_CT_3,1,55.0,43.742886659999996
243,301_CT_4,1,55.0,43.742886659999996
243,302_CT_1,1,20.0,105.3672414
243,302_CT_2,1,20.0,105.3672414
243,302_CT_3,1,55.0,38.635079579999996
243,302_CT_4,1,55.0,38.635079579999996
243,307_CT_1,1,55.0,35.47476972
243,307_CT_2,1,55.0,35.47476972
243,313_CC_1,1,355.0,33.75273126
243,315_STEAM_1,1,12.0,124.09965539999999
243,315_STEAM_2,1,12.0,124.09965539999999
243,315_STEAM_3,1,12.0,124.09965539999999
243,315_STEAM_4,1,12.0,124.09965539999999
243,315_STEAM_5,1,12.0,124.09965539999999
243,315_CT_6,1,55.0,31.8557679
243,315_CT_7,1,55.0,31.8557679
243,315_CT_8,1,55.0,31.8557679
243,316_STEAM_1,1,155.0,27.274698980000004
243,318_CC_1,1,355.0,31.529241419999998
243,321_CC_1,1,355.0,33.94709226
243,322_CT_5,1,55.0,27.89469072
243,322_CT_6,1,55.0,27.89469072
243,323_CC_1,1,355.0,31.727489639999995
243,323_CC_2,1,355.0,31.727489639999995
243,322_HYDRO_1,1,9.25,0.0
243,322_HYDRO_2,1,9.25,0.0
243,322_HYDRO_3,1,9.25,0.0
243,322_HYDRO_4,1,9.25,0.0
243,320_PV_1,1,0.0,0.0
243,314_PV_1,1,0.0,0.0
243,314_PV_2,1,0.0,0.0
243,313_PV_1,1,0.0,0.0
243,314_PV_3,1,0.0,0.0
243,314_PV_4,1,0.0,0.0
243,313_PV_2,1,0.0,0.0
243,310_PV_1,1,0.0,0.0
243,324_PV_1,1,0.0,0.0
243,312_PV_1,1,0.0,0.0
243,310_PV_2,1,0.0,0.0
243,324_PV_2,1,0.0,0.0
243,324_PV_3,1,0.0,0.0
243,319_PV_1,1,0.0,0.0
243,308_RTPV_1,1,0.0,0.0
243,313_RTPV_1,1,0.0,0.0
243,313_RTPV_2,1,0.0,0.0
243,313_RTPV_3,1,0.0,0.0
243,313_RTPV_4,1,0.0,0.0
243,313_RTPV_5,1,0.0,0.0
243,313_RTPV_6,1,0.0,0.0
243,313_RTPV_7,1,0.0,0.0
243,313_RTPV_8,1,0.0,0.0
243,313_RTPV_9,1,0.0,0.0
243,313_RTPV_10,1,0.0,0.0
243,313_RTPV_11,1,0.0,0.0
243,313_RTPV_12,1,0.0,0.0
243,320_RTPV_1,1,0.0,0.0
243,320_RTPV_2,1,0.0,0.0
243,320_RTPV_3,1,0.0,0.0
243,313_RTPV_13,1,0.0,0.0
243,320_RTPV_4,1,0.0,0.0
243,320_RTPV_5,1,0.0,0.0
243,320_RTPV_6,1,0.0,0.0
243,309_WIND_1,1,5.9,0.0
243,317_WIND_1,1,199.6,0.0
243,303_WIND_1,1,90.5,0.0
244,301_CT_1,1,20.0,105.3672414
244,301_CT_2,1,20.0,105.3672414
244,301_CT_3,1,55.0,43.742886659999996
244,301_CT_4,1,55.0,43.742886659999996
244,302_CT_1,1,20.0,105.3672414
244,302_CT_2,1,20.0,105.3672414
244,302_CT_3,1,55.0,38.635079579999996
244,302_CT_4,1,55.0,38.635079579999996
244,307_CT_1,1,55.0,35.47476972
244,307_CT_2,1,55.0,35.47476972
244,313_CC_1,1,355.0,33.75273126
244,315_STEAM_1,1,12.0,124.09965539999999
244,315_STEAM_2,1,12.0,124.09965539999999
244,315_STEAM_3,1,12.0,124.09965539999999
244,315_STEAM_4,1,12.0,124.09965539999999
244,315_STEAM_5,1,12.0,124.09965539999999
244,315_CT_6,1,55.0,31.8557679
244,315_CT_7,1,55.0,31.8557679
244,315_CT_8,1,55.0,31.8557679
244,316_STEAM_1,1,155.0,27.274698980000004
244,318_CC_1,1,355.0,31.529241419999998
244,321_CC_1,1,355.0,33.94709226
244,322_CT_5,1,55.0,27.89469072
244,322_CT_6,1,55.0,27.89469072
244,323_CC_1,1,355.0,31.727489639999995
244,323_CC_2,1,355.0,31.727489639999995
244,322_HYDRO_1,1,8.833,0.0
244,322_HYDRO_2,1,8.833,0.0
244,322_HYDRO_3,1,8.833,0.0
244,322_HYDRO_4,1,8.833,0.0
244,320_PV_1,1,0.0,0.0
244,314_PV_1,1,0.0,0.0
244,314_PV_2,1,0.0,0.0
244,313_PV_1,1,0.0,0.0
244,314_PV_3,1,0.0,0.0
244,314_PV_4,1,0.0,0.0
244,313_PV_2,1,0.0,0.0
244,310_PV_1,1,0.0,0.0
244,324_PV_1,1,0.0,0.0
244,312_PV_1,1,0.0,0.0
244,310_PV_2,1,0.0,0.0
244,324_PV_2,1,0.0,0.0
244,324_PV_3,1,0.0,0.0
244,319_PV_1,1,0.0,0.0
244,308_RTPV_1,1,0.0,0.0
244,313_RTPV_1,1,0.0,0.0
244,313_RTPV_2,1,0.0,0.0
244,313_RTPV_3,1,0.0,0.0
244,313_RTPV_4,1,0.0,0.0
244,313_RTPV_5,1,0.0,0.0
244,313_RTPV_6,1,0.0,0.0
244,313_RTPV_7,1,0.0,0.0
244,313_RTPV_8,1,0.0,0.0
244,313_RTPV_9,1,0.0,0.0
244,313_RTPV_10,1,0.0,0.0
244,313_RTPV_11,1,0.0,0.0
244,313_RTPV_12,1,0.0,0.0
244,320_RTPV_1,1,0.0,0.0
244,320_RTPV_2,1,0.0,0.0
244,320_RTPV_3,1,0.0,0.0
244,313_RTPV_13,1,0.0,0.0
244,320_RTPV_4,1,0.0,0.0
244,320_RTPV_5,1,0.0,0.0
244,320_RTPV_6,1,0.0,0.0
244,309_WIND_1,1,8.1,0.0
244,317_WIND_1,1,225.1,0.0
244,303_WIND_1,1,104.8,0.0
245,301_CT_1,1,20.0,105.3672414
245,301_CT_2,1,20.0,105.3672414
245,301_CT_3,1,55.0,43.742886659999996
245,301_CT_4,1,55.0,43.742886659999996
245,302_CT_1,1,20.0,105.3672414
245,302_CT_2,1,20.0,105.3672414
245,302_CT_3,1,55.0,38.635079579999996
245,302_CT_4,1,55.0,38.635079579999996
245,307_CT_1,1,55.0,35.47476972
245,307_CT_2,1,55.0,35.47476972
245,313_CC_1,1,355.0,33.75273126
245,315_STEAM_1,1,12.0,124.09965539999999
245,315_STEAM_2,1,12.0,124.09965539999999
245,315_STEAM_3,1,12.0,124.09965539999999
245,315_STEAM_4,1,12.0,124.09965539999999
245,315_STEAM_5,1,12.0,124.09965539999999
245,315_CT_6,1,55.0,31.8557679
245,315_CT_7,1,55.0,31.8557679
245,315_CT_8,1,55.0,31.8557679
245,316_STEAM_1,1,155.0,27.274698980000004
245,318_CC_1,1,355.0,31.529241419999998
245,321_CC_1,1,355.0,33.94709226
245,322_CT_5,1,55.0,27.89469072
245,322_CT_6,1,55.0,27.89469072
245,323_CC_1,1,355.0,31.727489639999995
245,323_CC_2,1,355.0,31.727489639999995
245,322_HYDRO_1,1,8.417,0.0
245,322_HYDRO_2,1,8.417,0.0
245,322_HYDRO_3,1,8.417,0.0
245,322_HYDRO_4,1,8.417,0.0
245,320_PV_1,1,0.0,0.0
245,314_PV_1,1,0.0,0.0
245,314_PV_2,1,0.0,0.0
245,313_PV_1,1,0.0,0.0
245,314_PV_3,1,0.0,0.0
245,314_PV_4,1,0.0,0.0
245,313_PV_2,1,0.0,0.0
245,310_PV_1,1,0.0,0.0
245,324_PV_1,1,0.0,0.0
245,312_PV_1,1,0.0,0.0
245,310_PV_2,1,0.0,0.0
245,324_PV_2,1,0.0,0.0
245,324_PV_3,1,0.0,0.0
245,319_PV_1,1,0.0,0.0
245,308_RTPV_1,1,0.0,0.0
245,313_RTPV_1,1,0.0,0.0
245,313_RTPV_2,1,0.0,0.0
245,313_RTPV_3,1,0.0,0.0
245,313_RTPV_4,1,0.0,0.0
245,313_RTPV_5,1,0.0,0.0
245,313_RTPV_6,1,0.0,0.0
245,313_RTPV_7,1,0.0,0.0
245,313_RTPV_8,1,0.0,0.0
245,313_RTPV_9,1,0.0,0.0
245,313_RTPV_10,1,0.0,0.0
245,313_RTPV_11,1,0.0,0.0
245,313_RTPV_12,1,0.0,0.0
245,320_RTPV_1,1,0.0,0.0
245,320_RTPV_2,1,0.0,0.0
245,320_RTPV_3,1,0.0,0.0
245,313_RTPV_13,1,0.0,0.0
245,320_RTPV_4,1,0.0,0.0
245,320_RTPV_5,1,0.0,0.0
245,320_RTPV_6,1,0.0,0.0
245,309_WIND_1,1,9.4,0.0
245,317_WIND_1,1,261.3,0.0
245,303_WIND_1,1,103.9,0.0
246,301_CT_1,1,20.0,105.3672414
246,301_CT_2,1,20.0,105.3672414
246,301_CT_3,1,55.0,43.742886659999996
246,301_CT_4,1,55.0,43.742886659999996
246,302_CT_1,1,20.0,105.3672414
246,302_CT_2,1,20.0,105.3672414
246,302_CT_3,1,55.0,38.635079579999996
246,302_CT_4,1,55.0,38.635079579999996
246,307_CT_1,1,55.0,35.47476972
246,307_CT_2,1,55.0,35.47476972
246,313_CC_1,1,355.0,33.75273126
246,315_STEAM_1,1,12.0,124.09965539999999
246,315_STEAM_2,1,12.0,124.09965539999999
246,315_STEAM_3,1,12.0,124.09965539999999
246,315_STEAM_4,1,12.0,124.09965539999999
246,315_STEAM_5,1,12.0,124.09965539999999
246,315_CT_6,1,55.0,31.8557679
246,315_CT_7,1,55.0,31.8557679
246,315_CT_8,1,55.0,31.8557679
246,316_STEAM_1,1,155.0,27.274698980000004
246,318_CC_1,1,355.0,31.529241419999998
246,321_CC_1,1,355.0,33.94709226
246,322_CT_5,1,55.0,27.89469072
246,322_CT_6,1,55.0,27.89469072
246,323_CC_1,1,355.0,31.727489639999995
246,323_CC_2,1,355.0,31.727489639999995
246,322_HYDRO_1,1,8.0,0.0
246,322_HYDRO_2,1,8.0,0.0
246,322_HYDRO_3,1,8.0,0.0
246,322_HYDRO_4,1,8.0,0.0
246,320_PV_1,1,0.0,0.0
246,314_PV_1,1,0.0,0.0
246,314_PV_2,1,0.0,0.0
246,313_PV_1,1,0.0,0.0
246,314_PV_3,1,0.0,0.0
246,314_PV_4,1,0.0,0.0
246,313_PV_2,1,0.0,0.0
246,310_PV_1,1,0.0,0.0
246,324_PV_1,1,0.0,0.0
246,312_PV_1,1,0.0,0.0
246,310_PV_2,1,0.0,0.0
246,324_PV_2,1,0.0,0.0
246,324_PV_3,1,0.0,0.0
246,319_PV_1,1,0.0,0.0
246,308_RTPV_1,1,0.0,0.0
246,313_RTPV_1,1,0.0,0.0
246,313_RTPV_2,1,0.0,0.0
246,313_RTPV_3,1,0.0,0.0
246,313_RTPV_4,1,0.0,0.0
246,313_RTPV_5,1,0.0,0.0
246,313_RTPV_6,1,0.0,0.0
246,313_RTPV_7,1,0.0,0.0
246,313_RTPV_8,1,0.0,0.0
246,313_RTPV_9,1,0.0,0.0
246,313_RTPV_10,1,0.0,0.0
246,313_RTPV_11,1,0.0,0.0
246,313_RTPV_12,1,0.0,0.0
246,320_RTPV_1,1,0.0,0.0
246,320_RTPV_2,1,0.0,0.0
246,320_RTPV_3,1,0.0,0.0
246,313_RTPV_13,1,0.0,0.0
246,320_RTPV_4,1,0.0,0.0
246,320_RTPV_5,1,0.0,0.0
246,320_RTPV_6,1,0.0,0.0
246,309_WIND_1,1,11.5,0.0
246,317_WIND_1,1,305.9,0.0
246,303_WIND_1,1,111.1,0.0
247,301_CT_1,1,20.0,105.3672414
247,301_CT_2,1,20.0,105.3672414
247,301_CT_3,1,55.0,43.742886659999996
247,301_CT_4,1,55.0,43.742886659999996
247,302_CT_1,1,20.0,105.3672414
247,302_CT_2,1,20.0,105.3672414
247,302_CT_3,1,55.0,38.635079579999996
247,302_CT_4,1,55.0,38.635079579999996
247,307_CT_1,1,55.0,35.47476972
247,307_CT_2,1,55.0,35.47476972
247,313_CC_1,1,355.0,33.75273126
247,315_STEAM_1,1,12.0,124.09965539999999
247,315_STEAM_2,1,12.0,124.09965539999999
247,315_STEAM_3,1,12.0,124.09965539999999
247,315_STEAM_4,1,12.0,124.09965539999999
247,315_STEAM_5,1,12.0,124.09965539999999
247,315_CT_6,1,55.0,31.8557679
247,315_CT_7,1,55.0,31.8557679
247,315_CT_8,1,55.0,31.8557679
247,316_STEAM_1,1,155.0,27.274698980000004
247,318_CC_1,1,355.0,31.529241419999998
247,321_CC_1,1,355.0,33.94709226
247,322_CT_5,1,55.0,27.89469072
247,322_CT_6,1,55.0,27.89469072
247,323_CC_1,1,355.0,31.727489639999995
247,323_CC_2,1,355.0,31.727489639999995
247,322_HYDRO_1,1,7.582999999999999,0.0
247,322_HYDRO_2,1,7.582999999999999,0.0
247,322_HYDRO_3,1,7.582999999999999,0.0
247,322_HYDRO_4,1,7.582999999999999,0.0
247,320_PV_1,1,0.0,0.0
247,314_PV_1,1,0.0,0.0
247,314_PV_2,1,0.0,0.0
247,313_PV_1,1,0.0,0.0
247,314_PV_3,1,0.0,0.0
247,314_PV_4,1,0.0,0.0
247,313_PV_2,1,0.0,0.0
247,310_PV_1,1,0.0,0.0
247,324_PV_1,1,0.0,0.0
247,312_PV_1,1,0.0,0.0
247,310_PV_2,1,0.0,0.0
247,324_PV_2,1,0.0,0.0
247,324_PV_3,1,0.0,0.0
247,319_PV_1,1,0.0,0.0
247,308_RTPV_1,1,0.0,0.0
247,313_RTPV_1,1,0.0,0.0
247,313_RTPV_2,1,0.0,0.0
247,313_RTPV_3,1,0.0,0.0
247,313_RTPV_4,1,0.0,0.0
247,313_RTPV_5,1,0.0,0.0
247,313_RTPV_6,1,0.0,0.0
247,313_RTPV_7,1,0.0,0.0
247,313_RTPV_8,1,0.0,0.0
247,313_RTPV_9,1,0.0,0.0
247,313_RTPV_10,1,0.0,0.0
247,313_RTPV_11,1,0.0,0.0
247,313_RTPV_12,1,0.0,0.0
247,320_RTPV_1,1,0.0,0.0
247,320_RTPV_2,1,0.0,0.0
247,320_RTPV_3,1,0.0,0.0
247,313_RTPV_13,1,0.0,0.0
247,320_RTPV_4,1,0.0,0.0
247,320_RTPV_5,1,0.0,0.0
247,320_RTPV_6,1,0.0,0.0
247,309_WIND_1,1,7.2,0.0
247,317_WIND_1,1,346.1,0.0
247,303_WIND_1,1,111.7,0.0
248,301_CT_1,1,20.0,105.3672414
248,301_CT_2,1,20.0,105.3672414
248,301_CT_3,1,55.0,43.742886659999996
248,301_CT_4,1,55.0,43.742886659999996
248,302_CT_1,1,20.0,105.3672414
248,302_CT_2,1,20.0,105.3672414
248,302_CT_3,1,55.0,38.635079579999996
248,302_CT_4,1,55.0,38.635079579999996
248,307_CT_1,1,55.0,35.47476972
248,307_CT_2,1,55.0,35.47476972
248,313_CC_1,1,355.0,33.75273126
248,315_STEAM_1,1,12.0,124.09965539999999
248,315_STEAM_2,1,12.0,124.09965539999999
248,315_STEAM_3,1,12.0,124.09965539999999
248,315_STEAM_4,1,12.0,124.09965539999999
248,315_STEAM_5,1,12.0,124.09965539999999
248,315_CT_6,1,55.0,31.8557679
248,315_CT_7,1,55.0,31.8557679
248,315_CT_8,1,55.0,31.8557679
248,316_STEAM_1,1,155.0,27.274698980000004
248,318_CC_1,1,355.0,31.529241419999998
248,321_CC_1,1,355.0,33.94709226
248,322_CT_5,1,55.0,27.89469072
248,322_CT_6,1,55.0,27.89469072
248,323_CC_1,1,355.0,31.727489639999995
248,323_CC_2,1,355.0,31.727489639999995
248,322_HYDRO_1,1,7.167000000000001,0.0
248,322_HYDRO_2,1,7.167000000000001,0.0
248,322_HYDRO_3,1,7.167000000000001,0.0
248,322_HYDRO_4,1,7.167000000000001,0.0
248,320_PV_1,1,0.0,0.0
248,314_PV_1,1,0.0,0.0
248,314_PV_2,1,0.0,0.0
248,313_PV_1,1,0.0,0.0
248,314_PV_3,1,0.0,0.0
248,314_PV_4,1,0.0,0.0
248,313_PV_2,1,0.0,0.0
248,310_PV_1,1,0.0,0.0
248,324_PV_1,1,0.0,0.0
248,312_PV_1,1,0.0,0.0
248,310_PV_2,1,0.0,0.0
248,324_PV_2,1,0.0,0.0
248,324_PV_3,1,0.0,0.0
248,319_PV_1,1,0.0,0.0
248,308_RTPV_1,1,0.0,0.0
248,313_RTPV_1,1,0.0,0.0
248,313_RTPV_2,1,0.0,0.0
248,313_RTPV_3,1,0.0,0.0
248,313_RTPV_4,1,0.0,0.0
248,313_RTPV_5,1,0.0,0.0
248,313_RTPV_6,1,0.0,0.0
248,313_RTPV_7,1,0.0,0.0
248,313_RTPV_8,1,0.0,0.0
248,313_RTPV_9,1,0.0,0.0
248,313_RTPV_10,1,0.0,0.0
248,313_RTPV_11,1,0.0,0.0
248,313_RTPV_12,1,0.0,0.0
248,320_RTPV_1,1,0.0,0.0
248,320_RTPV_2,1,0.0,0.0
248,320_RTPV_3,1,0.0,0.0
248,313_RTPV_13,1,0.0,0.0
248,320_RTPV_4,1,0.0,0.0
248,320_RTPV_5,1,0.0,0.0
248,320_RTPV_6,1,0.0,0.0
248,309_WIND_1,1,2.0,0.0
248,317_WIND_1,1,367.5,0.0
248,303_WIND_1,1,110.1,0.0
249,301_CT_1,1,20.0,105.3672414
249,301_CT_2,1,20.0,105.3672414
249,301_CT_3,1,55.0,43.742886659999996
249,301_CT_4,1,55.0,43.742886659999996
249,302_CT_1,1,20.0,105.3672414
249,302_CT_2,1,20.0,105.3672414
249,302_CT_3,1,55.0,38.635079579999996
249,302_CT_4,1,55.0,38.635079579999996
249,307_CT_1,1,55.0,35.47476972
249,307_CT_2,1,55.0,35.47476972
249,313_CC_1,1,355.0,33.75273126
249,315_STEAM_1,1,12.0,124.09965539999999
249,315_STEAM_2,1,12.0,124.09965539999999
249,315_STEAM_3,1,12.0,124.09965539999999
249,315_STEAM_4,1,12.0,124.09965539999999
249,315_STEAM_5,1,12.0,124.09965539999999
249,315_CT_6,1,55.0,31.8557679
249,315_CT_7,1,55.0,31.8557679
249,315_CT_8,1,55.0,31.8557679
249,316_STEAM_1,1,155.0,27.274698980000004
249,318_CC_1,1,355.0,31.529241419999998
249,321_CC_1,1,355.0,33.94709226
249,322_CT_5,1,55.0,27.89469072
249,322_CT_6,1,55.0,27.89469072
249,323_CC_1,1,355.0,31.727489639999995
249,323_CC_2,1,355.0,31.727489639999995
249,322_HYDRO_1,1,6.75,0.0
249,322_HYDRO_2,1,6.75,0.0
249,322_HYDRO_3,1,6.75,0.0
249,322_HYDRO_4,1,6.75,0.0
249,320_PV_1,1,0.0,0.0
249,314_PV_1,1,0.0,0.0
249,314_PV_2,1,0.0,0.0
249,313_PV_1,1,0.0,0.0
249,314_PV_3,1,0.0,0.0
249,314_PV_4,1,0.0,0.0
249,313_PV_2,1,0.0,0.0
249,310_PV_1,1,0.0,0.0
249,324_PV_1,1,0.0,0.0
249,312_PV_1,1,0.0,0.0
249,310_PV_2,1,0.0,0.0
249,324_PV_2,1,0.0,0.0
249,324_PV_3,1,0.0,0.0
249,319_PV_1,1,0.0,0.0
249,308_RTPV_1,1,0.0,0.0
249,313_RTPV_1,1,0.0,0.0
249,313_RTPV_2,1,0.0,0.0
249,313_RTPV_3,1,0.0,0.0
249,313_RTPV_4,1,0.0,0.0
249,313_RTPV_5,1,0.0,0.0
249,313_RTPV_6,1,0.0,0.0
249,313_RTPV_7,1,0.0,0.0
249,313_RTPV_8,1,0.0,0.0
249,313_RTPV_9,1,0.0,0.0
249,313_RTPV_10,1,0.0,0.0
249,313_RTPV_11,1,0.0,0.0
249,313_RTPV_12,1,0.0,0.0
249,320_RTPV_1,1,0.0,0.0
249,320_RTPV_2,1,0.0,0.0
249,320_RTPV_3,1,0.0,0.0
249,313_RTPV_13,1,0.0,0.0
249,320_RTPV_4,1,0.0,0.0
249,320_RTPV_5,1,0.0,0.0
249,320_RTPV_6,1,0.0,0.0
249,309_WIND_1,1,3.5,0.0
249,317_WIND_1,1,389.9,0.0
249,303_WIND_1,1,108.0,0.0
250,301_CT_1,1,20.0,105.3672414
250,301_CT_2,1,20.0,105.3672414
250,301_CT_3,1,55.0,43.742886659999996
250,301_CT_4,1,55.0,43.742886659999996
250,302_CT_1,1,20.0,105.3672414
250,302_CT_2,1,20.0,105.3672414
250,302_CT_3,1,55.0,38.635079579999996
250,302_CT_4,1,55.0,38.635079579999996
250,307_CT_1,1,55.0,35.47476972
250,307_CT_2,1,55.0,35.47476972
250,313_CC_1,1,355.0,33.75273126
250,315_STEAM_1,1,12.0,124.09965539999999
250,315_STEAM_2,1,12.0,124.09965539999999
250,315_STEAM_3,1,12.0,124.09965539999999
250,315_STEAM_4,1,12.0,124.09965539999999
250,315_STEAM_5,1,12.0,124.09965539999999
250,315_CT_6,1,55.0,31.8557679
250,315_CT_7,1,55.0,31.8557679
250,315_CT_8,1,55.0,31.8557679
250,316_STEAM_1,1,155.0,27.274698980000004
250,318_CC_1,1,355.0,31.529241419999998
250,321_CC_1,1,355.0,33.94709226
250,322_CT_5,1,55.0,27.89469072
250,322_CT_6,1,55.0,27.89469072
250,323_CC_1,1,355.0,31.727489639999995
250,323_CC_2,1,355.0,31.727489639999995
250,322_HYDRO_1,1,6.332999999999999,0.0
250,322_HYDRO_2,1,6.332999999999999,0.0
250,322_HYDRO_3,1,6.332999999999999,0.0
250,322_HYDRO_4,1,6.332999999999999,0.0
250,320_PV_1,1,0.0,0.0
250,314_PV_1,1,0.0,0.0
250,314_PV_2,1,0.0,0.0
250,313_PV_1,1,0.0,0.0
250,314_PV_3,1,0.0,0.0
250,314_PV_4,1,0.0,0.0
250,313_PV_2,1,0.0,0.0
250,310_PV_1,1,0.0,0.0
250,324_PV_1,1,0.0,0.0
250,312_PV_1,1,0.0,0.0
250,310_PV_2,1,0.0,0.0
250,324_PV_2,1,0.0,0.0
250,324_PV_3,1,0.0,0.0
250,319_PV_1,1,0.0,0.0
250,308_RTPV_1,1,0.0,0.0
250,313_RTPV_1,1,0.0,0.0
250,313_RTPV_2,1,0.0,0.0
250,313_RTPV_3,1,0.0,0.0
250,313_RTPV_4,1,0.0,0.0
250,313_RTPV_5,1,0.0,0.0
250,313_RTPV_6,1,0.0,0.0
250,313_RTPV_7,1,0.0,0.0
250,313_RTPV_8,1,0.0,0.0
250,313_RTPV_9,1,0.0,0.0
250,313_RTPV_10,1,0.0,0.0
250,313_RTPV_11,1,0.0,0.0
250,313_RTPV_12,1,0.0,0.0
250,320_RTPV_1,1,0.0,0.0
250,320_RTPV_2,1,0.0,0.0
250,320_RTPV_3,1,0.0,0.0
250,313_RTPV_13,1,0.0,0.0
250,320_RTPV_4,1,0.0,0.0
250,320_RTPV_5,1,0.0,0.0
250,320_RTPV_6,1,0.0,0.0
250,309_WIND_1,1,9.9,0.0
250,317_WIND_1,1,426.3,0.0
250,303_WIND_1,1,112.6,0.0
251,301_CT_1,1,20.0,105.3672414
251,301_CT_2,1,20.0,105.3672414
251,301_CT_3,1,55.0,43.742886659999996
251,301_CT_4,1,55.0,43.742886659999996
251,302_CT_1,1,20.0,105.3672414
251,302_CT_2,1,20.0,105.3672414
251,302_CT_3,1,55.0,38.635079579999996
251,302_CT_4,1,55.0,38.635079579999996
251,307_CT_1,1,55.0,35.47476972
251,307_CT_2,1,55.0,35.47476972
251,313_CC_1,1,355.0,33.75273126
251,315_STEAM_1,1,12.0,124.09965539999999
251,315_STEAM_2,1,12.0,124.09965539999999
251,315_STEAM_3,1,12.0,124.09965539999999
251,315_STEAM_4,1,12.0,124.09965539999999
251,315_STEAM_5,1,12.0,124.09965539999999
251,315_CT_6,1,55.0,31.8557679
251,315_CT_7,1,55.0,31.8557679
251,315_CT_8,1,55.0,31.8557679
251,316_STEAM_1,1,155.0,27.274698980000004
251,318_CC_1,1,355.0,31.529241419999998
251,321_CC_1,1,355.0,33.94709226
251,322_CT_5,1,55.0,27.89469072
251,322_CT_6,1,55.0,27.89469072
251,323_CC_1,1,355.0,31.727489639999995
251,323_CC_2,1,355.0,31.727489639999995
251,322_HYDRO_1,1,5.917000000000001,0.0
251,322_HYDRO_2,1,5.917000000000001,0.0
251,322_HYDRO_3,1,5.917000000000001,0.0
251,322_HYDRO_4,1,5.917000000000001,0.0
251,320_PV_1,1,0.0,0.0
251,314_PV_1,1,0.0,0.0
251,314_PV_2,1,0.0,0.0
251,313_PV_1,1,0.0,0.0
251,314_PV_3,1,0.0,0.0
251,314_PV_4,1,0.0,0.0
251,313_PV_2,1,0.0,0.0
251,310_PV_1,1,0.0,0.0
251,324_PV_1,1,0.0,0.0
251,312_PV_1,1,0.0,0.0
251,310_PV_2,1,0.0,0.0
251,324_PV_2,1,0.0,0.0
251,324_PV_3,1,0.0,0.0
251,319_PV_1,1,0.0,0.0
251,308_RTPV_1,1,0.0,0.0
251,313_RTPV_1,1,0.0,0.0
251,313_RTPV_2,1,0.0,0.0
251,313_RTPV_3,1,0.0,0.0
251,313_RTPV_4,1,0.0,0.0
251,313_RTPV_5,1,0.0,0.0
251,313_RTPV_6,1,0.0,0.0
251,313_RTPV_7,1,0.0,0.0
251,313_RTPV_8,1,0.0,0.0
251,313_RTPV_9,1,0.0,0.0
251,313_RTPV_10,1,0.0,0.0
251,313_RTPV_11,1,0.0,0.0
251,313_RTPV_12,1,0.0,0.0
251,320_RTPV_1,1,0.0,0.0
251,320_RTPV_2,1,0.0,0.0
251,320_RTPV_3,1,0.0,0.0
251,313_RTPV_13,1,0.0,0.0
251,320_RTPV_4,1,0.0,0.0
251,320_RTPV_5,1,0.0,0.0
251,320_RTPV_6,1,0.0,0.0
251,309_WIND_1,1,12.2,0.0
251,317_WIND_1,1,456.4,0.0
251,303_WIND_1,1,119.8,0.0
252,301_CT_1,1,20.0,105.3672414
252,301_CT_2,1,20.0,105.3672414
252,301_CT_3,1,55.0,43.742886659999996
252,301_CT_4,1,55.0,43.742886659999996
252,302_CT_1,1,20.0,105.3672414
252,302_CT_2,1,20.0,105.3672414
252,302_CT_3,1,55.0,38.635079579999996
252,302_CT_4,1,55.0,38.635079579999996
252,307_CT_1,1,55.0,35.47476972
252,307_CT_2,1,55.0,35.47476972
252,313_CC_1,1,355.0,33.75273126
252,315_STEAM_1,1,12.0,124.09965539999999
252,315_STEAM_2,1,12.0,124.09965539999999
252,315_STEAM_3,1,12.0,124.09965539999999
252,315_STEAM_4,1,12.0,124.09965539999999
252,315_STEAM_5,1,12.0,124.09965539999999
252,315_CT_6,1,55.0,31.8557679
252,315_CT_7,1,55.0,31.8557679
252,315_CT_8,1,55.0,31.8557679
252,316_STEAM_1,1,155.0,27.274698980000004
252,318_CC_1,1,355.0,31.529241419999998
252,321_CC_1,1,355.0,33.94709226
252,322_CT_5,1,55.0,27.89469072
252,322_CT_6,1,55.0,27.89469072
252,323_CC_1,1,355.0,31.727489639999995
252,323_CC_2,1,355.0,31.727489639999995
252,322_HYDRO_1,1,5.5,0.0
252,322_HYDRO_2,1,5.5,0.0
252,322_HYDRO_3,1,5.5,0.0
252,322_HYDRO_4,1,5.5,0.0
252,320_PV_1,1,0.0,0.0
252,314_PV_1,1,0.0,0.0
252,314_PV_2,1,0.0,0.0
252,313_PV_1,1,0.0,0.0
252,314_PV_3,1,0.0,0.0
252,314_PV_4,1,0.0,0.0
252,313_PV_2,1,0.0,0.0
252,310_PV_1,1,0.0,0.0
252,324_PV_1,1,0.0,0.0
252,312_PV_1,1,0.0,0.0
252,310_PV_2,1,0.0,0.0
252,324_PV_2,1,0.0,0.0
252,324_PV_3,1,0.0,0.0
252,319_PV_1,1,0.0,0.0
252,308_RTPV_1,1,0.0,0.0
252,313_RTPV_1,1,0.0,0.0
252,313_RTPV_2,1,0.0,0.0
252,313_RTPV_3,1,0.0,0.0
252,313_RTPV_4,1,0.0,0.0
252,313_RTPV_5,1,0.0,0.0
252,313_RTPV_6,1,0.0,0.0
252,313_RTPV_7,1,0.0,0.0
252,313_RTPV_8,1,0.0,0.0
252,313_RTPV_9,1,0.0,0.0
252,313_RTPV_10,1,0.0,0.0
252,313_RTPV_11,1,0.0,0.0
252,313_RTPV_12,1,0.0,0.0
252,320_RTPV_1,1,0.0,0.0
252,320_RTPV_2,1,0.0,0.0
252,320_RTPV_3,1,0.0,0.0
252,313_RTPV_13,1,0.0,0.0
252,320_RTPV_4,1,0.0,0.0
252,320_RTPV_5,1,0.0,0.0
252,320_RTPV_6,1,0.0,0.0
252,309_WIND_1,1,10.8,0.0
252,317_WIND_1,1,483.3,0.0
252,303_WIND_1,1,121.0,0.0
253,301_CT_1,1,20.0,105.3672414
253,301_CT_2,1,20.0,105.3672414
253,301_CT_3,1,55.0,43.742886659999996
253,301_CT_4,1,55.0,43.742886659999996
253,302_CT_1,1,20.0,105.3672414
253,302_CT_2,1,20.0,105.3672414
253,302_CT_3,1,55.0,38.635079579999996
253,302_CT_4,1,55.0,38.635079579999996
253,307_CT_1,1,55.0,35.47476972
253,307_CT_2,1,55.0,35.47476972
253,313_CC_1,1,355.0,33.75273126
253,315_STEAM_1,1,12.0,124.09965539999999
253,315_STEAM_2,1,12.0,124.09965539999999
253,315_STEAM_3,1,12.0,124.09965539999999
253,315_STEAM_4,1,12.0,124.09965539999999
253,315_STEAM_5,1,12.0,124.09965539999999
253,315_CT_6,1,55.0,31.8557679
253,315_CT_7,1,55.0,31.8557679
253,315_CT_8,1,55.0,31.8557679
253,316_STEAM_1,1,155.0,27.274698980000004
253,318_CC_1,1,355.0,31.529241419999998
253,321_CC_1,1,355.0,33.94709226
253,322_CT_5,1,55.0,27.89469072
253,322_CT_6,1,55.0,27.89469072
253,323_CC_1,1,355.0,31.727489639999995
253,323_CC_2,1,355.0,31.727489639999995
253,322_HYDRO_1,1,6.875,0.0
253,322_HYDRO_2,1,6.875,0.0
253,322_HYDRO_3,1,6.875,0.0
253,322_HYDRO_4,1,6.875,0.0
253,320_PV_1,1,8.1,0.0
253,314_PV_1,1,0.0,0.0
253,314_PV_2,1,0.0,0.0
253,313_PV_1,1,0.0,0.0
253,314_PV_3,1,0.0,0.0
253,314_PV_4,1,0.0,0.0
253,313_PV_2,1,0.4,0.0
253,310_PV_1,1,0.0,0.0
253,324_PV_1,1,0.0,0.0
253,312_PV_1,1,0.0,0.0
253,310_PV_2,1,0.0,0.0
253,324_PV_2,1,0.0,0.0
253,324_PV_3,1,0.0,0.0
253,319_PV_1,1,0.0,0.0
253,308_RTPV_1,1,0.0,0.0
253,313_RTPV_1,1,0.0,0.0
253,313_RTPV_2,1,0.0,0.0
253,313_RTPV_3,1,0.0,0.0
253,313_RTPV_4,1,0.0,0.0
253,313_RTPV_5,1,0.0,0.0
253,313_RTPV_6,1,0.0,0.0
253,313_RTPV_7,1,0.0,0.0
253,313_RTPV_8,1,0.0,0.0
253,313_RTPV_9,1,0.0,0.0
253,313_RTPV_10,1,0.0,0.0
253,313_RTPV_11,1,0.0,0.0
253,313_RTPV_12,1,0.0,0.0
253,320_RTPV_1,1,0.0,0.0
253,320_RTPV_2,1,0.0,0.0
253,320_RTPV_3,1,0.0,0.0
253,313_RTPV_13,1,0.0,0.0
253,320_RTPV_4,1,0.0,0.0
253,320_RTPV_5,1,0.0,0.0
253,320_RTPV_6,1,0.0,0.0
253,309_WIND_1,1,9.6,0.0
253,317_WIND_1,1,512.6,0.0
253,303_WIND_1,1,131.1,0.0
254,301_CT_1,1,20.0,105.3672414
254,301_CT_2,1,20.0,105.3672414
254,301_CT_3,1,55.0,43.742886659999996
254,301_CT_4,1,55.0,43.742886659999996
254,302_CT_1,1,20.0,105.3672414
254,302_CT_2,1,20.0,105.3672414
254,302_CT_3,1,55.0,38.635079579999996
254,302_CT_4,1,55.0,38.635079579999996
254,307_CT_1,1,55.0,35.47476972
254,307_CT_2,1,55.0,35.47476972
254,313_CC_1,1,355.0,33.75273126
254,315_STEAM_1,1,12.0,124.09965539999999
254,315_STEAM_2,1,12.0,124.09965539999999
254,315_STEAM_3,1,12.0,124.09965539999999
254,315_STEAM_4,1,12.0,124.09965539999999
254,315_STEAM_5,1,12.0,124.09965539999999
254,315_CT_6,1,55.0,31.8557679
254,315_CT_7,1,55.0,31.8557679
254,315_CT_8,1,55.0,31.8557679
254,316_STEAM_1,1,155.0,27.274698980000004
254,318_CC_1,1,355.0,31.529241419999998
254,321_CC_1,1,355.0,33.94709226
254,322_CT_5,1,55.0,27.89469072
254,322_CT_6,1,55.0,27.89469072
254,323_CC_1,1,355.0,31.727489639999995
254,323_CC_2,1,355.0,31.727489639999995
254,322_HYDRO_1,1,8.25,0.0
254,322_HYDRO_2,1,8.25,0.0
254,322_HYDRO_3,1,8.25,0.0
254,322_HYDRO_4,1,8.25,0.0
254,320_PV_1,1,9.3,0.0
254,314_PV_1,1,0.0,0.0
254,314_PV_2,1,8.1,0.0
254,313_PV_1,1,0.0,0.0
254,314_PV_3,1,0.0,0.0
254,314_PV_4,1,0.0,0.0
254,313_PV_2,1,8.2,0.0
254,310_PV_1,1,0.0,0.0
254,324_PV_1,1,0.0,0.0
254,312_PV_1,1,0.0,0.0
254,310_PV_2,1,0.0,0.0
254,324_PV_2,1,0.0,0.0
254,324_PV_3,1,0.0,0.0
254,319_PV_1,1,0.0,0.0
254,308_RTPV_1,1,0.0,0.0
254,313_RTPV_1,1,0.0,0.0
254,313_RTPV_2,1,0.0,0.0
254,313_RTPV_3,1,0.0,0.0
254,313_RTPV_4,1,0.0,0.0
254,313_RTPV_5,1,0.0,0.0
254,313_RTPV_6,1,0.0,0.0
254,313_RTPV_7,1,0.0,0.0
254,313_RTPV_8,1,0.0,0.0
254,313_RTPV_9,1,0.0,0.0
254,313_RTPV_10,1,0.0,0.0
254,313_RTPV_11,1,0.0,0.0
254,313_RTPV_12,1,0.0,0.0
254,320_RTPV_1,1,0.0,0.0
254,320_RTPV_2,1,0.0,0.0
254,320_RTPV_3,1,0.0,0.0
254,313_RTPV_13,1,0.0,0.0
254,320_RTPV_4,1,0.0,0.0
254,320_RTPV_5,1,0.0,0.0
254,320_RTPV_6,1,0.0,0.0
254,309_WIND_1,1,14.1,0.0
254,317_WIND_1,1,533.4,0.0
254,303_WIND_1,1,141.8,0.0
255,301_CT_1,1,20.0,105.3672414
255,301_CT_2,1,20.0,105.3672414
255,301_CT_3,1,55.0,43.742886659999996
255,301_CT_4,1,55.0,43.742886659999996
255,302_CT_1,1,20.0,105.3672414
255,302_CT_2,1,20.0,105.3672414
255,302_CT_3,1,55.0,38.635079579999996
255,302_CT_4,1,55.0,38.635079579999996
255,307_CT_1,1,55.0,35.47476972
255,307_CT_2,1,55.0,35.47476972
255,313_CC_1,1,355.0,33.75273126
255,315_STEAM_1,1,12.0,124.09965539999999
255,315_STEAM_2,1,12.0,124.09965539999999
255,315_STEAM_3,1,12.0,124.09965539999999
255,315_STEAM_4,1,12.0,124.09965539999999
255,315_STEAM_5,1,12.0,124.09965539999999
255,315_CT_6,1,55.0,31.8557679
255,315_CT_7,1,55.0,31.8557679
255,315_CT_8,1,55.0,31.8557679
255,316_STEAM_1,1,155.0,27.274698980000004
255,318_CC_1,1,355.0,31.529241419999998
255,321_CC_1,1,355.0,33.94709226
255,322_CT_5,1,55.0,27.89469072
255,322_CT_6,1,55.0,27.89469072
255,323_CC_1,1,355.0,31.727489639999995
255,323_CC_2,1,355.0,31.727489639999995
255,322_HYDRO_1,1,9.625,0.0
255,322_HYDRO_2,1,9.625,0.0
255,322_HYDRO_3,1,9.625,0.0
255,322_HYDRO_4,1,9.625,0.0
255,320_PV_1,1,12.1,0.0
255,314_PV_1,1,0.0,0.0
255,314_PV_2,1,5.5,0.0
255,313_PV_1,1,0.0,0.0
255,314_PV_3,1,0.0,0.0
255,314_PV_4,1,0.0,0.0
255,313_PV_2,1,9.7,0.0
255,310_PV_1,1,0.0,0.0
255,324_PV_1,1,0.0,0.0
255,312_PV_1,1,0.0,0.0
255,310_PV_2,1,0.0,0.0
255,324_PV_2,1,0.0,0.0
255,324_PV_3,1,0.0,0.0
255,319_PV_1,1,0.0,0.0
255,308_RTPV_1,1,0.0,0.0
255,313_RTPV_1,1,0.0,0.0
255,313_RTPV_2,1,0.0,0.0
255,313_RTPV_3,1,0.0,0.0
255,313_RTPV_4,1,0.0,0.0
255,313_RTPV_5,1,0.0,0.0
255,313_RTPV_6,1,0.0,0.0
255,313_RTPV_7,1,0.0,0.0
255,313_RTPV_8,1,0.0,0.0
255,313_RTPV_9,1,0.0,0.0
255,313_RTPV_10,1,0.0,0.0
255,313_RTPV_11,1,0.0,0.0
255,313_RTPV_12,1,0.0,0.0
255,320_RTPV_1,1,0.0,0.0
255,320_RTPV_2,1,0.0,0.0
255,320_RTPV_3,1,0.0,0.0
255,313_RTPV_13,1,0.0,0.0
255,320_RTPV_4,1,0.0,0.0
255,320_RTPV_5,1,0.0,0.0
255,320_RTPV_6,1,0.0,0.0
255,309_WIND_1,1,15.0,0.0
255,317_WIND_1,1,564.5,0.0
255,303_WIND_1,1,140.5,0.0
256,301_CT_1,1,20.0,105.3672414
256,301_CT_2,1,20.0,105.3672414
256,301_CT_3,1,55.0,43.742886659999996
256,301_CT_4,1,55.0,43.742886659999996
256,302_CT_1,1,20.0,105.3672414
256,302_CT_2,1,20.0,105.3672414
256,302_CT_3,1,55.0,38.635079579999996
256,302_CT_4,1,55.0,38.635079579999996
256,307_CT_1,1,55.0,35.47476972
256,307_CT_2,1,55.0,35.47476972
256,313_CC_1,1,355.0,33.75273126
256,315_STEAM_1,1,12.0,124.09965539999999
256,315_STEAM_2,1,12.0,124.09965539999999
256,315_STEAM_3,1,12.0,124.09965539999999
256,315_STEAM_4,1,12.0,124.09965539999999
256,315_STEAM_5,1,12.0,124.09965539999999
256,315_CT_6,1,55.0,31.8557679
256,315_CT_7,1,55.0,31.8557679
256,315_CT_8,1,55.0,31.8557679
256,316_STEAM_1,1,155.0,27.274698980000004
256,318_CC_1,1,355.0,31.529241419999998
256,321_CC_1,1,355.0,33.94709226
256,322_CT_5,1,55.0,27.89469072
256,322_CT_6,1,55.0,27.89469072
256,323_CC_1,1,355.0,31.727489639999995
256,323_CC_2,1,355.0,31.727489639999995
256,322_HYDRO_1,1,11.0,0.0
256,322_HYDRO_2,1,11.0,0.0
256,322_HYDRO_3,1,11.0,0.0
256,322_HYDRO_4,1,11.0,0.0
256,320_PV_1,1,14.0,0.0
256,314_PV_1,1,0.0,0.0
256,314_PV_2,1,13.7,0.0
256,313_PV_1,1,0.0,0.0
256,314_PV_3,1,0.0,0.0
256,314_PV_4,1,0.0,0.0
256,313_PV_2,1,9.9,0.0
256,310_PV_1,1,0.0,0.0
256,324_PV_1,1,0.0,0.0
256,312_PV_1,1,0.0,0.0
256,310_PV_2,1,0.0,0.0
256,324_PV_2,1,0.0,0.0
256,324_PV_3,1,0.1,0.0
256,319_PV_1,1,0.0,0.0
256,308_RTPV_1,1,0.0,0.0
256,313_RTPV_1,1,0.0,0.0
256,313_RTPV_2,1,0.0,0.0
256,313_RTPV_3,1,0.0,0.0
256,313_RTPV_4,1,0.0,0.0
256,313_RTPV_5,1,0.0,0.0
256,313_RTPV_6,1,0.0,0.0
256,313_RTPV_7,1,0.0,0.0
256,313_RTPV_8,1,0.0,0.0
256,313_RTPV_9,1,0.0,0.0
256,313_RTPV_10,1,0.0,0.0
256,313_RTPV_11,1,0.0,0.0
256,313_RTPV_12,1,0.0,0.0
256,320_RTPV_1,1,0.0,0.0
256,320_RTPV_2,1,0.0,0.0
256,320_RTPV_3,1,0.0,0.0
256,313_RTPV_13,1,0.2,0.0
256,320_RTPV_4,1,0.0,0.0
256,320_RTPV_5,1,0.0,0.0
256,320_RTPV_6,1,0.1,0.0
256,309_WIND_1,1,12.3,0.0
256,317_WIND_1,1,598.5,0.0
256,303_WIND_1,1,138.0,0.0
257,301_CT_1,1,20.0,105.3672414
257,301_CT_2,1,20.0,105.3672414
257,301_CT_3,1,55.0,43.742886659999996
257,301_CT_4,1,55.0,43.742886659999996
257,302_CT_1,1,20.0,105.3672414
257,302_CT_2,1,20.0,105.3672414
257,302_CT_3,1,55.0,38.635079579999996
257,302_CT_4,1,55.0,38.635079579999996
257,307_CT_1,1,55.0,35.47476972
257,307_CT_2,1,55.0,35.47476972
257,313_CC_1,1,355.0,33.75273126
257,315_STEAM_1,1,12.0,124.09965539999999
257,315_STEAM_2,1,12.0,124.09965539999999
257,315_STEAM_3,1,12.0,124.09965539999999
257,315_STEAM_4,1,12.0,124.09965539999999
257,315_STEAM_5,1,12.0,124.09965539999999
257,315_CT_6,1,55.0,31.8557679
257,315_CT_7,1,55.0,31.8557679
257,315_CT_8,1,55.0,31.8557679
257,316_STEAM_1,1,155.0,27.274698980000004
257,318_CC_1,1,355.0,31.529241419999998
257,321_CC_1,1,355.0,33.94709226
257,322_CT_5,1,55.0,27.89469072
257,322_CT_6,1,55.0,27.89469072
257,323_CC_1,1,355.0,31.727489639999995
257,323_CC_2,1,355.0,31.727489639999995
257,322_HYDRO_1,1,12.375,0.0
257,322_HYDRO_2,1,12.375,0.0
257,322_HYDRO_3,1,12.375,0.0
257,322_HYDRO_4,1,12.375,0.0
257,320_PV_1,1,16.0,0.0
257,314_PV_1,1,0.0,0.0
257,314_PV_2,1,8.8,0.0
257,313_PV_1,1,3.6,0.0
257,314_PV_3,1,3.0,0.0
257,314_PV_4,1,2.7,0.0
257,313_PV_2,1,12.5,0.0
257,310_PV_1,1,0.0,0.0
257,324_PV_1,1,0.0,0.0
257,312_PV_1,1,2.2,0.0
257,310_PV_2,1,0.0,0.0
257,324_PV_2,1,1.4,0.0
257,324_PV_3,1,6.9,0.0
257,319_PV_1,1,0.2,0.0
257,308_RTPV_1,1,0.0,0.0
257,313_RTPV_1,1,0.2,0.0
257,313_RTPV_2,1,0.0,0.0
257,313_RTPV_3,1,0.0,0.0
257,313_RTPV_4,1,0.0,0.0
257,313_RTPV_5,1,0.0,0.0
257,313_RTPV_6,1,0.0,0.0
257,313_RTPV_7,1,0.0,0.0
257,313_RTPV_8,1,0.0,0.0
257,313_RTPV_9,1,0.2,0.0
257,313_RTPV_10,1,0.0,0.0
257,313_RTPV_11,1,0.0,0.0
257,313_RTPV_12,1,0.0,0.0
257,320_RTPV_1,1,0.0,0.0
257,320_RTPV_2,1,0.0,0.0
257,320_RTPV_3,1,0.0,0.0
257,313_RTPV_13,1,0.8,0.0
257,320_RTPV_4,1,0.0,0.0
257,320_RTPV_5,1,0.0,0.0
257,320_RTPV_6,1,0.2,0.0
257,309_WIND_1,1,13.1,0.0
257,317_WIND_1,1,619.0,0.0
257,303_WIND_1,1,134.6,0.0
258,301_CT_1,1,20.0,105.3672414
258,301_CT_2,1,20.0,105.3672414
258,301_CT_3,1,55.0,43.742886659999996
258,301_CT_4,1,55.0,43.742886659999996
258,302_CT_1,1,20.0,105.3672414
258,302_CT_2,1,20.0,105.3672414
258,302_CT_3,1,55.0,38.635079579999996
258,302_CT_4,1,55.0,38.635079579999996
258,307_CT_1,1,55.0,35.47476972
258,307_CT_2,1,55.0,35.47476972
258,313_CC_1,1,355.0,33.75273126
258,315_STEAM_1,1,12.0,124.09965539999999
258,315_STEAM_2,1,12.0,124.09965539999999
258,315_STEAM_3,1,12.0,124.09965539999999
258,315_STEAM_4,1,12.0,124.09965539999999
258,315_STEAM_5,1,12.0,124.09965539999999
258,315_CT_6,1,55.0,31.8557679
258,315_CT_7,1,55.0,31.8557679
258,315_CT_8,1,55.0,31.8557679
258,316_STEAM_1,1,155.0,27.274698980000004
258,318_CC_1,1,355.0,31.529241419999998
258,321_CC_1,1,355.0,33.94709226
258,322_CT_5,1,55.0,27.89469072
258,322_CT_6,1,55.0,27.89469072
258,323_CC_1,1,355.0,31.727489639999995
258,323_CC_2,1,355.0,31.727489639999995
258,322_HYDRO_1,1,13.75,0.0
258,322_HYDRO_2,1,13.75,0.0
258,322_HYDRO_3,1,13.75,0.0
258,322_HYDRO_4,1,13.75,0.0
258,320_PV_1,1,17.5,0.0
258,314_PV_1,1,4.4,0.0
258,314_PV_2,1,8.3,0.0
258,313_PV_1,1,8.1,0.0
258,314_PV_3,1,7.9,0.0
258,314_PV_4,1,7.7,0.0
258,313_PV_2,1,17.7,0.0
258,310_PV_1,1,0.0,0.0
258,324_PV_1,1,0.0,0.0
258,312_PV_1,1,7.6,0.0
258,310_PV_2,1,0.0,0.0
258,324_PV_2,1,6.9,0.0
258,324_PV_3,1,10.5,0.0
258,319_PV_1,1,18.4,0.0
258,308_RTPV_1,1,0.0,0.0
258,313_RTPV_1,1,1.2,0.0
258,313_RTPV_2,1,0.0,0.0
258,313_RTPV_3,1,0.0,0.0
258,313_RTPV_4,1,0.0,0.0
258,313_RTPV_5,1,0.4,0.0
258,313_RTPV_6,1,0.0,0.0
258,313_RTPV_7,1,0.0,0.0
258,313_RTPV_8,1,0.0,0.0
258,313_RTPV_9,1,0.6,0.0
258,313_RTPV_10,1,0.0,0.0
258,313_RTPV_11,1,0.0,0.0
258,313_RTPV_12,1,0.0,0.0
258,320_RTPV_1,1,0.0,0.0
258,320_RTPV_2,1,0.0,0.0
258,320_RTPV_3,1,0.0,0.0
258,313_RTPV_13,1,1.4,0.0
258,320_RTPV_4,1,0.0,0.0
258,320_RTPV_5,1,0.0,0.0
258,320_RTPV_6,1,0.5,0.0
258,309_WIND_1,1,13.0,0.0
258,317_WIND_1,1,627.1,0.0
258,303_WIND_1,1,135.4,0.0
259,301_CT_1,1,20.0,105.3672414
259,301_CT_2,1,20.0,105.3672414
259,301_CT_3,1,55.0,43.742886659999996
259,301_CT_4,1,55.0,43.742886659999996
259,302_CT_1,1,20.0,105.3672414
259,302_CT_2,1,20.0,105.3672414
259,302_CT_3,1,55.0,38.635079579999996
259,302_CT_4,1,55.0,38.635079579999996
259,307_CT_1,1,55.0,35.47476972
259,307_CT_2,1,55.0,35.47476972
259,313_CC_1,1,355.0,33.75273126
259,315_STEAM_1,1,12.0,124.09965539999999
259,315_STEAM_2,1,12.0,124.09965539999999
259,315_STEAM_3,1,12.0,124.09965539999999
259,315_STEAM_4,1,12.0,124.09965539999999
259,315_STEAM_5,1,12.0,124.09965539999999
259,315_CT_6,1,55.0,31.8557679
259,315_CT_7,1,55.0,31.8557679
259,315_CT_8,1,55.0,31.8557679
259,316_STEAM_1,1,155.0,27.274698980000004
259,318_CC_1,1,355.0,31.529241419999998
259,321_CC_1,1,355.0,33.94709226
259,322_CT_5,1,55.0,27.89469072
259,322_CT_6,1,55.0,27.89469072
259,323_CC_1,1,355.0,31.727489639999995
259,323_CC_2,1,355.0,31.727489639999995
259,322_HYDRO_1,1,15.125,0.0
259,322_HYDRO_2,1,15.125,0.0
259,322_HYDRO_3,1,15.125,0.0
259,322_HYDRO_4,1,15.125,0.0
259,320_PV_1,1,18.9,0.0
259,314_PV_1,1,8.3,0.0
259,314_PV_2,1,7.5,0.0
259,313_PV_1,1,12.0,0.0
259,314_PV_3,1,11.6,0.0
259,314_PV_4,1,10.4,0.0
259,313_PV_2,1,19.5,0.0
259,310_PV_1,1,0.6,0.0
259,324_PV_1,1,0.0,0.0
259,312_PV_1,1,11.3,0.0
259,310_PV_2,1,0.0,0.0
259,324_PV_2,1,9.7,0.0
259,324_PV_3,1,14.0,0.0
259,319_PV_1,1,28.5,0.0
259,308_RTPV_1,1,0.0,0.0
259,313_RTPV_1,1,3.0,0.0
259,313_RTPV_2,1,0.0,0.0
259,313_RTPV_3,1,0.0,0.0
259,313_RTPV_4,1,0.0,0.0
259,313_RTPV_5,1,2.2,0.0
259,313_RTPV_6,1,0.0,0.0
259,313_RTPV_7,1,0.0,0.0
259,313_RTPV_8,1,0.5,0.0
259,313_RTPV_9,1,1.2,0.0
259,313_RTPV_10,1,0.0,0.0
259,313_RTPV_11,1,0.0,0.0
259,313_RTPV_12,1,0.0,0.0
259,320_RTPV_1,1,0.0,0.0
259,320_RTPV_2,1,0.0,0.0
259,320_RTPV_3,1,0.0,0.0
259,313_RTPV_13,1,2.5,0.0
259,320_RTPV_4,1,0.0,0.0
259,320_RTPV_5,1,0.0,0.0
259,320_RTPV_6,1,1.1,0.0
259,309_WIND_1,1,11.6,0.0
259,317_WIND_1,1,644.4,0.0
259,303_WIND_1,1,134.0,0.0
260,301_CT_1,1,20.0,105.3672414
260,301_CT_2,1,20.0,105.3672414
260,301_CT_3,1,55.0,43.742886659999996
260,301_CT_4,1,55.0,43.742886659999996
260,302_CT_1,1,20.0,105.3672414
260,302_CT_2,1,20.0,105.3672414
260,302_CT_3,1,55.0,38.635079579999996
260,302_CT_4,1,55.0,38.635079579999996
260,307_CT_1,1,55.0,35.47476972
260,307_CT_2,1,55.0,35.47476972
260,313_CC_1,1,355.0,33.75273126
260,315_STEAM_1,1,12.0,124.09965539999999
260,315_STEAM_2,1,12.0,124.09965539999999
260,315_STEAM_3,1,12.0,124.09965539999999
260,315_STEAM_4,1,12.0,124.09965539999999
260,315_STEAM_5,1,12.0,124.09965539999999
260,315_CT_6,1,55.0,31.8557679
260,315_CT_7,1,55.0,31.8557679
260,315_CT_8,1,55.0,31.8557679
260,316_STEAM_1,1,155.0,27.274698980000004
260,318_CC_1,1,355.0,31.529241419999998
260,321_CC_1,1,355.0,33.94709226
260,322_CT_5,1,55.0,27.89469072
260,322_CT_6,1,55.0,27.89469072
260,323_CC_1,1,355.0,31.727489639999995
260,323_CC_2,1,355.0,31.727489639999995
260,322_HYDRO_1,1,16.5,0.0
260,322_HYDRO_2,1,16.5,0.0
260,322_HYDRO_3,1,16.5,0.0
260,322_HYDRO_4,1,16.5,0.0
260,320_PV_1,1,18.9,0.0
260,314_PV_1,1,11.4,0.0
260,314_PV_2,1,1.1,0.0
260,313_PV_1,1,18.1,0.0
260,314_PV_3,1,16.7,0.0
260,314_PV_4,1,13.4,0.0
260,313_PV_2,1,22.7,0.0
260,310_PV_1,1,7.0,0.0
260,324_PV_1,1,0.0,0.0
260,312_PV_1,1,16.0,0.0
260,310_PV_2,1,0.0,0.0
260,324_PV_2,1,12.8,0.0
260,324_PV_3,1,15.9,0.0
260,319_PV_1,1,41.5,0.0
260,308_RTPV_1,1,0.0,0.0
260,313_RTPV_1,1,5.3,0.0
260,313_RTPV_2,1,0.1,0.0
260,313_RTPV_3,1,0.1,0.0
260,313_RTPV_4,1,0.1,0.0
260,313_RTPV_5,1,6.9,0.0
260,313_RTPV_6,1,0.1,0.0
260,313_RTPV_7,1,0.1,0.0
260,313_RTPV_8,1,3.5,0.0
260,313_RTPV_9,1,2.1,0.0
260,313_RTPV_10,1,0.1,0.0
260,313_RTPV_11,1,0.0,0.0
260,313_RTPV_12,1,0.0,0.0
260,320_RTPV_1,1,0.1,0.0
260,320_RTPV_2,1,0.1,0.0
260,320_RTPV_3,1,0.1,0.0
260,313_RTPV_13,1,3.5,0.0
260,320_RTPV_4,1,0.1,0.0
260,320_RTPV_5,1,0.2,0.0
260,320_RTPV_6,1,1.2,0.0
260,309_WIND_1,1,11.0,0.0
260,317_WIND_1,1,667.1,0.0
260,303_WIND_1,1,134.5,0.0
261,301_CT_1,1,20.0,105.3672414
261,301_CT_2,1,20.0,105.3672414
261,301_CT_3,1,55.0,43.742886659999996
261,301_CT_4,1,55.0,43.742886659999996
261,302_CT_1,1,20.0,105.3672414
261,302_CT_2,1,20.0,105.3672414
261,302_CT_3,1,55.0,38.635079579999996
261,302_CT_4,1,55.0,38.635079579999996
261,307_CT_1,1,55.0,35.47476972
261,307_CT_2,1,55.0,35.47476972
261,313_CC_1,1,355.0,33.75273126
261,315_STEAM_1,1,12.0,124.09965539999999
261,315_STEAM_2,1,12.0,124.09965539999999
261,315_STEAM_3,1,12.0,124.09965539999999
261,315_STEAM_4,1,12.0,124.09965539999999
261,315_STEAM_5,1,12.0,124.09965539999999
261,315_CT_6,1,55.0,31.8557679
261,315_CT_7,1,55.0,31.8557679
261,315_CT_8,1,55.0,31.8557679
261,316_STEAM_1,1,155.0,27.274698980000004
261,318_CC_1,1,355.0,31.529241419999998
261,321_CC_1,1,355.0,33.94709226
261,322_CT_5,1,55.0,27.89469072
261,322_CT_6,1,55.0,27.89469072
261,323_CC_1,1,355.0,31.727489639999995
261,323_CC_2,1,355.0,31.727489639999995
261,322_HYDRO_1,1,17.875,0.0
261,322_HYDRO_2,1,17.875,0.0
261,322_HYDRO_3,1,17.875,0.0
261,322_HYDRO_4,1,17.875,0.0
261,320_PV_1,1,18.7,0.0
261,314_PV_1,1,15.4,0.0
261,314_PV_2,1,2.7,0.0
261,313_PV_1,1,22.4,0.0
261,314_PV_3,1,21.6,0.0
261,314_PV_4,1,16.1,0.0
261,313_PV_2,1,17.8,0.0
261,310_PV_1,1,10.9,0.0
261,324_PV_1,1,0.0,0.0
261,312_PV_1,1,21.8,0.0
261,310_PV_2,1,0.2,0.0
261,324_PV_2,1,16.0,0.0
261,324_PV_3,1,16.4,0.0
261,319_PV_1,1,54.7,0.0
261,308_RTPV_1,1,0.1,0.0
261,313_RTPV_1,1,12.3,0.0
261,313_RTPV_2,1,0.5,0.0
261,313_RTPV_3,1,0.3,0.0
261,313_RTPV_4,1,0.5,0.0
261,313_RTPV_5,1,8.7,0.0
261,313_RTPV_6,1,0.5,0.0
261,313_RTPV_7,1,0.5,0.0
261,313_RTPV_8,1,8.2,0.0
261,313_RTPV_9,1,2.2,0.0
261,313_RTPV_10,1,0.7,0.0
261,313_RTPV_11,1,0.2,0.0
261,313_RTPV_12,1,0.0,0.0
261,320_RTPV_1,1,0.6,0.0
261,320_RTPV_2,1,0.6,0.0
261,320_RTPV_3,1,0.6,0.0
261,313_RTPV_13,1,4.0,0.0
261,320_RTPV_4,1,0.5,0.0
261,320_RTPV_5,1,0.4,0.0
261,320_RTPV_6,1,1.4,0.0
261,309_WIND_1,1,9.9,0.0
261,317_WIND_1,1,685.2,0.0
261,303_WIND_1,1,140.0,0.0
262,301_CT_1,1,20.0,105.3672414
262,301_CT_2,1,20.0,105.3672414
262,301_CT_3,1,55.0,43.742886659999996
262,301_CT_4,1,55.0,43.742886659999996
262,302_CT_1,1,20.0,105.3672414
262,302_CT_2,1,20.0,105.3672414
262,302_CT_3,1,55.0,38.635079579999996
262,302_CT_4,1,55.0,38.635079579999996
262,307_CT_1,1,55.0,35.47476972
262,307_CT_2,1,55.0,35.47476972
262,313_CC_1,1,355.0,33.75273126
262,315_STEAM_1,1,12.0,124.09965539999999
262,315_STEAM_2,1,12.0,124.09965539999999
262,315_STEAM_3,1,12.0,124.09965539999999
262,315_STEAM_4,1,12.0,124.09965539999999
262,315_STEAM_5,1,12.0,124.09965539999999
262,315_CT_6,1,55.0,31.8557679
262,315_CT_7,1,55.0,31.8557679
262,315_CT_8,1,55.0,31.8557679
262,316_STEAM_1,1,155.0,27.274698980000004
262,318_CC_1,1,355.0,31.529241419999998
262,321_CC_1,1,355.0,33.94709226
262,322_CT_5,1,55.0,27.89469072
262,322_CT_6,1,55.0,27.89469072
262,323_CC_1,1,355.0,31.727489639999995
262,323_CC_2,1,355.0,31.727489639999995
262,322_HYDRO_1,1,19.25,0.0
262,322_HYDRO_2,1,19.25,0.0
262,322_HYDRO_3,1,19.25,0.0
262,322_HYDRO_4,1,19.25,0.0
262,320_PV_1,1,20.1,0.0
262,314_PV_1,1,16.9,0.0
262,314_PV_2,1,3.9,0.0
262,313_PV_1,1,26.9,0.0
262,314_PV_3,1,25.9,0.0
262,314_PV_4,1,19.2,0.0
262,313_PV_2,1,31.7,0.0
262,310_PV_1,1,14.0,0.0
262,324_PV_1,1,0.2,0.0
262,312_PV_1,1,26.3,0.0
262,310_PV_2,1,3.5,0.0
262,324_PV_2,1,18.5,0.0
262,324_PV_3,1,19.6,0.0
262,319_PV_1,1,67.5,0.0
262,308_RTPV_1,1,0.3,0.0
262,313_RTPV_1,1,13.0,0.0
262,313_RTPV_2,1,2.2,0.0
262,313_RTPV_3,1,1.3,0.0
262,313_RTPV_4,1,3.4,0.0
262,313_RTPV_5,1,8.8,0.0
262,313_RTPV_6,1,2.3,0.0
262,313_RTPV_7,1,1.6,0.0
262,313_RTPV_8,1,10.0,0.0
262,313_RTPV_9,1,1.1,0.0
262,313_RTPV_10,1,3.3,0.0
262,313_RTPV_11,1,0.6,0.0
262,313_RTPV_12,1,0.1,0.0
262,320_RTPV_1,1,2.4,0.0
262,320_RTPV_2,1,2.5,0.0
262,320_RTPV_3,1,2.2,0.0
262,313_RTPV_13,1,4.5,0.0
262,320_RTPV_4,1,2.1,0.0
262,320_RTPV_5,1,1.5,0.0
262,320_RTPV_6,1,1.6,0.0
262,309_WIND_1,1,7.7,0.0
262,317_WIND_1,1,688.3,0.0
262,303_WIND_1,1,150.9,0.0
263,301_CT_1,1,20.0,105.3672414
263,301_CT_2,1,20.0,105.3672414
263,301_CT_3,1,55.0,43.742886659999996
263,301_CT_4,1,55.0,43.742886659999996
263,302_CT_1,1,20.0,105.3672414
263,302_CT_2,1,20.0,105.3672414
263,302_CT_3,1,55.0,38.635079579999996
263,302_CT_4,1,55.0,38.635079579999996
263,307_CT_1,1,55.0,35.47476972
263,307_CT_2,1,55.0,35.47476972
263,313_CC_1,1,355.0,33.75273126
263,315_STEAM_1,1,12.0,124.09965539999999
263,315_STEAM_2,1,12.0,124.09965539999999
263,315_STEAM_3,1,12.0,124.09965539999999
263,315_STEAM_4,1,12.0,124.09965539999999
263,315_STEAM_5,1,12.0,124.09965539999999
263,315_CT_6,1,55.0,31.8557679
263,315_CT_7,1,55.0,31.8557679
263,315_CT_8,1,55.0,31.8557679
263,316_STEAM_1,1,155.0,27.274698980000004
263,318_CC_1,1,355.0,31.529241419999998
263,321_CC_1,1,355.0,33.94709226
263,322_CT_5,1,55.0,27.89469072
263,322_CT_6,1,55.0,27.89469072
263,323_CC_1,1,355.0,31.727489639999995
263,323_CC_2,1,355.0,31.727489639999995
263,322_HYDRO_1,1,20.625,0.0
263,322_HYDRO_2,1,20.625,0.0
263,322_HYDRO_3,1,20.625,0.0
263,322_HYDRO_4,1,20.625,0.0
263,320_PV_1,1,21.3,0.0
263,314_PV_1,1,17.9,0.0
263,314_PV_2,1,7.5,0.0
263,313_PV_1,1,31.5,0.0
263,314_PV_3,1,30.3,0.0
263,314_PV_4,1,22.1,0.0
263,313_PV_2,1,33.0,0.0
263,310_PV_1,1,17.2,0.0
263,324_PV_1,1,0.4,0.0
263,312_PV_1,1,31.0,0.0
263,310_PV_2,1,7.3,0.0
263,324_PV_2,1,21.6,0.0
263,324_PV_3,1,24.8,0.0
263,319_PV_1,1,79.6,0.0
263,308_RTPV_1,1,1.0,0.0
263,313_RTPV_1,1,13.5,0.0
263,313_RTPV_2,1,7.3,0.0
263,313_RTPV_3,1,4.8,0.0
263,313_RTPV_4,1,7.7,0.0
263,313_RTPV_5,1,9.3,0.0
263,313_RTPV_6,1,7.3,0.0
263,313_RTPV_7,1,6.0,0.0
263,313_RTPV_8,1,10.8,0.0
263,313_RTPV_9,1,0.4,0.0
263,313_RTPV_10,1,7.9,0.0
263,313_RTPV_11,1,2.0,0.0
263,313_RTPV_12,1,0.1,0.0
263,320_RTPV_1,1,3.7,0.0
263,320_RTPV_2,1,3.7,0.0
263,320_RTPV_3,1,3.8,0.0
263,313_RTPV_13,1,4.8,0.0
263,320_RTPV_4,1,3.6,0.0
263,320_RTPV_5,1,3.2,0.0
263,320_RTPV_6,1,1.8,0.0
263,309_WIND_1,1,8.0,0.0
263,317_WIND_1,1,689.1,0.0
263,303_WIND_1,1,149.8,0.0
264,301_CT_1,1,20.0,105.3672414
264,301_CT_2,1,20.0,105.3672414
264,301_CT_3,1,55.0,43.742886659999996
264,301_CT_4,1,55.0,43.742886659999996
264,302_CT_1,1,20.0,105.3672414
264,302_CT_2,1,20.0,105.3672414
264,302_CT_3,1,55.0,38.635079579999996
264,302_CT_4,1,55.0,38.635079579999996
264,307_CT_1,1,55.0,35.47476972
264,307_CT_2,1,55.0,35.47476972
264,313_CC_1,1,355.0,33.75273126
264,315_STEAM_1,1,12.0,124.09965539999999
264,315_STEAM_2,1,12.0,124.09965539999999
264,315_STEAM_3,1,12.0,124.09965539999999
264,315_STEAM_4,1,12.0,124.09965539999999
264,315_STEAM_5,1,12.0,124.09965539999999
264,315_CT_6,1,55.0,31.8557679
264,315_CT_7,1,55.0,31.8557679
264,315_CT_8,1,55.0,31.8557679
264,316_STEAM_1,1,155.0,27.274698980000004
264,318_CC_1,1,355.0,31.529241419999998
264,321_CC_1,1,355.0,33.94709226
264,322_CT_5,1,55.0,27.89469072
264,322_CT_6,1,55.0,27.89469072
264,323_CC_1,1,355.0,31.727489639999995
264,323_CC_2,1,355.0,31.727489639999995
264,322_HYDRO_1,1,22.0,0.0
264,322_HYDRO_2,1,22.0,0.0
264,322_HYDRO_3,1,22.0,0.0
264,322_HYDRO_4,1,22.0,0.0
264,320_PV_1,1,22.4,0.0
264,314_PV_1,1,21.3,0.0
264,314_PV_2,1,23.3,0.0
264,313_PV_1,1,35.8,0.0
264,314_PV_3,1,34.1,0.0
264,314_PV_4,1,24.7,0.0
264,313_PV_2,1,35.1,0.0
264,310_PV_1,1,20.4,0.0
264,324_PV_1,1,2.9,0.0
264,312_PV_1,1,34.9,0.0
264,310_PV_2,1,10.3,0.0
264,324_PV_2,1,24.1,0.0
264,324_PV_3,1,27.0,0.0
264,319_PV_1,1,93.2,0.0
264,308_RTPV_1,1,3.0,0.0
264,313_RTPV_1,1,14.1,0.0
264,313_RTPV_2,1,9.6,0.0
264,313_RTPV_3,1,8.4,0.0
264,313_RTPV_4,1,10.0,0.0
264,313_RTPV_5,1,11.4,0.0
264,313_RTPV_6,1,9.5,0.0
264,313_RTPV_7,1,8.7,0.0
264,313_RTPV_8,1,11.4,0.0
264,313_RTPV_9,1,1.4,0.0
264,313_RTPV_10,1,10.0,0.0
264,313_RTPV_11,1,7.1,0.0
264,313_RTPV_12,1,0.4,0.0
264,320_RTPV_1,1,4.6,0.0
264,320_RTPV_2,1,4.7,0.0
264,320_RTPV_3,1,4.8,0.0
264,313_RTPV_13,1,4.9,0.0
264,320_RTPV_4,1,4.4,0.0
264,320_RTPV_5,1,4.0,0.0
264,320_RTPV_6,1,2.1,0.0
264,309_WIND_1,1,6.8,0.0
264,317_WIND_1,1,698.1,0.0
264,303_WIND_1,1,144.6,0.0
265,301_CT_1,1,20.0,105.3672414
265,301_CT_2,1,20.0,105.3672414
265,301_CT_3,1,55.0,43.742886659999996
265,301_CT_4,1,55.0,43.742886659999996
265,302_CT_1,1,20.0,105.3672414
265,302_CT_2,1,20.0,105.3672414
265,302_CT_3,1,55.0,38.635079579999996
265,302_CT_4,1,55.0,38.635079579999996
265,307_CT_1,1,55.0,35.47476972
265,307_CT_2,1,55.0,35.47476972
265,313_CC_1,1,355.0,33.75273126
265,315_STEAM_1,1,12.0,124.09965539999999
265,315_STEAM_2,1,12.0,124.09965539999999
265,315_STEAM_3,1,12.0,124.09965539999999
265,315_STEAM_4,1,12.0,124.09965539999999
265,315_STEAM_5,1,12.0,124.09965539999999
265,315_CT_6,1,55.0,31.8557679
265,315_CT_7,1,55.0,31.8557679
265,315_CT_8,1,55.0,31.8557679
265,316_STEAM_1,1,155.0,27.274698980000004
265,318_CC_1,1,355.0,31.529241419999998
265,321_CC_1,1,355.0,33.94709226
265,322_CT_5,1,55.0,27.89469072
265,322_CT_6,1,55.0,27.89469072
265,323_CC_1,1,355.0,31.727489639999995
265,323_CC_2,1,355.0,31.727489639999995
265,322_HYDRO_1,1,21.066999999999997,0.0
265,322_HYDRO_2,1,21.066999999999997,0.0
265,322_HYDRO_3,1,21.066999999999997,0.0
265,322_HYDRO_4,1,21.066999999999997,0.0
265,320_PV_1,1,24.5,0.0
265,314_PV_1,1,27.0,0.0
265,314_PV_2,1,25.2,0.0
265,313_PV_1,1,38.5,0.0
265,314_PV_3,1,36.9,0.0
265,314_PV_4,1,25.6,0.0
265,313_PV_2,1,37.7,0.0
265,310_PV_1,1,22.5,0.0
265,324_PV_1,1,5.9,0.0
265,312_PV_1,1,37.4,0.0
265,310_PV_2,1,12.3,0.0
265,324_PV_2,1,26.2,0.0
265,324_PV_3,1,26.3,0.0
265,319_PV_1,1,105.3,0.0
265,308_RTPV_1,1,12.1,0.0
265,313_RTPV_1,1,17.1,0.0
265,313_RTPV_2,1,11.9,0.0
265,313_RTPV_3,1,10.3,0.0
265,313_RTPV_4,1,12.0,0.0
265,313_RTPV_5,1,13.2,0.0
265,313_RTPV_6,1,11.3,0.0
265,313_RTPV_7,1,10.9,0.0
265,313_RTPV_8,1,12.6,0.0
265,313_RTPV_9,1,7.8,0.0
265,313_RTPV_10,1,11.8,0.0
265,313_RTPV_11,1,10.0,0.0
265,313_RTPV_12,1,1.7,0.0
265,320_RTPV_1,1,5.4,0.0
265,320_RTPV_2,1,5.8,0.0
265,320_RTPV_3,1,5.8,0.0
265,313_RTPV_13,1,5.7,0.0
265,320_RTPV_4,1,5.5,0.0
265,320_RTPV_5,1,5.2,0.0
265,320_RTPV_6,1,2.3,0.0
265,309_WIND_1,1,5.3,0.0
265,317_WIND_1,1,710.7,0.0
265,303_WIND_1,1,155.6,0.0
266,301_CT_1,1,20.0,105.3672414
266,301_CT_2,1,20.0,105.3672414
266,301_CT_3,1,55.0,43.742886659999996
266,301_CT_4,1,55.0,43.742886659999996
266,302_CT_1,1,20.0,105.3672414
266,302_CT_2,1,20.0,105.3672414
266,302_CT_3,1,55.0,38.635079579999996
266,302_CT_4,1,55.0,38.635079579999996
266,307_CT_1,1,55.0,35.47476972
266,307_CT_2,1,55.0,35.47476972
266,313_CC_1,1,355.0,33.75273126
266,315_STEAM_1,1,12.0,124.09965539999999
266,315_STEAM_2,1,12.0,124.09965539999999
266,315_STEAM_3,1,12.0,124.09965539999999
266,315_STEAM_4,1,12.0,124.09965539999999
266,315_STEAM_5,1,12.0,124.09965539999999
266,315_CT_6,1,55.0,31.8557679
266,315_CT_7,1,55.0,31.8557679
266,315_CT_8,1,55.0,31.8557679
266,316_STEAM_1,1,155.0,27.274698980000004
266,318_CC_1,1,355.0,31.529241419999998
266,321_CC_1,1,355.0,33.94709226
266,322_CT_5,1,55.0,27.89469072
266,322_CT_6,1,55.0,27.89469072
266,323_CC_1,1,355.0,31.727489639999995
266,323_CC_2,1,355.0,31.727489639999995
266,322_HYDRO_1,1,20.133,0.0
266,322_HYDRO_2,1,20.133,0.0
266,322_HYDRO_3,1,20.133,0.0
266,322_HYDRO_4,1,20.133,0.0
266,320_PV_1,1,25.6,0.0
266,314_PV_1,1,28.0,0.0
266,314_PV_2,1,26.3,0.0
266,313_PV_1,1,40.7,0.0
266,314_PV_3,1,38.5,0.0
266,314_PV_4,1,26.0,0.0
266,313_PV_2,1,39.5,0.0
266,310_PV_1,1,22.7,0.0
266,324_PV_1,1,7.4,0.0
266,312_PV_1,1,39.6,0.0
266,310_PV_2,1,13.4,0.0
266,324_PV_2,1,27.5,0.0
266,324_PV_3,1,27.3,0.0
266,319_PV_1,1,111.7,0.0
266,308_RTPV_1,1,15.9,0.0
266,313_RTPV_1,1,20.6,0.0
266,313_RTPV_2,1,13.2,0.0
266,313_RTPV_3,1,12.4,0.0
266,313_RTPV_4,1,13.9,0.0
266,313_RTPV_5,1,14.9,0.0
266,313_RTPV_6,1,13.3,0.0
266,313_RTPV_7,1,12.7,0.0
266,313_RTPV_8,1,13.6,0.0
266,313_RTPV_9,1,10.8,0.0
266,313_RTPV_10,1,12.9,0.0
266,313_RTPV_11,1,12.6,0.0
266,313_RTPV_12,1,3.8,0.0
266,320_RTPV_1,1,6.0,0.0
266,320_RTPV_2,1,6.6,0.0
266,320_RTPV_3,1,6.7,0.0
266,313_RTPV_13,1,6.4,0.0
266,320_RTPV_4,1,6.4,0.0
266,320_RTPV_5,1,6.3,0.0
266,320_RTPV_6,1,2.5,0.0
266,309_WIND_1,1,6.1,0.0
266,317_WIND_1,1,713.1,0.0
266,303_WIND_1,1,170.2,0.0
267,301_CT_1,1,20.0,105.3672414
267,301_CT_2,1,20.0,105.3672414
267,301_CT_3,1,55.0,43.742886659999996
267,301_CT_4,1,55.0,43.742886659999996
267,302_CT_1,1,20.0,105.3672414
267,302_CT_2,1,20.0,105.3672414
267,302_CT_3,1,55.0,38.635079579999996
267,302_CT_4,1,55.0,38.635079579999996
267,307_CT_1,1,55.0,35.47476972
267,307_CT_2,1,55.0,35.47476972
267,313_CC_1,1,355.0,33.75273126
267,315_STEAM_1,1,12.0,124.09965539999999
267,315_STEAM_2,1,12.0,124.09965539999999
267,315_STEAM_3,1,12.0,124.09965539999999
267,315_STEAM_4,1,12.0,124.09965539999999
267,315_STEAM_5,1,12.0,124.09965539999999
267,315_CT_6,1,55.0,31.8557679
267,315_CT_7,1,55.0,31.8557679
267,315_CT_8,1,55.0,31.8557679
267,316_STEAM_1,1,155.0,27.274698980000004
267,318_CC_1,1,355.0,31.529241419999998
267,321_CC_1,1,355.0,33.94709226
267,322_CT_5,1,55.0,27.89469072
267,322_CT_6,1,55.0,27.89469072
267,323_CC_1,1,355.0,31.727489639999995
267,323_CC_2,1,355.0,31.727489639999995
267,322_HYDRO_1,1,19.2,0.0
267,322_HYDRO_2,1,19.2,0.0
267,322_HYDRO_3,1,19.2,0.0
267,322_HYDRO_4,1,19.2,0.0
267,320_PV_1,1,26.6,0.0
267,314_PV_1,1,28.7,0.0
267,314_PV_2,1,27.3,0.0
267,313_PV_1,1,42.8,0.0
267,314_PV_3,1,40.1,0.0
267,314_PV_4,1,26.7,0.0
267,313_PV_2,1,41.5,0.0
267,310_PV_1,1,23.9,0.0
267,324_PV_1,1,8.3,0.0
267,312_PV_1,1,41.3,0.0
267,310_PV_2,1,14.4,0.0
267,324_PV_2,1,28.5,0.0
267,324_PV_3,1,28.2,0.0
267,319_PV_1,1,115.8,0.0
267,308_RTPV_1,1,18.3,0.0
267,313_RTPV_1,1,23.1,0.0
267,313_RTPV_2,1,13.6,0.0
267,313_RTPV_3,1,14.0,0.0
267,313_RTPV_4,1,15.5,0.0
267,313_RTPV_5,1,16.7,0.0
267,313_RTPV_6,1,15.3,0.0
267,313_RTPV_7,1,14.4,0.0
267,313_RTPV_8,1,14.7,0.0
267,313_RTPV_9,1,10.5,0.0
267,313_RTPV_10,1,13.7,0.0
267,313_RTPV_11,1,14.7,0.0
267,313_RTPV_12,1,4.8,0.0
267,320_RTPV_1,1,6.8,0.0
267,320_RTPV_2,1,7.4,0.0
267,320_RTPV_3,1,7.4,0.0
267,313_RTPV_13,1,7.1,0.0
267,320_RTPV_4,1,7.2,0.0
267,320_RTPV_5,1,7.3,0.0
267,320_RTPV_6,1,2.7,0.0
267,309_WIND_1,1,4.8,0.0
267,317_WIND_1,1,707.9,0.0
267,303_WIND_1,1,189.1,0.0
268,301_CT_1,1,20.0,105.3672414
268,301_CT_2,1,20.0,105.3672414
268,301_CT_3,1,55.0,43.742886659999996
268,301_CT_4,1,55.0,43.742886659999996
268,302_CT_1,1,20.0,105.3672414
268,302_CT_2,1,20.0,105.3672414
268,302_CT_3,1,55.0,38.635079579999996
268,302_CT_4,1,55.0,38.635079579999996
268,307_CT_1,1,55.0,35.47476972
268,307_CT_2,1,55.0,35.47476972
268,313_CC_1,1,355.0,33.75273126
268,315_STEAM_1,1,12.0,124.09965539999999
268,315_STEAM_2,1,12.0,124.09965539999999
268,315_STEAM_3,1,12.0,124.09965539999999
268,315_STEAM_4,1,12.0,124.09965539999999
268,315_STEAM_5,1,12.0,124.09965539999999
268,315_CT_6,1,55.0,31.8557679
268,315_CT_7,1,55.0,31.8557679
268,315_CT_8,1,55.0,31.8557679
268,316_STEAM_1,1,155.0,27.274698980000004
268,318_CC_1,1,355.0,31.529241419999998
268,321_CC_1,1,355.0,33.94709226
268,322_CT_5,1,55.0,27.89469072
268,322_CT_6,1,55.0,27.89469072
268,323_CC_1,1,355.0,31.727489639999995
268,323_CC_2,1,355.0,31.727489639999995
268,322_HYDRO_1,1,18.267,0.0
268,322_HYDRO_2,1,18.267,0.0
268,322_HYDRO_3,1,18.267,0.0
268,322_HYDRO_4,1,18.267,0.0
268,320_PV_1,1,27.6,0.0
268,314_PV_1,1,29.6,0.0
268,314_PV_2,1,28.2,0.0
268,313_PV_1,1,44.6,0.0
268,314_PV_3,1,42.0,0.0
268,314_PV_4,1,27.2,0.0
268,313_PV_2,1,43.2,0.0
268,310_PV_1,1,24.9,0.0
268,324_PV_1,1,9.3,0.0
268,312_PV_1,1,43.3,0.0
268,310_PV_2,1,16.3,0.0
268,324_PV_2,1,29.5,0.0
268,324_PV_3,1,29.0,0.0
268,319_PV_1,1,119.4,0.0
268,308_RTPV_1,1,21.6,0.0
268,313_RTPV_1,1,25.4,0.0
268,313_RTPV_2,1,13.5,0.0
268,313_RTPV_3,1,15.4,0.0
268,313_RTPV_4,1,17.1,0.0
268,313_RTPV_5,1,18.3,0.0
268,313_RTPV_6,1,16.9,0.0
268,313_RTPV_7,1,15.3,0.0
268,313_RTPV_8,1,15.6,0.0
268,313_RTPV_9,1,9.4,0.0
268,313_RTPV_10,1,14.6,0.0
268,313_RTPV_11,1,16.8,0.0
268,313_RTPV_12,1,6.4,0.0
268,320_RTPV_1,1,7.4,0.0
268,320_RTPV_2,1,8.1,0.0
268,320_RTPV_3,1,8.1,0.0
268,313_RTPV_13,1,7.7,0.0
268,320_RTPV_4,1,8.1,0.0
268,320_RTPV_5,1,8.2,0.0
268,320_RTPV_6,1,2.9,0.0
268,309_WIND_1,1,5.2,0.0
268,317_WIND_1,1,700.8,0.0
268,303_WIND_1,1,194.3,0.0
269,301_CT_1,1,20.0,105.3672414
269,301_CT_2,1,20.0,105.3672414
269,301_CT_3,1,55.0,43.742886659999996
269,301_CT_4,1,55.0,43.742886659999996
269,302_CT_1,1,20.0,105.3672414
269,302_CT_2,1,20.0,105.3672414
269,302_CT_3,1,55.0,38.635079579999996
269,302_CT_4,1,55.0,38.635079579999996
269,307_CT_1,1,55.0,35.47476972
269,307_CT_2,1,55.0,35.47476972
269,313_CC_1,1,355.0,33.75273126
269,315_STEAM_1,1,12.0,124.09965539999999
269,315_STEAM_2,1,12.0,124.09965539999999
269,315_STEAM_3,1,12.0,124.09965539999999
269,315_STEAM_4,1,12.0,124.09965539999999
269,315_STEAM_5,1,12.0,124.09965539999999
269,315_CT_6,1,55.0,31.8557679
269,315_CT_7,1,55.0,31.8557679
269,315_CT_8,1,55.0,31.8557679
269,316_STEAM_1,1,155.0,27.274698980000004
269,318_CC_1,1,355.0,31.529241419999998
269,321_CC_1,1,355.0,33.94709226
269,322_CT_5,1,55.0,27.89469072
269,322_CT_6,1,55.0,27.89469072
269,323_CC_1,1,355.0,31.727489639999995
269,323_CC_2,1,355.0,31.727489639999995
269,322_HYDRO_1,1,17.333,0.0
269,322_HYDRO_2,1,17.333,0.0
269,322_HYDRO_3,1,17.333,0.0
269,322_HYDRO_4,1,17.333,0.0
269,320_PV_1,1,28.6,0.0
269,314_PV_1,1,30.2,0.0
269,314_PV_2,1,29.0,0.0
269,313_PV_1,1,46.6,0.0
269,314_PV_3,1,43.9,0.0
269,314_PV_4,1,28.0,0.0
269,313_PV_2,1,45.2,0.0
269,310_PV_1,1,25.7,0.0
269,324_PV_1,1,10.0,0.0
269,312_PV_1,1,45.8,0.0
269,310_PV_2,1,17.3,0.0
269,324_PV_2,1,30.4,0.0
269,324_PV_3,1,29.7,0.0
269,319_PV_1,1,122.8,0.0
269,308_RTPV_1,1,25.1,0.0
269,313_RTPV_1,1,27.7,0.0
269,313_RTPV_2,1,13.1,0.0
269,313_RTPV_3,1,16.8,0.0
269,313_RTPV_4,1,18.7,0.0
269,313_RTPV_5,1,19.8,0.0
269,313_RTPV_6,1,18.6,0.0
269,313_RTPV_7,1,15.8,0.0
269,313_RTPV_8,1,16.6,0.0
269,313_RTPV_9,1,12.1,0.0
269,313_RTPV_10,1,15.8,0.0
269,313_RTPV_11,1,18.5,0.0
269,313_RTPV_12,1,7.7,0.0
269,320_RTPV_1,1,8.1,0.0
269,320_RTPV_2,1,8.8,0.0
269,320_RTPV_3,1,8.7,0.0
269,313_RTPV_13,1,8.3,0.0
269,320_RTPV_4,1,8.9,0.0
269,320_RTPV_5,1,9.2,0.0
269,320_RTPV_6,1,3.2,0.0
269,309_WIND_1,1,3.6,0.0
269,317_WIND_1,1,702.2,0.0
269,303_WIND_1,1,199.9,0.0
270,301_CT_1,1,20.0,105.3672414
270,301_CT_2,1,20.0,105.3672414
270,301_CT_3,1,55.0,43.742886659999996
270,301_CT_4,1,55.0,43.742886659999996
270,302_CT_1,1,20.0,105.3672414
270,302_CT_2,1,20.0,105.3672414
270,302_CT_3,1,55.0,38.635079579999996
270,302_CT_4,1,55.0,38.635079579999996
270,307_CT_1,1,55.0,35.47476972
270,307_CT_2,1,55.0,35.47476972
270,313_CC_1,1,355.0,33.75273126
270,315_STEAM_1,1,12.0,124.09965539999999
270,315_STEAM_2,1,12.0,124.09965539999999
270,315_STEAM_3,1,12.0,124.09965539999999
270,315_STEAM_4,1,12.0,124.09965539999999
270,315_STEAM_5,1,12.0,124.09965539999999
270,315_CT_6,1,55.0,31.8557679
270,315_CT_7,1,55.0,31.8557679
270,315_CT_8,1,55.0,31.8557679
270,316_STEAM_1,1,155.0,27.274698980000004
270,318_CC_1,1,355.0,31.529241419999998
270,321_CC_1,1,355.0,33.94709226
270,322_CT_5,1,55.0,27.89469072
270,322_CT_6,1,55.0,27.89469072
270,323_CC_1,1,355.0,31.727489639999995
270,323_CC_2,1,355.0,31.727489639999995
270,322_HYDRO_1,1,16.4,0.0
270,322_HYDRO_2,1,16.4,0.0
270,322_HYDRO_3,1,16.4,0.0
270,322_HYDRO_4,1,16.4,0.0
270,320_PV_1,1,29.3,0.0
270,314_PV_1,1,30.9,0.0
270,314_PV_2,1,29.7,0.0
270,313_PV_1,1,48.3,0.0
270,314_PV_3,1,45.5,0.0
270,314_PV_4,1,28.5,0.0
270,313_PV_2,1,47.0,0.0
270,310_PV_1,1,26.5,0.0
270,324_PV_1,1,10.6,0.0
270,312_PV_1,1,47.7,0.0
270,310_PV_2,1,18.1,0.0
270,324_PV_2,1,31.2,0.0
270,324_PV_3,1,30.7,0.0
270,319_PV_1,1,125.7,0.0
270,308_RTPV_1,1,29.4,0.0
270,313_RTPV_1,1,29.9,0.0
270,313_RTPV_2,1,12.8,0.0
270,313_RTPV_3,1,18.1,0.0
270,313_RTPV_4,1,20.1,0.0
270,313_RTPV_5,1,21.2,0.0
270,313_RTPV_6,1,20.2,0.0
270,313_RTPV_7,1,15.9,0.0
270,313_RTPV_8,1,17.5,0.0
270,313_RTPV_9,1,11.3,0.0
270,313_RTPV_10,1,17.6,0.0
270,313_RTPV_11,1,20.1,0.0
270,313_RTPV_12,1,8.5,0.0
270,320_RTPV_1,1,8.5,0.0
270,320_RTPV_2,1,9.4,0.0
270,320_RTPV_3,1,9.3,0.0
270,313_RTPV_13,1,8.9,0.0
270,320_RTPV_4,1,9.6,0.0
270,320_RTPV_5,1,10.0,0.0
270,320_RTPV_6,1,3.4,0.0
270,309_WIND_1,1,1.6,0.0
270,317_WIND_1,1,704.4,0.0
270,303_WIND_1,1,211.4,0.0
271,301_CT_1,1,20.0,105.3672414
271,301_CT_2,1,20.0,105.3672414
271,301_CT_3,1,55.0,43.742886659999996
271,301_CT_4,1,55.0,43.742886659999996
271,302_CT_1,1,20.0,105.3672414
271,302_CT_2,1,20.0,105.3672414
271,302_CT_3,1,55.0,38.635079579999996
271,302_CT_4,1,55.0,38.635079579999996
271,307_CT_1,1,55.0,35.47476972
271,307_CT_2,1,55.0,35.47476972
271,313_CC_1,1,355.0,33.75273126
271,315_STEAM_1,1,12.0,124.09965539999999
271,315_STEAM_2,1,12.0,124.09965539999999
271,315_STEAM_3,1,12.0,124.09965539999999
271,315_STEAM_4,1,12.0,124.09965539999999
271,315_STEAM_5,1,12.0,124.09965539999999
271,315_CT_6,1,55.0,31.8557679
271,315_CT_7,1,55.0,31.8557679
271,315_CT_8,1,55.0,31.8557679
271,316_STEAM_1,1,155.0,27.274698980000004
271,318_CC_1,1,355.0,31.529241419999998
271,321_CC_1,1,355.0,33.94709226
271,322_CT_5,1,55.0,27.89469072
271,322_CT_6,1,55.0,27.89469072
271,323_CC_1,1,355.0,31.727489639999995
271,323_CC_2,1,355.0,31.727489639999995
271,322_HYDRO_1,1,15.467,0.0
271,322_HYDRO_2,1,15.467,0.0
271,322_HYDRO_3,1,15.467,0.0
271,322_HYDRO_4,1,15.467,0.0
271,320_PV_1,1,30.0,0.0
271,314_PV_1,1,30.8,0.0
271,314_PV_2,1,30.6,0.0
271,313_PV_1,1,50.0,0.0
271,314_PV_3,1,47.0,0.0
271,314_PV_4,1,28.9,0.0
271,313_PV_2,1,48.6,0.0
271,310_PV_1,1,27.4,0.0
271,324_PV_1,1,11.2,0.0
271,312_PV_1,1,48.6,0.0
271,310_PV_2,1,18.7,0.0
271,324_PV_2,1,31.9,0.0
271,324_PV_3,1,31.6,0.0
271,319_PV_1,1,128.2,0.0
271,308_RTPV_1,1,32.3,0.0
271,313_RTPV_1,1,32.0,0.0
271,313_RTPV_2,1,14.7,0.0
271,313_RTPV_3,1,19.4,0.0
271,313_RTPV_4,1,21.5,0.0
271,313_RTPV_5,1,22.3,0.0
271,313_RTPV_6,1,22.1,0.0
271,313_RTPV_7,1,15.6,0.0
271,313_RTPV_8,1,18.7,0.0
271,313_RTPV_9,1,10.5,0.0
271,313_RTPV_10,1,19.9,0.0
271,313_RTPV_11,1,21.7,0.0
271,313_RTPV_12,1,8.3,0.0
271,320_RTPV_1,1,9.3,0.0
271,320_RTPV_2,1,10.0,0.0
271,320_RTPV_3,1,10.0,0.0
271,313_RTPV_13,1,9.5,0.0
271,320_RTPV_4,1,10.3,0.0
271,320_RTPV_5,1,10.7,0.0
271,320_RTPV_6,1,3.6,0.0
271,309_WIND_1,1,1.3,0.0
271,317_WIND_1,1,701.2,0.0
271,303_WIND_1,1,222.5,0.0
272,301_CT_1,1,20.0,105.3672414
272,301_CT_2,1,20.0,105.3672414
272,301_CT_3,1,55.0,43.742886659999996
272,301_CT_4,1,55.0,43.742886659999996
272,302_CT_1,1,20.0,105.3672414
272,302_CT_2,1,20.0,105.3672414
272,302_CT_3,1,55.0,38.635079579999996
272,302_CT_4,1,55.0,38.635079579999996
272,307_CT_1,1,55.0,35.47476972
272,307_CT_2,1,55.0,35.47476972
272,313_CC_1,1,355.0,33.75273126
272,315_STEAM_1,1,12.0,124.09965539999999
272,315_STEAM_2,1,12.0,124.09965539999999
272,315_STEAM_3,1,12.0,124.09965539999999
272,315_STEAM_4,1,12.0,124.09965539999999
272,315_STEAM_5,1,12.0,124.09965539999999
272,315_CT_6,1,55.0,31.8557679
272,315_CT_7,1,55.0,31.8557679
272,315_CT_8,1,55.0,31.8557679
272,316_STEAM_1,1,155.0,27.274698980000004
272,318_CC_1,1,355.0,31.529241419999998
272,321_CC_1,1,355.0,33.94709226
272,322_CT_5,1,55.0,27.89469072
272,322_CT_6,1,55.0,27.89469072
272,323_CC_1,1,355.0,31.727489639999995
272,323_CC_2,1,355.0,31.727489639999995
272,322_HYDRO_1,1,14.533,0.0
272,322_HYDRO_2,1,14.533,0.0
272,322_HYDRO_3,1,14.533,0.0
272,322_HYDRO_4,1,14.533,0.0
272,320_PV_1,1,30.8,0.0
272,314_PV_1,1,31.5,0.0
272,314_PV_2,1,31.3,0.0
272,313_PV_1,1,51.8,0.0
272,314_PV_3,1,48.4,0.0
272,314_PV_4,1,29.3,0.0
272,313_PV_2,1,50.0,0.0
272,310_PV_1,1,27.9,0.0
272,324_PV_1,1,11.7,0.0
272,312_PV_1,1,50.2,0.0
272,310_PV_2,1,19.6,0.0
272,324_PV_2,1,32.6,0.0
272,324_PV_3,1,32.0,0.0
272,319_PV_1,1,130.7,0.0
272,308_RTPV_1,1,34.8,0.0
272,313_RTPV_1,1,34.1,0.0
272,313_RTPV_2,1,18.0,0.0
272,313_RTPV_3,1,20.7,0.0
272,313_RTPV_4,1,22.9,0.0
272,313_RTPV_5,1,23.5,0.0
272,313_RTPV_6,1,23.7,0.0
272,313_RTPV_7,1,15.0,0.0
272,313_RTPV_8,1,20.2,0.0
272,313_RTPV_9,1,15.6,0.0
272,313_RTPV_10,1,23.4,0.0
272,313_RTPV_11,1,23.4,0.0
272,313_RTPV_12,1,8.3,0.0
272,320_RTPV_1,1,10.0,0.0
272,320_RTPV_2,1,10.7,0.0
272,320_RTPV_3,1,10.7,0.0
272,313_RTPV_13,1,10.1,0.0
272,320_RTPV_4,1,11.0,0.0
272,320_RTPV_5,1,11.4,0.0
272,320_RTPV_6,1,3.8,0.0
272,309_WIND_1,1,1.5,0.0
272,317_WIND_1,1,692.2,0.0
272,303_WIND_1,1,227.4,0.0
273,301_CT_1,1,20.0,105.3672414
273,301_CT_2,1,20.0,105.3672414
273,301_CT_3,1,55.0,43.742886659999996
273,301_CT_4,1,55.0,43.742886659999996
273,302_CT_1,1,20.0,105.3672414
273,302_CT_2,1,20.0,105.3672414
273,302_CT_3,1,55.0,38.635079579999996
273,302_CT_4,1,55.0,38.635079579999996
273,307_CT_1,1,55.0,35.47476972
273,307_CT_2,1,55.0,35.47476972
273,313_CC_1,1,355.0,33.75273126
273,315_STEAM_1,1,12.0,124.09965539999999
273,315_STEAM_2,1,12.0,124.09965539999999
273,315_STEAM_3,1,12.0,124.09965539999999
273,315_STEAM_4,1,12.0,124.09965539999999
273,315_STEAM_5,1,12.0,124.09965539999999
273,315_CT_6,1,55.0,31.8557679
273,315_CT_7,1,55.0,31.8557679
273,315_CT_8,1,55.0,31.8557679
273,316_STEAM_1,1,155.0,27.274698980000004
273,318_CC_1,1,355.0,31.529241419999998
273,321_CC_1,1,355.0,33.94709226
273,322_CT_5,1,55.0,27.89469072
273,322_CT_6,1,55.0,27.89469072
273,323_CC_1,1,355.0,31.727489639999995
273,323_CC_2,1,355.0,31.727489639999995
273,322_HYDRO_1,1,13.6,0.0
273,322_HYDRO_2,1,13.6,0.0
273,322_HYDRO_3,1,13.6,0.0
273,322_HYDRO_4,1,13.6,0.0
273,320_PV_1,1,31.5,0.0
273,314_PV_1,1,32.1,0.0
273,314_PV_2,1,31.9,0.0
273,313_PV_1,1,53.4,0.0
273,314_PV_3,1,50.2,0.0
273,314_PV_4,1,29.7,0.0
273,313_PV_2,1,51.1,0.0
273,310_PV_1,1,28.4,0.0
273,324_PV_1,1,13.1,0.0
273,312_PV_1,1,51.7,0.0
273,310_PV_2,1,21.4,0.0
273,324_PV_2,1,33.4,0.0
273,324_PV_3,1,32.4,0.0
273,319_PV_1,1,133.0,0.0
273,308_RTPV_1,1,35.7,0.0
273,313_RTPV_1,1,36.2,0.0
273,313_RTPV_2,1,19.2,0.0
273,313_RTPV_3,1,21.8,0.0
273,313_RTPV_4,1,24.3,0.0
273,313_RTPV_5,1,24.7,0.0
273,313_RTPV_6,1,24.8,0.0
273,313_RTPV_7,1,15.1,0.0
273,313_RTPV_8,1,22.0,0.0
273,313_RTPV_9,1,15.7,0.0
273,313_RTPV_10,1,26.1,0.0
273,313_RTPV_11,1,25.0,0.0
273,313_RTPV_12,1,7.9,0.0
273,320_RTPV_1,1,10.7,0.0
273,320_RTPV_2,1,11.4,0.0
273,320_RTPV_3,1,11.3,0.0
273,313_RTPV_13,1,10.6,0.0
273,320_RTPV_4,1,11.6,0.0
273,320_RTPV_5,1,11.8,0.0
273,320_RTPV_6,1,4.0,0.0
273,309_WIND_1,1,1.0,0.0
273,317_WIND_1,1,668.5,0.0
273,303_WIND_1,1,230.8,0.0
274,301_CT_1,1,20.0,105.3672414
274,301_CT_2,1,20.0,105.3672414
274,301_CT_3,1,55.0,43.742886659999996
274,301_CT_4,1,55.0,43.742886659999996
274,302_CT_1,1,20.0,105.3672414
274,302_CT_2,1,20.0,105.3672414
274,302_CT_3,1,55.0,38.635079579999996
274,302_CT_4,1,55.0,38.635079579999996
274,307_CT_1,1,55.0,35.47476972
274,307_CT_2,1,55.0,35.47476972
274,313_CC_1,1,355.0,33.75273126
274,315_STEAM_1,1,12.0,124.09965539999999
274,315_STEAM_2,1,12.0,124.09965539999999
274,315_STEAM_3,1,12.0,124.09965539999999
274,315_STEAM_4,1,12.0,124.09965539999999
274,315_STEAM_5,1,12.0,124.09965539999999
274,315_CT_6,1,55.0,31.8557679
274,315_CT_7,1,55.0,31.8557679
274,315_CT_8,1,55.0,31.8557679
274,316_STEAM_1,1,155.0,27.274698980000004
274,318_CC_1,1,355.0,31.529241419999998
274,321_CC_1,1,355.0,33.94709226
274,322_CT_5,1,55.0,27.89469072
274,322_CT_6,1,55.0,27.89469072
274,323_CC_1,1,355.0,31.727489639999995
274,323_CC_2,1,355.0,31.727489639999995
274,322_HYDRO_1,1,12.667,0.0
274,322_HYDRO_2,1,12.667,0.0
274,322_HYDRO_3,1,12.667,0.0
274,322_HYDRO_4,1,12.667,0.0
274,320_PV_1,1,32.1,0.0
274,314_PV_1,1,32.7,0.0
274,314_PV_2,1,32.5,0.0
274,313_PV_1,1,54.9,0.0
274,314_PV_3,1,51.5,0.0
274,314_PV_4,1,29.8,0.0
274,313_PV_2,1,52.7,0.0
274,310_PV_1,1,28.9,0.0
274,324_PV_1,1,13.7,0.0
274,312_PV_1,1,53.2,0.0
274,310_PV_2,1,22.4,0.0
274,324_PV_2,1,34.1,0.0
274,324_PV_3,1,33.2,0.0
274,319_PV_1,1,134.9,0.0
274,308_RTPV_1,1,36.0,0.0
274,313_RTPV_1,1,38.3,0.0
274,313_RTPV_2,1,19.4,0.0
274,313_RTPV_3,1,22.9,0.0
274,313_RTPV_4,1,25.7,0.0
274,313_RTPV_5,1,25.9,0.0
274,313_RTPV_6,1,26.0,0.0
274,313_RTPV_7,1,15.6,0.0
274,313_RTPV_8,1,23.2,0.0
274,313_RTPV_9,1,14.1,0.0
274,313_RTPV_10,1,27.8,0.0
274,313_RTPV_11,1,26.4,0.0
274,313_RTPV_12,1,7.7,0.0
274,320_RTPV_1,1,11.2,0.0
274,320_RTPV_2,1,12.0,0.0
274,320_RTPV_3,1,11.8,0.0
274,313_RTPV_13,1,11.1,0.0
274,320_RTPV_4,1,12.3,0.0
274,320_RTPV_5,1,12.4,0.0
274,320_RTPV_6,1,4.2,0.0
274,309_WIND_1,1,2.5,0.0
274,317_WIND_1,1,645.4,0.0
274,303_WIND_1,1,237.3,0.0
275,301_CT_1,1,20.0,105.3672414
275,301_CT_2,1,20.0,105.3672414
275,301_CT_3,1,55.0,43.742886659999996
275,301_CT_4,1,55.0,43.742886659999996
275,302_CT_1,1,20.0,105.3672414
275,302_CT_2,1,20.0,105.3672414
275,302_CT_3,1,55.0,38.635079579999996
275,302_CT_4,1,55.0,38.635079579999996
275,307_CT_1,1,55.0,35.47476972
275,307_CT_2,1,55.0,35.47476972
275,313_CC_1,1,355.0,33.75273126
275,315_STEAM_1,1,12.0,124.09965539999999
275,315_STEAM_2,1,12.0,124.09965539999999
275,315_STEAM_3,1,12.0,124.09965539999999
275,315_STEAM_4,1,12.0,124.09965539999999
275,315_STEAM_5,1,12.0,124.09965539999999
275,315_CT_6,1,55.0,31.8557679
275,315_CT_7,1,55.0,31.8557679
275,315_CT_8,1,55.0,31.8557679
275,316_STEAM_1,1,155.0,27.274698980000004
275,318_CC_1,1,355.0,31.529241419999998
275,321_CC_1,1,355.0,33.94709226
275,322_CT_5,1,55.0,27.89469072
275,322_CT_6,1,55.0,27.89469072
275,323_CC_1,1,355.0,31.727489639999995
275,323_CC_2,1,355.0,31.727489639999995
275,322_HYDRO_1,1,11.732999999999999,0.0
275,322_HYDRO_2,1,11.732999999999999,0.0
275,322_HYDRO_3,1,11.732999999999999,0.0
275,322_HYDRO_4,1,11.732999999999999,0.0
275,320_PV_1,1,32.9,0.0
275,314_PV_1,1,33.1,0.0
275,314_PV_2,1,32.8,0.0
275,313_PV_1,1,56.3,0.0
275,314_PV_3,1,53.0,0.0
275,314_PV_4,1,30.0,0.0
275,313_PV_2,1,54.2,0.0
275,310_PV_1,1,29.4,0.0
275,324_PV_1,1,13.9,0.0
275,312_PV_1,1,54.7,0.0
275,310_PV_2,1,22.9,0.0
275,324_PV_2,1,34.7,0.0
275,324_PV_3,1,33.8,0.0
275,319_PV_1,1,137.1,0.0
275,308_RTPV_1,1,33.7,0.0
275,313_RTPV_1,1,40.2,0.0
275,313_RTPV_2,1,19.0,0.0
275,313_RTPV_3,1,24.0,0.0
275,313_RTPV_4,1,26.9,0.0
275,313_RTPV_5,1,27.0,0.0
275,313_RTPV_6,1,27.3,0.0
275,313_RTPV_7,1,15.8,0.0
275,313_RTPV_8,1,25.0,0.0
275,313_RTPV_9,1,10.5,0.0
275,313_RTPV_10,1,28.6,0.0
275,313_RTPV_11,1,27.8,0.0
275,313_RTPV_12,1,8.8,0.0
275,320_RTPV_1,1,11.7,0.0
275,320_RTPV_2,1,12.6,0.0
275,320_RTPV_3,1,12.3,0.0
275,313_RTPV_13,1,11.6,0.0
275,320_RTPV_4,1,12.8,0.0
275,320_RTPV_5,1,13.1,0.0
275,320_RTPV_6,1,4.4,0.0
275,309_WIND_1,1,3.3,0.0
275,317_WIND_1,1,631.3,0.0
275,303_WIND_1,1,242.7,0.0
276,301_CT_1,1,20.0,105.3672414
276,301_CT_2,1,20.0,105.3672414
276,301_CT_3,1,55.0,43.742886659999996
276,301_CT_4,1,55.0,43.742886659999996
276,302_CT_1,1,20.0,105.3672414
276,302_CT_2,1,20.0,105.3672414
276,302_CT_3,1,55.0,38.635079579999996
276,302_CT_4,1,55.0,38.635079579999996
276,307_CT_1,1,55.0,35.47476972
276,307_CT_2,1,55.0,35.47476972
276,313_CC_1,1,355.0,33.75273126
276,315_STEAM_1,1,12.0,124.09965539999999
276,315_STEAM_2,1,12.0,124.09965539999999
276,315_STEAM_3,1,12.0,124.09965539999999
276,315_STEAM_4,1,12.0,124.09965539999999
276,315_STEAM_5,1,12.0,124.09965539999999
276,315_CT_6,1,55.0,31.8557679
276,315_CT_7,1,55.0,31.8557679
276,315_CT_8,1,55.0,31.8557679
276,316_STEAM_1,1,155.0,27.274698980000004
276,318_CC_1,1,355.0,31.529241419999998
276,321_CC_1,1,355.0,33.94709226
276,322_CT_5,1,55.0,27.89469072
276,322_CT_6,1,55.0,27.89469072
276,323_CC_1,1,355.0,31.727489639999995
276,323_CC_2,1,355.0,31.727489639999995
276,322_HYDRO_1,1,10.8,0.0
276,322_HYDRO_2,1,10.8,0.0
276,322_HYDRO_3,1,10.8,0.0
276,322_HYDRO_4,1,10.8,0.0
276,320_PV_1,1,33.5,0.0
276,314_PV_1,1,33.6,0.0
276,314_PV_2,1,33.1,0.0
276,313_PV_1,1,57.7,0.0
276,314_PV_3,1,54.4,0.0
276,314_PV_4,1,30.5,0.0
276,313_PV_2,1,55.9,0.0
276,310_PV_1,1,30.3,0.0
276,324_PV_1,1,14.5,0.0
276,312_PV_1,1,56.0,0.0
276,310_PV_2,1,23.4,0.0
276,324_PV_2,1,35.1,0.0
276,324_PV_3,1,34.3,0.0
276,319_PV_1,1,139.4,0.0
276,308_RTPV_1,1,36.1,0.0
276,313_RTPV_1,1,42.1,0.0
276,313_RTPV_2,1,19.2,0.0
276,313_RTPV_3,1,24.8,0.0
276,313_RTPV_4,1,28.1,0.0
276,313_RTPV_5,1,28.1,0.0
276,313_RTPV_6,1,28.8,0.0
276,313_RTPV_7,1,16.3,0.0
276,313_RTPV_8,1,26.5,0.0
276,313_RTPV_9,1,9.6,0.0
276,313_RTPV_10,1,29.3,0.0
276,313_RTPV_11,1,29.1,0.0
276,313_RTPV_12,1,9.6,0.0
276,320_RTPV_1,1,12.0,0.0
276,320_RTPV_2,1,13.1,0.0
276,320_RTPV_3,1,12.8,0.0
276,313_RTPV_13,1,12.0,0.0
276,320_RTPV_4,1,13.3,0.0
276,320_RTPV_5,1,13.6,0.0
276,320_RTPV_6,1,4.5,0.0
276,309_WIND_1,1,0.3,0.0
276,317_WIND_1,1,620.2,0.0
276,303_WIND_1,1,250.0,0.0
277,301_CT_1,1,20.0,105.3672414
277,301_CT_2,1,20.0,105.3672414
277,301_CT_3,1,55.0,43.742886659999996
277,301_CT_4,1,55.0,43.742886659999996
277,302_CT_1,1,20.0,105.3672414
277,302_CT_2,1,20.0,105.3672414
277,302_CT_3,1,55.0,38.635079579999996
277,302_CT_4,1,55.0,38.635079579999996
277,307_CT_1,1,55.0,35.47476972
277,307_CT_2,1,55.0,35.47476972
277,313_CC_1,1,355.0,33.75273126
277,315_STEAM_1,1,12.0,124.09965539999999
277,315_STEAM_2,1,12.0,124.09965539999999
277,315_STEAM_3,1,12.0,124.09965539999999
277,315_STEAM_4,1,12.0,124.09965539999999
277,315_STEAM_5,1,12.0,124.09965539999999
277,315_CT_6,1,55.0,31.8557679
277,315_CT_7,1,55.0,31.8557679
277,315_CT_8,1,55.0,31.8557679
277,316_STEAM_1,1,155.0,27.274698980000004
277,318_CC_1,1,355.0,31.529241419999998
277,321_CC_1,1,355.0,33.94709226
277,322_CT_5,1,55.0,27.89469072
277,322_CT_6,1,55.0,27.89469072
277,323_CC_1,1,355.0,31.727489639999995
277,323_CC_2,1,355.0,31.727489639999995
277,322_HYDRO_1,1,11.2,0.0
277,322_HYDRO_2,1,11.2,0.0
277,322_HYDRO_3,1,11.2,0.0
277,322_HYDRO_4,1,11.2,0.0
277,320_PV_1,1,33.9,0.0
277,314_PV_1,1,33.6,0.0
277,314_PV_2,1,32.9,0.0
277,313_PV_1,1,59.0,0.0
277,314_PV_3,1,55.4,0.0
277,314_PV_4,1,31.2,0.0
277,313_PV_2,1,56.8,0.0
277,310_PV_1,1,31.7,0.0
277,324_PV_1,1,15.0,0.0
277,312_PV_1,1,57.4,0.0
277,310_PV_2,1,23.8,0.0
277,324_PV_2,1,35.4,0.0
277,324_PV_3,1,35.1,0.0
277,319_PV_1,1,140.9,0.0
277,308_RTPV_1,1,37.5,0.0
277,313_RTPV_1,1,43.7,0.0
277,313_RTPV_2,1,24.0,0.0
277,313_RTPV_3,1,25.8,0.0
277,313_RTPV_4,1,29.2,0.0
277,313_RTPV_5,1,29.0,0.0
277,313_RTPV_6,1,28.9,0.0
277,313_RTPV_7,1,20.5,0.0
277,313_RTPV_8,1,27.5,0.0
277,313_RTPV_9,1,16.3,0.0
277,313_RTPV_10,1,29.9,0.0
277,313_RTPV_11,1,30.2,0.0
277,313_RTPV_12,1,10.3,0.0
277,320_RTPV_1,1,12.7,0.0
277,320_RTPV_2,1,13.5,0.0
277,320_RTPV_3,1,13.2,0.0
277,313_RTPV_13,1,12.6,0.0
277,320_RTPV_4,1,13.7,0.0
277,320_RTPV_5,1,13.8,0.0
277,320_RTPV_6,1,4.7,0.0
277,309_WIND_1,1,0.4,0.0
277,317_WIND_1,1,607.8,0.0
277,303_WIND_1,1,249.1,0.0
278,301_CT_1,1,20.0,105.3672414
278,301_CT_2,1,20.0,105.3672414
278,301_CT_3,1,55.0,43.742886659999996
278,301_CT_4,1,55.0,43.742886659999996
278,302_CT_1,1,20.0,105.3672414
278,302_CT_2,1,20.0,105.3672414
278,302_CT_3,1,55.0,38.635079579999996
278,302_CT_4,1,55.0,38.635079579999996
278,307_CT_1,1,55.0,35.47476972
278,307_CT_2,1,55.0,35.47476972
278,313_CC_1,1,355.0,33.75273126
278,315_STEAM_1,1,12.0,124.09965539999999
278,315_STEAM_2,1,12.0,124.09965539999999
278,315_STEAM_3,1,12.0,124.09965539999999
278,315_STEAM_4,1,12.0,124.09965539999999
278,315_STEAM_5,1,12.0,124.09965539999999
278,315_CT_6,1,55.0,31.8557679
278,315_CT_7,1,55.0,31.8557679
278,315_CT_8,1,55.0,31.8557679
278,316_STEAM_1,1,155.0,27.274698980000004
278,318_CC_1,1,355.0,31.529241419999998
278,321_CC_1,1,355.0,33.94709226
278,322_CT_5,1,55.0,27.89469072
278,322_CT_6,1,55.0,27.89469072
278,323_CC_1,1,355.0,31.727489639999995
278,323_CC_2,1,355.0,31.727489639999995
278,322_HYDRO_1,1,11.6,0.0
278,322_HYDRO_2,1,11.6,0.0
278,322_HYDRO_3,1,11.6,0.0
278,322_HYDRO_4,1,11.6,0.0
278,320_PV_1,1,34.7,0.0
278,314_PV_1,1,33.3,0.0
278,314_PV_2,1,33.2,0.0
278,313_PV_1,1,59.8,0.0
278,314_PV_3,1,56.4,0.0
278,314_PV_4,1,31.8,0.0
278,313_PV_2,1,57.6,0.0
278,310_PV_1,1,32.0,0.0
278,324_PV_1,1,16.0,0.0
278,312_PV_1,1,58.0,0.0
278,310_PV_2,1,26.1,0.0
278,324_PV_2,1,35.7,0.0
278,324_PV_3,1,35.3,0.0
278,319_PV_1,1,141.8,0.0
278,308_RTPV_1,1,40.4,0.0
278,313_RTPV_1,1,45.2,0.0
278,313_RTPV_2,1,27.6,0.0
278,313_RTPV_3,1,26.7,0.0
278,313_RTPV_4,1,30.2,0.0
278,313_RTPV_5,1,29.9,0.0
278,313_RTPV_6,1,29.0,0.0
278,313_RTPV_7,1,23.5,0.0
278,313_RTPV_8,1,28.4,0.0
278,313_RTPV_9,1,21.4,0.0
278,313_RTPV_10,1,30.5,0.0
278,313_RTPV_11,1,31.1,0.0
278,313_RTPV_12,1,11.4,0.0
278,320_RTPV_1,1,13.3,0.0
278,320_RTPV_2,1,13.8,0.0
278,320_RTPV_3,1,13.5,0.0
278,313_RTPV_13,1,13.3,0.0
278,320_RTPV_4,1,14.1,0.0
278,320_RTPV_5,1,14.1,0.0
278,320_RTPV_6,1,4.9,0.0
278,309_WIND_1,1,1.1,0.0
278,317_WIND_1,1,573.2,0.0
278,303_WIND_1,1,243.5,0.0
279,301_CT_1,1,20.0,105.3672414
279,301_CT_2,1,20.0,105.3672414
279,301_CT_3,1,55.0,43.742886659999996
279,301_CT_4,1,55.0,43.742886659999996
279,302_CT_1,1,20.0,105.3672414
279,302_CT_2,1,20.0,105.3672414
279,302_CT_3,1,55.0,38.635079579999996
279,302_CT_4,1,55.0,38.635079579999996
279,307_CT_1,1,55.0,35.47476972
279,307_CT_2,1,55.0,35.47476972
279,313_CC_1,1,355.0,33.75273126
279,315_STEAM_1,1,12.0,124.09965539999999
279,315_STEAM_2,1,12.0,124.09965539999999
279,315_STEAM_3,1,12.0,124.09965539999999
279,315_STEAM_4,1,12.0,124.09965539999999
279,315_STEAM_5,1,12.0,124.09965539999999
279,315_CT_6,1,55.0,31.8557679
279,315_CT_7,1,55.0,31.8557679
279,315_CT_8,1,55.0,31.8557679
279,316_STEAM_1,1,155.0,27.274698980000004
279,318_CC_1,1,355.0,31.529241419999998
279,321_CC_1,1,355.0,33.94709226
279,322_CT_5,1,55.0,27.89469072
279,322_CT_6,1,55.0,27.89469072
279,323_CC_1,1,355.0,31.727489639999995
279,323_CC_2,1,355.0,31.727489639999995
279,322_HYDRO_1,1,12.0,0.0
279,322_HYDRO_2,1,12.0,0.0
279,322_HYDRO_3,1,12.0,0.0
279,322_HYDRO_4,1,12.0,0.0
279,320_PV_1,1,34.8,0.0
279,314_PV_1,1,32.3,0.0
279,314_PV_2,1,33.9,0.0
279,313_PV_1,1,60.5,0.0
279,314_PV_3,1,57.2,0.0
279,314_PV_4,1,32.1,0.0
279,313_PV_2,1,58.7,0.0
279,310_PV_1,1,32.1,0.0
279,324_PV_1,1,16.8,0.0
279,312_PV_1,1,58.8,0.0
279,310_PV_2,1,28.4,0.0
279,324_PV_2,1,35.8,0.0
279,324_PV_3,1,36.1,0.0
279,319_PV_1,1,142.3,0.0
279,308_RTPV_1,1,43.4,0.0
279,313_RTPV_1,1,46.7,0.0
279,313_RTPV_2,1,30.3,0.0
279,313_RTPV_3,1,27.5,0.0
279,313_RTPV_4,1,31.0,0.0
279,313_RTPV_5,1,30.8,0.0
279,313_RTPV_6,1,30.1,0.0
279,313_RTPV_7,1,25.3,0.0
279,313_RTPV_8,1,29.3,0.0
279,313_RTPV_9,1,24.4,0.0
279,313_RTPV_10,1,31.5,0.0
279,313_RTPV_11,1,31.7,0.0
279,313_RTPV_12,1,12.2,0.0
279,320_RTPV_1,1,13.7,0.0
279,320_RTPV_2,1,14.3,0.0
279,320_RTPV_3,1,14.0,0.0
279,313_RTPV_13,1,13.8,0.0
279,320_RTPV_4,1,14.5,0.0
279,320_RTPV_5,1,14.4,0.0
279,320_RTPV_6,1,5.1,0.0
279,309_WIND_1,1,2.0,0.0
279,317_WIND_1,1,546.2,0.0
279,303_WIND_1,1,247.8,0.0
280,301_CT_1,1,20.0,105.3672414
280,301_CT_2,1,20.0,105.3672414
280,301_CT_3,1,55.0,43.742886659999996
280,301_CT_4,1,55.0,43.742886659999996
280,302_CT_1,1,20.0,105.3672414
280,302_CT_2,1,20.0,105.3672414
280,302_CT_3,1,55.0,38.635079579999996
280,302_CT_4,1,55.0,38.635079579999996
280,307_CT_1,1,55.0,35.47476972
280,307_CT_2,1,55.0,35.47476972
280,313_CC_1,1,355.0,33.75273126
280,315_STEAM_1,1,12.0,124.09965539999999
280,315_STEAM_2,1,12.0,124.09965539999999
280,315_STEAM_3,1,12.0,124.09965539999999
280,315_STEAM_4,1,12.0,124.09965539999999
280,315_STEAM_5,1,12.0,124.09965539999999
280,315_CT_6,1,55.0,31.8557679
280,315_CT_7,1,55.0,31.8557679
280,315_CT_8,1,55.0,31.8557679
280,316_STEAM_1,1,155.0,27.274698980000004
280,318_CC_1,1,355.0,31.529241419999998
280,321_CC_1,1,355.0,33.94709226
280,322_CT_5,1,55.0,27.89469072
280,322_CT_6,1,55.0,27.89469072
280,323_CC_1,1,355.0,31.727489639999995
280,323_CC_2,1,355.0,31.727489639999995
280,322_HYDRO_1,1,12.4,0.0
280,322_HYDRO_2,1,12.4,0.0
280,322_HYDRO_3,1,12.4,0.0
280,322_HYDRO_4,1,12.4,0.0
280,320_PV_1,1,34.1,0.0
280,314_PV_1,1,31.9,0.0
280,314_PV_2,1,34.2,0.0
280,313_PV_1,1,61.1,0.0
280,314_PV_3,1,58.2,0.0
280,314_PV_4,1,32.6,0.0
280,313_PV_2,1,59.7,0.0
280,310_PV_1,1,31.9,0.0
280,324_PV_1,1,17.1,0.0
280,312_PV_1,1,59.8,0.0
280,310_PV_2,1,30.1,0.0
280,324_PV_2,1,35.8,0.0
280,324_PV_3,1,36.3,0.0
280,319_PV_1,1,142.8,0.0
280,308_RTPV_1,1,44.4,0.0
280,313_RTPV_1,1,47.8,0.0
280,313_RTPV_2,1,32.4,0.0
280,313_RTPV_3,1,28.2,0.0
280,313_RTPV_4,1,31.8,0.0
280,313_RTPV_5,1,31.7,0.0
280,313_RTPV_6,1,30.4,0.0
280,313_RTPV_7,1,26.2,0.0
280,313_RTPV_8,1,29.8,0.0
280,313_RTPV_9,1,26.1,0.0
280,313_RTPV_10,1,32.8,0.0
280,313_RTPV_11,1,32.0,0.0
280,313_RTPV_12,1,12.8,0.0
280,320_RTPV_1,1,14.2,0.0
280,320_RTPV_2,1,14.7,0.0
280,320_RTPV_3,1,14.4,0.0
280,313_RTPV_13,1,14.3,0.0
280,320_RTPV_4,1,14.9,0.0
280,320_RTPV_5,1,14.7,0.0
280,320_RTPV_6,1,5.1,0.0
280,309_WIND_1,1,2.3,0.0
280,317_WIND_1,1,540.4,0.0
280,303_WIND_1,1,252.6,0.0
281,301_CT_1,1,20.0,105.3672414
281,301_CT_2,1,20.0,105.3672414
281,301_CT_3,1,55.0,43.742886659999996
281,301_CT_4,1,55.0,43.742886659999996
281,302_CT_1,1,20.0,105.3672414
281,302_CT_2,1,20.0,105.3672414
281,302_CT_3,1,55.0,38.635079579999996
281,302_CT_4,1,55.0,38.635079579999996
281,307_CT_1,1,55.0,35.47476972
281,307_CT_2,1,55.0,35.47476972
281,313_CC_1,1,355.0,33.75273126
281,315_STEAM_1,1,12.0,124.09965539999999
281,315_STEAM_2,1,12.0,124.09965539999999
281,315_STEAM_3,1,12.0,124.09965539999999
281,315_STEAM_4,1,12.0,124.09965539999999
281,315_STEAM_5,1,12.0,124.09965539999999
281,315_CT_6,1,55.0,31.8557679
281,315_CT_7,1,55.0,31.8557679
281,315_CT_8,1,55.0,31.8557679
281,316_STEAM_1,1,155.0,27.274698980000004
281,318_CC_1,1,355.0,31.529241419999998
281,321_CC_1,1,355.0,33.94709226
281,322_CT_5,1,55.0,27.89469072
281,322_CT_6,1,55.0,27.89469072
281,323_CC_1,1,355.0,31.727489639999995
281,323_CC_2,1,355.0,31.727489639999995
281,322_HYDRO_1,1,12.8,0.0
281,322_HYDRO_2,1,12.8,0.0
281,322_HYDRO_3,1,12.8,0.0
281,322_HYDRO_4,1,12.8,0.0
281,320_PV_1,1,33.3,0.0
281,314_PV_1,1,31.7,0.0
281,314_PV_2,1,34.3,0.0
281,313_PV_1,1,61.8,0.0
281,314_PV_3,1,58.9,0.0
281,314_PV_4,1,32.9,0.0
281,313_PV_2,1,60.3,0.0
281,310_PV_1,1,31.4,0.0
281,324_PV_1,1,19.8,0.0
281,312_PV_1,1,60.4,0.0
281,310_PV_2,1,31.3,0.0
281,324_PV_2,1,36.0,0.0
281,324_PV_3,1,36.2,0.0
281,319_PV_1,1,143.5,0.0
281,308_RTPV_1,1,44.7,0.0
281,313_RTPV_1,1,49.3,0.0
281,313_RTPV_2,1,34.0,0.0
281,313_RTPV_3,1,28.9,0.0
281,313_RTPV_4,1,32.6,0.0
281,313_RTPV_5,1,32.5,0.0
281,313_RTPV_6,1,28.9,0.0
281,313_RTPV_7,1,26.6,0.0
281,313_RTPV_8,1,30.1,0.0
281,313_RTPV_9,1,27.7,0.0
281,313_RTPV_10,1,34.0,0.0
281,313_RTPV_11,1,32.1,0.0
281,313_RTPV_12,1,13.5,0.0
281,320_RTPV_1,1,14.5,0.0
281,320_RTPV_2,1,15.1,0.0
281,320_RTPV_3,1,14.8,0.0
281,313_RTPV_13,1,14.8,0.0
281,320_RTPV_4,1,15.3,0.0
281,320_RTPV_5,1,15.0,0.0
281,320_RTPV_6,1,5.2,0.0
281,309_WIND_1,1,1.5,0.0
281,317_WIND_1,1,509.6,0.0
281,303_WIND_1,1,261.9,0.0
282,301_CT_1,1,20.0,105.3672414
282,301_CT_2,1,20.0,105.3672414
282,301_CT_3,1,55.0,43.742886659999996
282,301_CT_4,1,55.0,43.742886659999996
282,302_CT_1,1,20.0,105.3672414
282,302_CT_2,1,20.0,105.3672414
282,302_CT_3,1,55.0,38.635079579999996
282,302_CT_4,1,55.0,38.635079579999996
282,307_CT_1,1,55.0,35.47476972
282,307_CT_2,1,55.0,35.47476972
282,313_CC_1,1,355.0,33.75273126
282,315_STEAM_1,1,12.0,124.09965539999999
282,315_STEAM_2,1,12.0,124.09965539999999
282,315_STEAM_3,1,12.0,124.09965539999999
282,315_STEAM_4,1,12.0,124.09965539999999
282,315_STEAM_5,1,12.0,124.09965539999999
282,315_CT_6,1,55.0,31.8557679
282,315_CT_7,1,55.0,31.8557679
282,315_CT_8,1,55.0,31.8557679
282,316_STEAM_1,1,155.0,27.274698980000004
282,318_CC_1,1,355.0,31.529241419999998
282,321_CC_1,1,355.0,33.94709226
282,322_CT_5,1,55.0,27.89469072
282,322_CT_6,1,55.0,27.89469072
282,323_CC_1,1,355.0,31.727489639999995
282,323_CC_2,1,355.0,31.727489639999995
282,322_HYDRO_1,1,13.2,0.0
282,322_HYDRO_2,1,13.2,0.0
282,322_HYDRO_3,1,13.2,0.0
282,322_HYDRO_4,1,13.2,0.0
282,320_PV_1,1,33.0,0.0
282,314_PV_1,1,31.4,0.0
282,314_PV_2,1,34.3,0.0
282,313_PV_1,1,62.3,0.0
282,314_PV_3,1,59.3,0.0
282,314_PV_4,1,33.1,0.0
282,313_PV_2,1,60.8,0.0
282,310_PV_1,1,30.6,0.0
282,324_PV_1,1,19.0,0.0
282,312_PV_1,1,60.7,0.0
282,310_PV_2,1,31.9,0.0
282,324_PV_2,1,36.3,0.0
282,324_PV_3,1,36.4,0.0
282,319_PV_1,1,144.1,0.0
282,308_RTPV_1,1,47.2,0.0
282,313_RTPV_1,1,50.6,0.0
282,313_RTPV_2,1,35.5,0.0
282,313_RTPV_3,1,29.4,0.0
282,313_RTPV_4,1,33.5,0.0
282,313_RTPV_5,1,33.3,0.0
282,313_RTPV_6,1,30.2,0.0
282,313_RTPV_7,1,26.7,0.0
282,313_RTPV_8,1,30.1,0.0
282,313_RTPV_9,1,28.5,0.0
282,313_RTPV_10,1,35.3,0.0
282,313_RTPV_11,1,32.1,0.0
282,313_RTPV_12,1,14.2,0.0
282,320_RTPV_1,1,15.0,0.0
282,320_RTPV_2,1,15.5,0.0
282,320_RTPV_3,1,15.3,0.0
282,313_RTPV_13,1,15.2,0.0
282,320_RTPV_4,1,15.7,0.0
282,320_RTPV_5,1,15.4,0.0
282,320_RTPV_6,1,5.3,0.0
282,309_WIND_1,1,2.4,0.0
282,317_WIND_1,1,464.9,0.0
282,303_WIND_1,1,265.2,0.0
283,301_CT_1,1,20.0,105.3672414
283,301_CT_2,1,20.0,105.3672414
283,301_CT_3,1,55.0,43.742886659999996
283,301_CT_4,1,55.0,43.742886659999996
283,302_CT_1,1,20.0,105.3672414
283,302_CT_2,1,20.0,105.3672414
283,302_CT_3,1,55.0,38.635079579999996
283,302_CT_4,1,55.0,38.635079579999996
283,307_CT_1,1,55.0,35.47476972
283,307_CT_2,1,55.0,35.47476972
283,313_CC_1,1,355.0,33.75273126
283,315_STEAM_1,1,12.0,124.09965539999999
283,315_STEAM_2,1,12.0,124.09965539999999
283,315_STEAM_3,1,12.0,124.09965539999999
283,315_STEAM_4,1,12.0,124.09965539999999
283,315_STEAM_5,1,12.0,124.09965539999999
283,315_CT_6,1,55.0,31.8557679
283,315_CT_7,1,55.0,31.8557679
283,315_CT_8,1,55.0,31.8557679
283,316_STEAM_1,1,155.0,27.274698980000004
283,318_CC_1,1,355.0,31.529241419999998
283,321_CC_1,1,355.0,33.94709226
283,322_CT_5,1,55.0,27.89469072
283,322_CT_6,1,55.0,27.89469072
283,323_CC_1,1,355.0,31.727489639999995
283,323_CC_2,1,355.0,31.727489639999995
283,322_HYDRO_1,1,13.6,0.0
283,322_HYDRO_2,1,13.6,0.0
283,322_HYDRO_3,1,13.6,0.0
283,322_HYDRO_4,1,13.6,0.0
283,320_PV_1,1,32.3,0.0
283,314_PV_1,1,31.2,0.0
283,314_PV_2,1,34.6,0.0
283,313_PV_1,1,62.9,0.0
283,314_PV_3,1,59.7,0.0
283,314_PV_4,1,33.4,0.0
283,313_PV_2,1,61.4,0.0
283,310_PV_1,1,29.8,0.0
283,324_PV_1,1,20.3,0.0
283,312_PV_1,1,61.7,0.0
283,310_PV_2,1,32.8,0.0
283,324_PV_2,1,36.4,0.0
283,324_PV_3,1,36.3,0.0
283,319_PV_1,1,144.4,0.0
283,308_RTPV_1,1,49.4,0.0
283,313_RTPV_1,1,51.8,0.0
283,313_RTPV_2,1,37.0,0.0
283,313_RTPV_3,1,29.9,0.0
283,313_RTPV_4,1,34.8,0.0
283,313_RTPV_5,1,34.4,0.0
283,313_RTPV_6,1,31.2,0.0
283,313_RTPV_7,1,26.6,0.0
283,313_RTPV_8,1,30.2,0.0
283,313_RTPV_9,1,29.3,0.0
283,313_RTPV_10,1,36.9,0.0
283,313_RTPV_11,1,32.5,0.0
283,313_RTPV_12,1,15.1,0.0
283,320_RTPV_1,1,15.3,0.0
283,320_RTPV_2,1,16.0,0.0
283,320_RTPV_3,1,15.7,0.0
283,313_RTPV_13,1,15.7,0.0
283,320_RTPV_4,1,16.3,0.0
283,320_RTPV_5,1,15.8,0.0
283,320_RTPV_6,1,5.4,0.0
283,309_WIND_1,1,2.8,0.0
283,317_WIND_1,1,431.1,0.0
283,303_WIND_1,1,254.7,0.0
284,301_CT_1,1,20.0,105.3672414
284,301_CT_2,1,20.0,105.3672414
284,301_CT_3,1,55.0,43.742886659999996
284,301_CT_4,1,55.0,43.742886659999996
284,302_CT_1,1,20.0,105.3672414
284,302_CT_2,1,20.0,105.3672414
284,302_CT_3,1,55.0,38.635079579999996
284,302_CT_4,1,55.0,38.635079579999996
284,307_CT_1,1,55.0,35.47476972
284,307_CT_2,1,55.0,35.47476972
284,313_CC_1,1,355.0,33.75273126
284,315_STEAM_1,1,12.0,124.09965539999999
284,315_STEAM_2,1,12.0,124.09965539999999
284,315_STEAM_3,1,12.0,124.09965539999999
284,315_STEAM_4,1,12.0,124.09965539999999
284,315_STEAM_5,1,12.0,124.09965539999999
284,315_CT_6,1,55.0,31.8557679
284,315_CT_7,1,55.0,31.8557679
284,315_CT_8,1,55.0,31.8557679
284,316_STEAM_1,1,155.0,27.274698980000004
284,318_CC_1,1,355.0,31.529241419999998
284,321_CC_1,1,355.0,33.94709226
284,322_CT_5,1,55.0,27.89469072
284,322_CT_6,1,55.0,27.89469072
284,323_CC_1,1,355.0,31.727489639999995
284,323_CC_2,1,355.0,31.727489639999995
284,322_HYDRO_1,1,14.0,0.0
284,322_HYDRO_2,1,14.0,0.0
284,322_HYDRO_3,1,14.0,0.0
284,322_HYDRO_4,1,14.0,0.0
284,320_PV_1,1,32.1,0.0
284,314_PV_1,1,31.0,0.0
284,314_PV_2,1,34.9,0.0
284,313_PV_1,1,63.8,0.0
284,314_PV_3,1,60.4,0.0
284,314_PV_4,1,33.8,0.0
284,313_PV_2,1,62.5,0.0
284,310_PV_1,1,29.3,0.0
284,324_PV_1,1,25.5,0.0
284,312_PV_1,1,62.0,0.0
284,310_PV_2,1,33.6,0.0
284,324_PV_2,1,36.5,0.0
284,324_PV_3,1,36.3,0.0
284,319_PV_1,1,142.9,0.0
284,308_RTPV_1,1,52.6,0.0
284,313_RTPV_1,1,53.2,0.0
284,313_RTPV_2,1,38.2,0.0
284,313_RTPV_3,1,30.1,0.0
284,313_RTPV_4,1,35.8,0.0
284,313_RTPV_5,1,35.3,0.0
284,313_RTPV_6,1,32.5,0.0
284,313_RTPV_7,1,26.4,0.0
284,313_RTPV_8,1,30.2,0.0
284,313_RTPV_9,1,29.7,0.0
284,313_RTPV_10,1,38.2,0.0
284,313_RTPV_11,1,32.8,0.0
284,313_RTPV_12,1,15.6,0.0
284,320_RTPV_1,1,15.6,0.0
284,320_RTPV_2,1,16.3,0.0
284,320_RTPV_3,1,16.0,0.0
284,313_RTPV_13,1,16.1,0.0
284,320_RTPV_4,1,16.8,0.0
284,320_RTPV_5,1,16.2,0.0
284,320_RTPV_6,1,5.5,0.0
284,309_WIND_1,1,1.8,0.0
284,317_WIND_1,1,412.5,0.0
284,303_WIND_1,1,244.5,0.0
285,301_CT_1,1,20.0,105.3672414
285,301_CT_2,1,20.0,105.3672414
285,301_CT_3,1,55.0,43.742886659999996
285,301_CT_4,1,55.0,43.742886659999996
285,302_CT_1,1,20.0,105.3672414
285,302_CT_2,1,20.0,105.3672414
285,302_CT_3,1,55.0,38.635079579999996
285,302_CT_4,1,55.0,38.635079579999996
285,307_CT_1,1,55.0,35.47476972
285,307_CT_2,1,55.0,35.47476972
285,313_CC_1,1,355.0,33.75273126
285,315_STEAM_1,1,12.0,124.09965539999999
285,315_STEAM_2,1,12.0,124.09965539999999
285,315_STEAM_3,1,12.0,124.09965539999999
285,315_STEAM_4,1,12.0,124.09965539999999
285,315_STEAM_5,1,12.0,124.09965539999999
285,315_CT_6,1,55.0,31.8557679
285,315_CT_7,1,55.0,31.8557679
285,315_CT_8,1,55.0,31.8557679
285,316_STEAM_1,1,155.0,27.274698980000004
285,318_CC_1,1,355.0,31.529241419999998
285,321_CC_1,1,355.0,33.94709226
285,322_CT_5,1,55.0,27.89469072
285,322_CT_6,1,55.0,27.89469072
285,323_CC_1,1,355.0,31.727489639999995
285,323_CC_2,1,355.0,31.727489639999995
285,322_HYDRO_1,1,14.4,0.0
285,322_HYDRO_2,1,14.4,0.0
285,322_HYDRO_3,1,14.4,0.0
285,322_HYDRO_4,1,14.4,0.0
285,320_PV_1,1,32.2,0.0
285,314_PV_1,1,31.0,0.0
285,314_PV_2,1,34.7,0.0
285,313_PV_1,1,64.4,0.0
285,314_PV_3,1,61.0,0.0
285,314_PV_4,1,34.2,0.0
285,313_PV_2,1,63.4,0.0
285,310_PV_1,1,29.3,0.0
285,324_PV_1,1,30.4,0.0
285,312_PV_1,1,62.4,0.0
285,310_PV_2,1,34.3,0.0
285,324_PV_2,1,36.5,0.0
285,324_PV_3,1,36.2,0.0
285,319_PV_1,1,142.6,0.0
285,308_RTPV_1,1,54.8,0.0
285,313_RTPV_1,1,53.9,0.0
285,313_RTPV_2,1,39.3,0.0
285,313_RTPV_3,1,30.3,0.0
285,313_RTPV_4,1,36.7,0.0
285,313_RTPV_5,1,36.1,0.0
285,313_RTPV_6,1,31.0,0.0
285,313_RTPV_7,1,26.0,0.0
285,313_RTPV_8,1,29.6,0.0
285,313_RTPV_9,1,30.0,0.0
285,313_RTPV_10,1,39.3,0.0
285,313_RTPV_11,1,32.9,0.0
285,313_RTPV_12,1,14.7,0.0
285,320_RTPV_1,1,15.9,0.0
285,320_RTPV_2,1,16.5,0.0
285,320_RTPV_3,1,16.4,0.0
285,313_RTPV_13,1,16.4,0.0
285,320_RTPV_4,1,17.3,0.0
285,320_RTPV_5,1,16.5,0.0
285,320_RTPV_6,1,5.7,0.0
285,309_WIND_1,1,1.1,0.0
285,317_WIND_1,1,388.5,0.0
285,303_WIND_1,1,240.8,0.0
286,301_CT_1,1,20.0,105.3672414
286,301_CT_2,1,20.0,105.3672414
286,301_CT_3,1,55.0,43.742886659999996
286,301_CT_4,1,55.0,43.742886659999996
286,302_CT_1,1,20.0,105.3672414
286,302_CT_2,1,20.0,105.3672414
286,302_CT_3,1,55.0,38.635079579999996
286,302_CT_4,1,55.0,38.635079579999996
286,307_CT_1,1,55.0,35.47476972
286,307_CT_2,1,55.0,35.47476972
286,313_CC_1,1,355.0,33.75273126
286,315_STEAM_1,1,12.0,124.09965539999999
286,315_STEAM_2,1,12.0,124.09965539999999
286,315_STEAM_3,1,12.0,124.09965539999999
286,315_STEAM_4,1,12.0,124.09965539999999
286,315_STEAM_5,1,12.0,124.09965539999999
286,315_CT_6,1,55.0,31.8557679
286,315_CT_7,1,55.0,31.8557679
286,315_CT_8,1,55.0,31.8557679
286,316_STEAM_1,1,155.0,27.274698980000004
286,318_CC_1,1,355.0,31.529241419999998
286,321_CC_1,1,355.0,33.94709226
286,322_CT_5,1,55.0,27.89469072
286,322_CT_6,1,55.0,27.89469072
286,323_CC_1,1,355.0,31.727489639999995
286,323_CC_2,1,355.0,31.727489639999995
286,322_HYDRO_1,1,14.8,0.0
286,322_HYDRO_2,1,14.8,0.0
286,322_HYDRO_3,1,14.8,0.0
286,322_HYDRO_4,1,14.8,0.0
286,320_PV_1,1,32.3,0.0
286,314_PV_1,1,30.6,0.0
286,314_PV_2,1,34.7,0.0
286,313_PV_1,1,65.0,0.0
286,314_PV_3,1,61.7,0.0
286,314_PV_4,1,34.4,0.0
286,313_PV_2,1,64.0,0.0
286,310_PV_1,1,29.3,0.0
286,324_PV_1,1,34.7,0.0
286,312_PV_1,1,62.8,0.0
286,310_PV_2,1,35.1,0.0
286,324_PV_2,1,36.0,0.0
286,324_PV_3,1,35.5,0.0
286,319_PV_1,1,143.1,0.0
286,308_RTPV_1,1,55.4,0.0
286,313_RTPV_1,1,54.7,0.0
286,313_RTPV_2,1,40.3,0.0
286,313_RTPV_3,1,30.6,0.0
286,313_RTPV_4,1,37.5,0.0
286,313_RTPV_5,1,36.9,0.0
286,313_RTPV_6,1,29.9,0.0
286,313_RTPV_7,1,25.3,0.0
286,313_RTPV_8,1,29.4,0.0
286,313_RTPV_9,1,30.1,0.0
286,313_RTPV_10,1,40.2,0.0
286,313_RTPV_11,1,33.0,0.0
286,313_RTPV_12,1,11.7,0.0
286,320_RTPV_1,1,16.2,0.0
286,320_RTPV_2,1,16.8,0.0
286,320_RTPV_3,1,16.7,0.0
286,313_RTPV_13,1,16.7,0.0
286,320_RTPV_4,1,17.7,0.0
286,320_RTPV_5,1,16.7,0.0
286,320_RTPV_6,1,5.8,0.0
286,309_WIND_1,1,0.6,0.0
286,317_WIND_1,1,343.8,0.0
286,303_WIND_1,1,245.3,0.0
287,301_CT_1,1,20.0,105.3672414
287,301_CT_2,1,20.0,105.3672414
287,301_CT_3,1,55.0,43.742886659999996
287,301_CT_4,1,55.0,43.742886659999996
287,302_CT_1,1,20.0,105.3672414
287,302_CT_2,1,20.0,105.3672414
287,302_CT_3,1,55.0,38.635079579999996
287,302_CT_4,1,55.0,38.635079579999996
287,307_CT_1,1,55.0,35.47476972
287,307_CT_2,1,55.0,35.47476972
287,313_CC_1,1,355.0,33.75273126
287,315_STEAM_1,1,12.0,124.09965539999999
287,315_STEAM_2,1,12.0,124.09965539999999
287,315_STEAM_3,1,12.0,124.09965539999999
287,315_STEAM_4,1,12.0,124.09965539999999
287,315_STEAM_5,1,12.0,124.09965539999999
287,315_CT_6,1,55.0,31.8557679
287,315_CT_7,1,55.0,31.8557679
287,315_CT_8,1,55.0,31.8557679
287,316_STEAM_1,1,155.0,27.274698980000004
287,318_CC_1,1,355.0,31.529241419999998
287,321_CC_1,1,355.0,33.94709226
287,322_CT_5,1,55.0,27.89469072
287,322_CT_6,1,55.0,27.89469072
287,323_CC_1,1,355.0,31.727489639999995
287,323_CC_2,1,355.0,31.727489639999995
287,322_HYDRO_1,1,15.2,0.0
287,322_HYDRO_2,1,15.2,0.0
287,322_HYDRO_3,1,15.2,0.0
287,322_HYDRO_4,1,15.2,0.0
287,320_PV_1,1,32.2,0.0
287,314_PV_1,1,30.4,0.0
287,314_PV_2,1,34.9,0.0
287,313_PV_1,1,65.6,0.0
287,314_PV_3,1,62.4,0.0
287,314_PV_4,1,34.5,0.0
287,313_PV_2,1,64.5,0.0
287,310_PV_1,1,29.5,0.0
287,324_PV_1,1,37.0,0.0
287,312_PV_1,1,63.2,0.0
287,310_PV_2,1,36.0,0.0
287,324_PV_2,1,35.5,0.0
287,324_PV_3,1,34.9,0.0
287,319_PV_1,1,143.5,0.0
287,308_RTPV_1,1,56.9,0.0
287,313_RTPV_1,1,55.6,0.0
287,313_RTPV_2,1,41.3,0.0
287,313_RTPV_3,1,30.7,0.0
287,313_RTPV_4,1,38.3,0.0
287,313_RTPV_5,1,37.6,0.0
287,313_RTPV_6,1,31.4,0.0
287,313_RTPV_7,1,24.4,0.0
287,313_RTPV_8,1,29.2,0.0
287,313_RTPV_9,1,30.4,0.0
287,313_RTPV_10,1,40.9,0.0
287,313_RTPV_11,1,33.1,0.0
287,313_RTPV_12,1,12.4,0.0
287,320_RTPV_1,1,16.5,0.0
287,320_RTPV_2,1,17.1,0.0
287,320_RTPV_3,1,17.1,0.0
287,313_RTPV_13,1,17.0,0.0
287,320_RTPV_4,1,18.1,0.0
287,320_RTPV_5,1,17.0,0.0
287,320_RTPV_6,1,5.8,0.0
287,309_WIND_1,1,1.8,0.0
287,317_WIND_1,1,302.9,0.0
287,303_WIND_1,1,239.2,0.0
288,301_CT_1,1,20.0,105.3672414
288,301_CT_2,1,20.0,105.3672414
288,301_CT_3,1,55.0,43.742886659999996
288,301_CT_4,1,55.0,43.742886659999996
288,302_CT_1,1,20.0,105.3672414
288,302_CT_2,1,20.0,105.3672414
288,302_CT_3,1,55.0,38.635079579999996
288,302_CT_4,1,55.0,38.635079579999996
288,307_CT_1,1,55.0,35.47476972
288,307_CT_2,1,55.0,35.47476972
288,313_CC_1,1,355.0,33.75273126
288,315_STEAM_1,1,12.0,124.09965539999999
288,315_STEAM_2,1,12.0,124.09965539999999
288,315_STEAM_3,1,12.0,124.09965539999999
288,315_STEAM_4,1,12.0,124.09965539999999
288,315_STEAM_5,1,12.0,124.09965539999999
288,315_CT_6,1,55.0,31.8557679
288,315_CT_7,1,55.0,31.8557679
288,315_CT_8,1,55.0,31.8557679
288,316_STEAM_1,1,155.0,27.274698980000004
288,318_CC_1,1,355.0,31.529241419999998
288,321_CC_1,1,355.0,33.94709226
288,322_CT_5,1,55.0,27.89469072
288,322_CT_6,1,55.0,27.89469072
288,323_CC_1,1,355.0,31.727489639999995
288,323_CC_2,1,355.0,31.727489639999995
288,322_HYDRO_1,1,15.6,0.0
288,322_HYDRO_2,1,15.6,0.0
288,322_HYDRO_3,1,15.6,0.0
288,322_HYDRO_4,1,15.6,0.0
288,320_PV_1,1,31.9,0.0
288,314_PV_1,1,30.6,0.0
288,314_PV_2,1,35.4,0.0
288,313_PV_1,1,66.2,0.0
288,314_PV_3,1,63.0,0.0
288,314_PV_4,1,34.8,0.0
288,313_PV_2,1,64.6,0.0
288,310_PV_1,1,29.7,0.0
288,324_PV_1,1,38.7,0.0
288,312_PV_1,1,63.2,0.0
288,310_PV_2,1,36.5,0.0
288,324_PV_2,1,35.5,0.0
288,324_PV_3,1,35.0,0.0
288,319_PV_1,1,143.7,0.0
288,308_RTPV_1,1,59.2,0.0
288,313_RTPV_1,1,56.7,0.0
288,313_RTPV_2,1,42.3,0.0
288,313_RTPV_3,1,31.0,0.0
288,313_RTPV_4,1,39.0,0.0
288,313_RTPV_5,1,38.2,0.0
288,313_RTPV_6,1,31.3,0.0
288,313_RTPV_7,1,23.6,0.0
288,313_RTPV_8,1,29.0,0.0
288,313_RTPV_9,1,30.6,0.0
288,313_RTPV_10,1,41.4,0.0
288,313_RTPV_11,1,32.9,0.0
288,313_RTPV_12,1,13.7,0.0
288,320_RTPV_1,1,16.8,0.0
288,320_RTPV_2,1,17.4,0.0
288,320_RTPV_3,1,17.4,0.0
288,313_RTPV_13,1,17.3,0.0
288,320_RTPV_4,1,18.5,0.0
288,320_RTPV_5,1,17.2,0.0
288,320_RTPV_6,1,5.9,0.0
288,309_WIND_1,1,1.6,0.0
288,317_WIND_1,1,269.3,0.0
288,303_WIND_1,1,236.9,0.0
